0.000000 312 93
0.040000 312 93
0.080000 312 93
0.120000 312 93
0.160000 312 93
0.200000 312 93
0.240000 312 93
0.280000 312 93
0.320000 312 93
0.360000 312 93
0.400000 312 93
0.440000 312 93
0.480000 312 93
0.520000 312 93
0.560000 312 93
0.600000 312 93
0.640000 312 93
0.680000 312 93
0.720000 312 93
0.760000 312 93
0.800000 312 93
0.840000 312 93
0.880000 312 93
0.920000 312 93
0.960000 312 93
1.000000 312 93
1.040000 308 90
1.080000 302 84
1.120000 320 82
1.160000 310 87
1.200000 303 88
1.240000 297 87
1.280000 288 87
1.320000 283 87
1.360000 277 92
1.400000 272 93
1.440000 268 92
1.480000 263 89
1.520000 260 87
1.560000 257 86
1.600000 251 86
1.640000 247 86
1.680000 245 87
1.720000 241 87
1.760000 240 86
1.800000 238 87
1.840000 234 87
1.880000 227 87
1.920000 236 86
1.960000 235 85
2.000000 232 83
2.040000 230 82
2.080000 225 82
2.120000 218 85
2.160000 209 85
2.200000 198 86
2.240000 191 85
2.280000 184 86
2.320000 184 87
2.360000 171 91
2.400000 168 89
2.440000 184 82
2.480000 158 83
2.520000 179 82
2.560000 150 83
2.600000 147 83
2.640000 142 83
2.680000 138 83
2.720000 138 83
2.760000 136 83
2.800000 134 87
2.840000 134 85
2.880000 133 83
2.920000 132 82
2.960000 131 82
3.000000 127 82
3.040000 122 82
3.080000 116 82
3.120000 106 83
3.160000 93 83
3.200000 87 82
3.240000 84 84
3.280000 80 87
3.320000 73 89
3.360000 66 88
3.400000 64 87
3.440000 60 84
3.480000 55 83
3.520000 51 82
3.560000 48 83
3.600000 44 85
3.640000 44 83
3.680000 41 83
3.720000 39 83
3.760000 38 87
3.800000 38 85
3.840000 37 84
3.880000 35 83
3.920000 34 82
3.960000 32 82
4.000000 28 83
4.040000 23 84
4.080000 14 86
4.120000 7 87
4.160000 7 87
4.200000 7 87
4.240000 7 87
4.280000 7 87
4.320000 7 87
4.360000 7 87
4.400000 7 87
4.440000 7 87
4.480000 7 87
4.520000 7 87
4.560000 7 87
4.600000 7 87
