1.840000 320 119
1.880000 320 118
1.920000 320 115
1.960000 310 118
2.000000 305 118
2.040000 302 120
2.080000 297 121
2.120000 294 121
2.160000 288 119
2.200000 284 118
2.240000 282 118
2.280000 277 117
2.320000 271 117
2.360000 266 118
2.400000 262 118
2.440000 257 118
2.480000 251 119
2.520000 247 119
2.560000 242 119
2.600000 237 119
2.640000 234 118
2.680000 231 117
2.720000 225 115
2.760000 221 114
2.800000 215 114
2.840000 210 114
2.880000 205 115
2.920000 199 114
2.960000 192 116
3.000000 189 118
3.040000 184 119
3.080000 175 119
3.120000 170 119
3.160000 166 117
3.200000 162 116
3.240000 158 115
3.280000 153 113
3.320000 145 114
3.360000 139 113
3.400000 133 114
3.440000 127 114
3.480000 122 117
3.520000 121 118
3.560000 116 118
3.600000 112 117
3.640000 107 113
3.680000 103 115
3.720000 96 117
3.760000 90 116
3.800000 86 115
3.840000 80 115
3.880000 75 115
3.920000 73 118
3.960000 67 119
4.000000 62 119
4.040000 56 118
4.080000 52 117
4.120000 49 118
4.160000 43 114
4.200000 38 114
4.240000 40 113
4.280000 34 113
4.320000 22 113
4.360000 18 113
4.400000 15 115
4.440000 12 117
4.480000 8 117
4.560000 2 118
4.640000 2 118
4.680000 2 115
