0.000000 313 118
0.040000 313 118
0.080000 313 118
0.120000 313 118
0.160000 313 118
0.200000 313 118
0.240000 313 118
0.280000 313 118
0.320000 313 118
0.360000 313 118
0.400000 313 118
0.440000 313 118
0.480000 313 118
0.520000 313 118
0.560000 313 118
0.600000 313 118
0.640000 313 118
0.680000 313 118
0.720000 313 118
0.760000 313 118
0.800000 313 118
0.840000 313 118
0.880000 313 118
0.920000 313 118
0.960000 313 118
1.000000 313 118
1.040000 313 118
1.080000 313 118
1.120000 313 118
1.160000 313 118
1.200000 313 118
1.240000 313 118
1.280000 313 118
1.320000 313 118
1.360000 299 121
1.400000 314 118
1.440000 314 116
1.480000 314 114
1.520000 309 114
1.560000 308 113
1.600000 304 113
1.640000 299 112
1.680000 294 111
1.720000 288 110
1.760000 279 111
1.800000 272 112
1.840000 262 113
1.880000 255 117
1.920000 245 117
1.960000 236 116
2.000000 226 117
2.040000 218 117
2.080000 210 117
2.120000 205 117
2.160000 201 115
2.200000 199 115
2.240000 195 114
2.280000 195 113
2.320000 194 114
2.360000 194 115
2.400000 192 113
2.440000 190 113
2.480000 189 112
2.520000 188 111
2.560000 184 109
2.600000 179 109
2.640000 173 109
2.680000 168 108
2.720000 160 108
2.760000 152 108
2.800000 143 110
2.840000 132 113
2.880000 122 112
2.920000 112 113
2.960000 101 114
3.000000 92 114
3.040000 85 115
3.080000 77 117
3.120000 72 117
3.160000 69 117
3.200000 65 115
3.240000 63 113
3.280000 62 113
3.320000 62 113
3.360000 63 113
3.400000 63 113
3.440000 60 113
3.480000 60 111
3.520000 59 109
3.560000 55 111
3.600000 53 111
3.640000 49 109
3.680000 44 108
3.720000 38 108
3.760000 30 108
3.800000 23 108
3.840000 14 109
3.880000 8 112
3.920000 1 115
3.960000 2 117
4.000000 6 117
4.040000 10 117
4.080000 14 117
4.120000 14 117
4.160000 14 117
4.200000 14 117
4.240000 14 117
4.280000 14 117
4.320000 14 117
4.360000 14 117
4.400000 14 117
4.440000 14 117
4.480000 14 117
4.520000 14 117
4.560000 14 117
4.600000 14 117
4.640000 14 117
4.680000 14 117
