0.000000 314 155
0.040000 314 155
0.080000 314 155
0.120000 314 155
0.160000 314 155
0.200000 314 155
0.240000 314 155
0.280000 314 155
0.320000 314 155
0.360000 314 155
0.400000 314 155
0.440000 314 155
0.480000 314 155
0.520000 314 155
0.560000 314 155
0.600000 314 155
0.640000 314 155
0.680000 314 155
0.720000 314 155
0.760000 314 155
0.800000 314 155
0.840000 314 155
0.880000 314 155
0.920000 314 155
0.960000 314 155
1.000000 314 155
1.040000 314 155
1.080000 314 155
1.120000 314 155
1.160000 314 155
1.200000 314 155
1.240000 314 155
1.280000 314 155
1.320000 314 155
1.360000 310 158
1.400000 304 156
1.440000 299 155
1.480000 295 155
1.520000 292 154
1.560000 288 154
1.600000 283 154
1.640000 278 154
1.680000 273 154
1.720000 268 154
1.760000 264 155
1.800000 262 156
1.840000 257 158
1.880000 253 159
1.920000 247 159
1.960000 244 156
2.000000 239 155
2.040000 234 154
2.080000 229 154
2.120000 224 154
2.160000 218 155
2.200000 212 155
2.240000 208 155
2.280000 203 156
2.320000 198 157
2.360000 194 159
2.400000 190 158
2.440000 184 159
2.480000 181 158
2.520000 175 156
2.560000 169 155
2.600000 165 155
2.640000 160 155
2.680000 156 154
2.720000 149 155
2.760000 143 155
2.800000 137 155
2.840000 133 157
2.880000 132 159
2.920000 131 159
2.960000 126 159
3.000000 121 158
3.040000 117 155
3.080000 112 155
3.120000 107 154
3.160000 102 154
3.200000 97 154
3.240000 92 154
3.280000 90 154
3.320000 84 155
3.360000 80 156
3.400000 75 158
3.440000 70 156
3.480000 65 155
3.520000 61 155
3.560000 55 155
3.600000 50 154
3.640000 45 154
3.680000 43 154
3.720000 38 154
3.760000 34 154
3.800000 29 154
3.840000 26 154
3.880000 23 154
3.920000 19 154
3.960000 18 154
4.000000 13 152
4.040000 11 150
4.080000 7 149
4.120000 7 149
4.160000 7 149
4.200000 7 149
4.240000 7 149
4.280000 7 149
4.320000 7 149
4.360000 7 149
4.400000 7 149
4.440000 7 149
4.480000 7 149
4.520000 7 149
4.560000 7 149
4.600000 7 149
4.640000 7 149
4.680000 7 149
