0.240000 320 115
0.280000 320 112
0.320000 314 112
0.360000 309 113
0.400000 299 114
0.440000 296 114
0.480000 294 114
0.520000 289 115
0.560000 286 115
0.600000 283 114
0.640000 279 115
0.680000 277 113
0.720000 273 113
0.760000 270 112
0.800000 266 111
0.840000 262 112
0.880000 256 113
0.920000 252 113
0.960000 247 113
1.000000 242 113
1.040000 237 113
1.080000 234 113
1.120000 232 113
1.160000 230 113
1.200000 225 113
1.240000 220 111
1.280000 216 111
1.320000 210 111
1.360000 205 111
1.400000 195 110
1.440000 194 111
1.480000 188 112
1.520000 183 113
1.560000 177 113
1.600000 171 113
1.640000 167 113
1.680000 163 113
1.720000 158 110
1.760000 154 108
1.800000 149 109
1.840000 143 108
1.880000 136 108
1.920000 131 109
1.960000 127 110
2.000000 122 113
2.040000 119 113
2.080000 114 113
2.120000 111 113
2.160000 107 113
2.200000 104 113
2.240000 99 111
2.280000 95 110
2.320000 89 109
2.360000 83 109
2.400000 76 111
2.440000 73 112
2.480000 69 111
2.520000 65 113
2.560000 60 113
2.600000 57 113
2.640000 53 113
2.680000 49 113
2.720000 44 111
2.760000 40 109
2.800000 36 109
2.840000 31 109
2.880000 27 109
2.920000 21 111
2.960000 18 112
3.000000 14 113
3.040000 12 113
3.080000 8 113
3.200000 2 113
3.240000 2 113
