0.200000 294 67
0.240000 289 67
0.280000 286 65
0.320000 283 64
0.360000 283 62
0.400000 283 62
0.440000 316 66
0.480000 282 61
0.520000 282 61
0.560000 281 65
0.600000 283 64
0.640000 283 63
0.680000 282 63
0.720000 282 62
0.760000 282 62
0.800000 281 64
0.840000 279 65
0.880000 277 67
0.920000 271 70
0.960000 262 72
1.000000 253 71
1.040000 245 70
1.080000 231 61
1.120000 220 61
1.160000 208 61
1.200000 197 61
1.240000 231 56
1.280000 183 61
1.320000 179 61
1.360000 179 59
1.400000 225 62
1.440000 175 56
1.480000 174 56
1.520000 174 56
1.560000 173 58
1.600000 179 58
1.640000 177 57
1.680000 175 57
1.720000 175 57
1.760000 174 57
1.800000 174 58
1.840000 173 60
1.880000 169 61
1.920000 163 66
1.960000 154 67
2.000000 144 67
2.040000 132 67
2.080000 121 65
2.120000 108 60
2.160000 95 61
2.200000 84 61
2.240000 75 62
2.280000 70 62
2.320000 116 58
2.360000 112 59
2.400000 107 61
2.440000 64 57
2.480000 64 56
2.520000 63 57
2.560000 61 61
2.600000 65 60
2.640000 65 61
2.680000 64 59
2.720000 64 60
2.760000 64 60
2.800000 62 60
2.840000 62 61
2.880000 59 61
2.920000 55 66
2.960000 12 59
3.000000 39 70
3.040000 12 57
3.080000 20 67
