0.200000 283 68
0.240000 277 70
0.280000 275 67
0.320000 273 63
0.360000 271 61
0.400000 272 61
0.440000 310 58
0.480000 271 59
0.520000 270 58
0.560000 270 60
0.600000 272 59
0.640000 273 60
0.680000 270 58
0.720000 269 58
0.760000 269 58
0.800000 270 57
0.840000 269 56
0.880000 268 56
0.920000 268 56
0.960000 262 59
1.000000 251 60
1.040000 241 61
1.080000 221 55
1.120000 210 57
1.160000 197 58
1.200000 184 61
1.240000 220 52
1.280000 171 66
1.320000 169 61
1.360000 166 58
1.400000 220 50
1.440000 163 55
1.480000 163 55
1.520000 162 54
1.560000 163 54
1.600000 164 55
1.640000 168 56
1.680000 163 54
1.720000 163 54
1.760000 163 54
1.800000 163 54
1.840000 163 54
1.880000 163 52
1.920000 161 52
1.960000 153 52
2.000000 142 55
2.040000 127 56
2.080000 107 55
2.120000 99 58
2.160000 86 59
2.200000 72 63
2.240000 65 66
2.280000 60 67
2.320000 104 50
2.360000 102 50
2.400000 103 49
2.440000 53 57
2.480000 52 56
2.520000 52 57
2.560000 53 56
2.600000 52 56
2.640000 58 57
2.680000 53 56
2.720000 54 56
2.760000 54 56
2.800000 53 56
2.840000 53 56
2.880000 53 54
2.920000 51 54
2.960000 5 56
3.000000 39 58
3.080000 16 60
