0.000000 309 117
0.040000 309 117
0.080000 309 117
0.120000 309 117
0.160000 309 117
0.200000 309 117
0.240000 309 117
0.280000 309 117
0.320000 309 117
0.360000 309 117
0.400000 309 117
0.440000 309 117
0.480000 309 117
0.520000 309 117
0.560000 309 117
0.600000 309 117
0.640000 309 117
0.680000 309 117
0.720000 309 117
0.760000 309 117
0.800000 309 117
0.840000 309 117
0.880000 309 117
0.920000 309 117
0.960000 309 117
1.000000 309 117
1.040000 309 117
1.080000 309 117
1.120000 309 117
1.160000 309 117
1.200000 309 117
1.240000 309 117
1.280000 309 117
1.320000 309 117
1.360000 309 117
1.400000 309 117
1.440000 309 117
1.480000 309 117
1.520000 309 117
1.560000 309 117
1.600000 309 117
1.640000 309 117
1.680000 309 117
1.720000 309 117
1.760000 309 117
1.800000 309 117
1.840000 309 117
1.880000 309 117
1.920000 309 117
1.960000 309 117
2.000000 309 117
2.040000 309 117
2.080000 311 113
2.120000 309 113
2.160000 305 114
2.200000 299 115
2.240000 292 113
2.280000 286 113
2.320000 283 113
2.360000 279 113
2.400000 277 113
2.440000 273 113
2.480000 272 113
2.520000 268 111
2.560000 269 114
2.600000 266 113
2.640000 267 113
2.680000 264 113
2.720000 262 113
2.760000 258 113
2.800000 254 112
2.840000 249 113
2.880000 242 109
2.920000 236 111
2.960000 226 113
3.000000 220 111
3.040000 215 113
3.080000 207 113
3.120000 199 113
3.160000 192 113
3.200000 186 113
3.240000 182 113
3.280000 179 113
3.320000 174 111
3.360000 173 111
3.400000 170 111
3.440000 169 112
3.480000 168 110
3.520000 168 112
3.560000 164 113
3.600000 164 111
3.640000 161 111
3.680000 158 110
3.720000 153 109
3.760000 147 108
3.800000 142 108
3.840000 132 109
3.880000 126 109
3.920000 118 108
3.960000 111 113
4.000000 105 113
4.040000 97 111
4.080000 92 112
4.120000 86 113
4.160000 84 113
4.200000 79 110
4.240000 77 112
4.280000 75 109
4.320000 71 109
4.360000 71 111
4.400000 69 109
4.440000 68 108
4.480000 66 109
4.520000 62 108
4.560000 58 109
4.600000 55 107
4.640000 51 106
4.680000 44 107
4.720000 39 108
4.760000 34 106
4.800000 27 108
4.840000 21 108
4.880000 8 109
4.920000 6 110
4.960000 5 111
5.000000 3 112
5.040000 2 115
5.080000 2 114
5.120000 13 112
5.160000 13 112
5.200000 13 112
5.240000 13 112
5.280000 13 112
5.320000 13 112
5.360000 13 112
5.400000 13 112
5.440000 13 112
5.480000 13 112
5.520000 13 112
5.560000 13 112
5.600000 13 112
5.640000 13 112
5.680000 13 112
5.720000 13 112
5.760000 13 112
