0.000000 309 115
0.040000 309 115
0.080000 309 115
0.120000 309 115
0.160000 309 115
0.200000 309 115
0.240000 309 115
0.280000 309 115
0.320000 309 115
0.360000 309 115
0.400000 309 115
0.440000 309 115
0.480000 309 115
0.520000 309 115
0.560000 309 115
0.600000 309 115
0.640000 309 115
0.680000 309 115
0.720000 309 115
0.760000 309 115
0.800000 309 115
0.840000 309 115
0.880000 309 115
0.920000 309 115
0.960000 309 115
1.000000 309 115
1.040000 309 115
1.080000 309 115
1.120000 309 115
1.160000 309 115
1.200000 309 115
1.240000 309 115
1.280000 309 115
1.320000 309 115
1.360000 309 115
1.400000 309 115
1.440000 309 115
1.480000 309 115
1.520000 309 115
1.560000 309 115
1.600000 309 115
1.640000 309 115
1.680000 309 115
1.720000 309 115
1.760000 309 115
1.800000 309 115
1.840000 309 115
1.880000 309 115
1.920000 309 115
1.960000 309 115
2.000000 309 115
2.040000 309 115
2.080000 308 117
2.120000 304 118
2.160000 301 117
2.200000 297 118
2.240000 294 116
2.280000 289 115
2.320000 284 115
2.360000 283 116
2.400000 277 117
2.440000 272 118
2.480000 268 117
2.520000 266 117
2.560000 262 116
2.600000 258 117
2.640000 255 117
2.680000 253 117
2.720000 246 117
2.760000 241 117
2.800000 237 118
2.840000 233 117
2.880000 228 116
2.920000 223 118
2.960000 220 117
3.000000 217 118
3.040000 214 119
3.080000 210 118
3.120000 205 116
3.160000 201 115
3.200000 196 115
3.240000 190 114
3.280000 192 115
3.320000 181 113
3.360000 180 115
3.400000 175 118
3.440000 173 118
3.480000 169 118
3.520000 166 117
3.560000 162 116
3.600000 155 115
3.640000 152 114
3.680000 147 113
3.720000 142 115
3.760000 136 114
3.800000 128 113
3.840000 127 115
3.880000 122 115
3.920000 121 115
3.960000 116 117
4.000000 112 117
4.040000 107 115
4.080000 106 114
4.120000 101 114
4.160000 92 113
4.200000 92 113
4.240000 89 113
4.280000 85 115
4.320000 81 117
4.360000 79 117
4.400000 75 117
4.440000 71 115
4.480000 66 114
4.520000 60 113
4.560000 58 113
4.600000 53 113
4.640000 47 113
4.680000 40 113
4.720000 38 113
4.760000 34 114
4.800000 33 115
4.840000 28 113
4.880000 24 113
4.920000 25 113
4.960000 21 114
5.000000 18 114
5.040000 12 113
5.080000 10 113
5.120000 6 113
5.160000 6 113
5.200000 6 113
5.240000 6 113
5.280000 6 113
5.320000 6 113
5.360000 6 113
5.400000 6 113
5.440000 6 113
5.480000 6 113
5.520000 6 113
5.560000 6 113
5.600000 6 113
5.640000 6 113
5.680000 6 113
5.720000 6 113
5.760000 6 113
