0.000000 320 137
0.040000 320 137
0.080000 320 137
0.120000 320 137
0.160000 320 137
0.200000 320 137
0.240000 320 137
0.280000 320 137
0.320000 320 137
0.360000 320 137
0.400000 320 137
0.440000 320 137
0.480000 320 137
0.520000 320 137
0.560000 320 137
0.600000 320 137
0.640000 320 137
0.680000 320 137
0.720000 320 137
0.760000 320 137
0.800000 320 137
0.840000 320 137
0.880000 320 137
0.920000 320 137
0.960000 320 137
1.000000 320 137
1.040000 320 137
1.080000 320 137
1.120000 320 137
1.160000 320 137
1.200000 320 137
1.240000 320 137
1.280000 320 137
1.320000 320 137
1.360000 320 137
1.400000 320 137
1.440000 320 137
1.480000 320 137
1.520000 320 137
1.560000 320 137
1.600000 320 137
1.640000 320 137
1.680000 316 135
1.720000 314 134
1.760000 310 135
1.800000 307 134
1.840000 303 134
1.880000 299 134
1.920000 294 134
1.960000 288 134
2.000000 283 136
2.040000 278 137
2.080000 273 136
2.120000 268 135
2.160000 262 134
2.200000 257 134
2.240000 251 135
2.280000 245 134
2.320000 240 134
2.360000 235 134
2.400000 231 134
2.440000 226 136
2.480000 222 137
2.520000 220 135
2.560000 216 136
2.600000 211 135
2.640000 208 136
2.680000 205 135
2.720000 199 133
2.760000 194 134
2.800000 189 133
2.840000 183 134
2.880000 177 134
2.920000 170 134
2.960000 166 134
3.000000 158 134
3.040000 151 134
3.080000 144 134
3.120000 137 133
3.160000 131 132
3.200000 126 132
3.240000 120 132
3.280000 117 133
3.320000 112 133
3.360000 109 134
3.400000 106 134
3.440000 103 135
3.480000 101 134
3.520000 97 134
3.560000 95 134
3.600000 90 134
3.640000 85 133
3.680000 80 133
3.720000 75 133
3.760000 70 133
3.800000 64 133
3.840000 58 133
3.880000 50 133
3.920000 45 133
3.960000 40 134
4.000000 34 132
4.040000 29 132
4.080000 25 132
4.120000 22 132
4.160000 18 132
4.200000 14 132
4.240000 12 134
4.280000 6 133
4.320000 5 133
4.360000 4 133
4.400000 3 133
4.440000 2 134
4.480000 2 134
4.520000 2 134
4.560000 2 134
4.600000 2 134
4.640000 2 134
4.680000 2 134
4.720000 2 134
4.760000 2 134
4.800000 2 134
4.840000 2 134
4.880000 2 134
4.920000 2 134
4.960000 2 134
5.000000 2 134
5.040000 2 134
5.080000 2 134
