0.000000 316 119
0.040000 316 119
0.080000 316 119
0.120000 316 119
0.160000 316 119
0.200000 316 119
0.240000 316 119
0.280000 316 119
0.320000 316 119
0.360000 316 119
0.400000 316 119
0.440000 316 119
0.480000 316 119
0.520000 316 119
0.560000 316 119
0.600000 316 119
0.640000 316 119
0.680000 316 119
0.720000 316 119
0.760000 316 119
0.800000 316 119
0.840000 316 119
0.880000 316 119
0.920000 316 119
0.960000 316 119
1.000000 316 119
1.040000 316 119
1.080000 316 119
1.120000 316 119
1.160000 316 119
1.200000 316 119
1.240000 316 119
1.280000 316 119
1.320000 316 119
1.360000 316 119
1.400000 316 119
1.440000 316 119
1.480000 316 119
1.520000 316 119
1.560000 316 119
1.600000 316 119
1.640000 309 119
1.680000 305 120
1.720000 303 119
1.760000 299 119
1.800000 294 119
1.840000 290 118
1.880000 285 119
1.920000 282 119
1.960000 277 119
2.000000 273 121
2.040000 268 121
2.080000 262 120
2.120000 261 120
2.160000 257 119
2.200000 252 118
2.240000 247 118
2.280000 242 118
2.320000 236 118
2.360000 231 118
2.400000 226 118
2.440000 222 119
2.480000 219 119
2.520000 212 120
2.560000 209 119
2.600000 205 119
2.640000 200 118
2.680000 196 117
2.720000 190 115
2.760000 184 117
2.800000 179 117
2.840000 174 119
2.880000 169 118
2.920000 163 118
2.960000 158 118
3.000000 155 119
3.040000 153 119
3.080000 147 118
3.120000 143 118
3.160000 138 117
3.200000 132 117
3.240000 127 118
3.280000 121 118
3.320000 117 118
3.360000 112 119
3.400000 109 119
3.440000 106 119
3.480000 99 119
3.520000 95 119
3.560000 90 118
3.600000 85 117
3.640000 80 116
3.680000 75 116
3.720000 69 118
3.760000 64 117
3.800000 59 118
3.840000 56 118
3.880000 55 119
3.920000 51 119
3.960000 47 119
4.000000 44 119
4.040000 40 118
4.080000 34 118
4.120000 31 118
4.160000 26 118
4.200000 23 118
4.240000 18 119
4.280000 16 119
4.320000 12 119
4.360000 7 119
4.400000 5 120
4.440000 4 120
4.480000 3 121
4.520000 2 121
4.560000 2 121
4.600000 2 121
4.640000 2 121
4.680000 2 121
4.720000 2 121
4.760000 2 121
4.800000 2 121
4.840000 2 121
4.880000 2 121
4.920000 2 121
4.960000 2 121
5.000000 2 121
5.040000 2 121
5.080000 2 121
