0.000000 300 63
0.040000 300 63
0.080000 300 63
0.120000 300 63
0.160000 300 63
0.200000 300 63
0.240000 300 63
0.280000 300 63
0.320000 300 63
0.360000 300 63
0.400000 300 63
0.440000 300 63
0.480000 300 63
0.520000 300 63
0.560000 300 63
0.600000 300 63
0.640000 300 63
0.680000 300 63
0.720000 300 63
0.760000 300 63
0.800000 300 63
0.840000 300 63
0.880000 300 63
0.920000 300 63
0.960000 300 63
1.000000 300 63
1.040000 300 63
1.080000 300 63
1.120000 300 63
1.160000 300 63
1.200000 300 63
1.240000 300 63
1.280000 300 63
1.320000 300 63
1.360000 300 63
1.400000 300 63
1.440000 300 63
1.480000 300 63
1.520000 300 63
1.560000 300 63
1.600000 300 63
1.640000 303 63
1.680000 306 64
1.720000 299 64
1.760000 299 64
1.800000 299 63
1.840000 300 62
1.880000 299 63
1.920000 299 62
1.960000 257 59
2.000000 280 64
2.040000 268 67
2.080000 253 63
2.120000 257 59
2.160000 226 65
2.200000 215 67
2.240000 210 68
2.280000 207 65
2.320000 205 61
2.360000 205 61
2.400000 205 60
2.440000 237 59
2.480000 225 58
2.520000 207 61
2.560000 210 61
2.600000 205 61
2.640000 205 60
2.680000 205 60
2.720000 205 60
2.760000 205 59
2.800000 204 58
2.840000 199 61
2.880000 188 62
2.920000 173 61
2.960000 157 63
3.000000 145 61
3.040000 130 61
3.080000 116 65
3.120000 106 67
3.160000 102 66
3.200000 101 62
3.240000 100 60
3.280000 100 59
3.320000 99 59
3.360000 99 59
3.400000 101 59
3.440000 106 59
3.480000 99 60
3.520000 99 60
3.560000 99 60
3.600000 100 59
3.640000 99 58
3.680000 49 58
3.720000 97 57
3.760000 88 61
3.800000 49 57
3.840000 50 58
3.880000 49 61
3.920000 40 64
3.960000 28 67
4.000000 18 71
4.040000 12 71
4.080000 11 67
4.120000 9 65
4.160000 10 64
4.200000 10 65
4.240000 10 65
4.280000 10 63
4.320000 12 61
4.360000 8 63
4.400000 8 63
4.440000 9 63
4.480000 9 63
4.520000 10 63
4.560000 10 63
4.600000 10 63
4.640000 10 63
4.680000 10 63
4.720000 10 63
4.760000 10 63
4.800000 10 63
4.840000 10 63
4.880000 10 63
4.920000 10 63
4.960000 10 63
5.000000 10 63
5.040000 10 63
5.080000 10 63
