0.000000 307 137
0.040000 307 137
0.080000 307 137
0.120000 307 137
0.160000 307 137
0.200000 307 137
0.240000 307 137
0.280000 307 137
0.320000 307 137
0.360000 307 137
0.400000 307 137
0.440000 307 137
0.480000 307 137
0.520000 307 137
0.560000 307 137
0.600000 307 137
0.640000 307 137
0.680000 307 137
0.720000 307 137
0.760000 307 137
0.800000 307 137
0.840000 307 137
0.880000 307 137
0.920000 307 137
0.960000 307 137
1.000000 307 137
1.040000 307 137
1.080000 307 137
1.120000 307 137
1.160000 307 137
1.200000 307 137
1.240000 307 137
1.280000 307 137
1.320000 307 137
1.360000 307 137
1.400000 307 137
1.440000 307 137
1.480000 307 137
1.520000 307 137
1.560000 307 137
1.600000 307 137
1.640000 307 137
1.680000 299 135
1.720000 296 134
1.760000 292 134
1.800000 287 134
1.840000 282 134
1.880000 277 133
1.920000 274 134
1.960000 272 135
2.000000 265 137
2.040000 261 137
2.080000 257 137
2.120000 253 137
2.160000 249 137
2.200000 245 137
2.240000 241 137
2.280000 237 137
2.320000 233 136
2.360000 229 136
2.400000 225 136
2.440000 221 136
2.480000 217 136
2.520000 213 136
2.560000 209 136
2.600000 200 135
2.640000 194 134
2.680000 189 133
2.720000 184 133
2.760000 179 133
2.800000 175 133
2.840000 168 133
2.880000 165 134
2.920000 162 134
2.960000 156 134
3.000000 154 135
3.040000 152 135
3.080000 150 136
3.120000 148 136
3.160000 146 137
3.200000 139 137
3.240000 129 135
3.280000 123 135
3.320000 113 135
3.360000 112 139
3.400000 111 142
3.440000 110 146
3.480000 109 149
3.520000 92 133
3.560000 86 133
3.600000 84 133
3.640000 79 133
3.680000 69 130
3.720000 67 131
3.760000 66 132
3.800000 63 134
3.840000 61 134
3.880000 59 134
3.920000 58 134
3.960000 56 134
4.000000 51 134
4.040000 49 134
4.080000 44 134
4.120000 40 134
4.160000 36 134
4.200000 32 134
4.240000 27 135
4.280000 23 136
4.320000 23 136
4.360000 23 136
4.400000 23 136
4.440000 23 136
4.480000 23 136
4.520000 23 136
4.560000 23 136
4.600000 23 136
4.640000 23 136
4.680000 23 136
4.720000 23 136
4.760000 23 136
4.800000 23 136
4.840000 23 136
4.880000 23 136
4.920000 23 136
4.960000 23 136
5.000000 23 136
5.040000 23 136
5.080000 23 136
