0.000000 320 57
0.040000 320 57
0.080000 320 57
0.120000 320 57
0.160000 320 57
0.200000 320 57
0.240000 320 57
0.280000 320 57
0.320000 320 57
0.360000 320 57
0.400000 320 57
0.440000 320 57
0.480000 320 57
0.520000 320 57
0.560000 320 57
0.600000 320 57
0.640000 320 57
0.680000 320 57
0.720000 320 57
0.760000 320 57
0.800000 320 57
0.840000 320 57
0.880000 320 57
0.920000 320 57
0.960000 320 57
1.000000 320 57
1.040000 320 57
1.080000 320 57
1.120000 320 57
1.160000 320 57
1.200000 320 57
1.240000 320 60
1.280000 320 62
1.320000 320 64
1.360000 320 67
1.400000 316 66
1.440000 308 70
1.480000 294 67
1.520000 280 65
1.560000 267 60
1.600000 248 57
1.640000 233 56
1.680000 221 56
1.720000 216 56
1.760000 215 55
1.800000 214 55
1.840000 214 54
1.880000 214 53
1.920000 214 56
1.960000 214 55
2.000000 214 54
2.040000 213 55
2.080000 212 56
2.120000 212 56
2.160000 210 59
2.200000 205 61
2.240000 195 62
2.280000 184 64
2.320000 169 61
2.360000 153 60
2.400000 137 54
2.440000 120 54
2.480000 104 55
2.520000 92 56
2.560000 86 56
2.600000 86 55
2.640000 85 54
2.680000 85 54
2.720000 84 54
2.760000 85 54
2.800000 85 56
2.840000 84 56
2.880000 84 55
2.920000 84 56
2.960000 83 56
3.000000 81 57
3.040000 76 61
3.080000 70 64
3.120000 59 66
3.160000 49 66
3.200000 34 66
3.240000 23 60
3.280000 2 58
3.320000 8 59
3.360000 15 60
3.400000 22 61
3.440000 26 65
3.480000 26 65
3.520000 26 65
3.560000 26 65
3.600000 26 65
3.640000 26 65
3.680000 26 65
