0.000000 309 93
0.040000 309 93
0.080000 309 93
0.120000 309 93
0.160000 309 93
0.200000 309 93
0.240000 309 93
0.280000 309 93
0.320000 309 93
0.360000 309 93
0.400000 309 93
0.440000 309 93
0.480000 309 93
0.520000 309 93
0.560000 309 93
0.600000 309 93
0.640000 309 93
0.680000 309 93
0.720000 309 93
0.760000 309 93
0.800000 309 93
0.840000 309 93
0.880000 309 93
0.920000 309 93
0.960000 309 93
1.000000 309 93
1.040000 309 93
1.080000 309 93
1.120000 309 93
1.160000 309 93
1.200000 303 93
1.240000 297 92
1.280000 291 87
1.320000 286 87
1.360000 281 87
1.400000 277 87
1.440000 273 87
1.480000 273 87
1.520000 272 87
1.560000 270 87
1.600000 268 87
1.640000 266 87
1.680000 262 86
1.720000 255 86
1.760000 245 85
1.800000 233 83
1.840000 222 82
1.880000 214 82
1.920000 203 85
1.960000 194 87
2.000000 185 87
2.040000 179 87
2.080000 173 85
2.120000 167 83
2.160000 159 83
2.200000 153 83
2.240000 148 83
2.280000 147 83
2.320000 145 82
2.360000 144 86
2.400000 143 83
2.440000 142 83
2.480000 138 82
2.520000 135 82
2.560000 129 82
2.600000 120 82
2.640000 109 82
2.680000 99 82
2.720000 87 82
2.760000 79 83
2.800000 70 88
2.840000 61 88
2.880000 55 89
2.920000 52 87
2.960000 46 85
3.000000 41 86
3.040000 36 86
3.080000 32 86
3.120000 29 85
3.160000 29 84
3.200000 28 87
3.240000 27 87
3.280000 24 87
3.320000 19 87
3.360000 15 87
3.400000 12 87
3.440000 8 86
3.480000 5 86
3.520000 2 85
3.560000 2 85
3.600000 2 85
3.640000 2 85
3.680000 2 85
