1.440000 320 156
1.480000 314 158
1.520000 309 159
1.560000 307 159
1.600000 303 159
1.640000 299 159
1.680000 297 159
1.720000 293 159
1.760000 288 158
1.800000 284 156
1.840000 282 156
1.880000 277 156
1.920000 273 157
1.960000 268 158
2.000000 264 158
2.040000 262 159
2.080000 257 159
2.120000 252 159
2.160000 248 159
2.200000 245 159
2.240000 241 159
2.280000 236 156
2.320000 231 156
2.360000 226 156
2.400000 221 156
2.440000 217 158
2.480000 212 159
2.520000 208 159
2.560000 205 159
2.600000 200 159
2.640000 195 159
2.680000 190 159
2.720000 186 159
2.760000 183 159
2.800000 178 158
2.840000 173 157
2.880000 168 156
2.920000 163 157
2.960000 158 158
3.000000 153 159
3.040000 148 159
3.080000 143 159
3.120000 140 159
3.160000 136 159
3.200000 131 159
3.240000 127 159
3.280000 122 158
3.320000 117 156
3.360000 113 156
3.400000 108 156
3.440000 103 156
3.480000 99 157
3.520000 95 158
3.560000 90 159
3.600000 86 159
3.640000 83 159
3.680000 78 159
3.720000 73 159
3.760000 69 156
3.800000 64 155
3.840000 60 154
3.880000 55 154
3.920000 51 154
3.960000 45 155
4.000000 42 156
4.040000 38 156
4.080000 34 156
4.120000 31 156
4.160000 28 155
4.200000 23 155
4.240000 21 154
4.280000 17 154
4.320000 12 153
4.360000 8 153
4.400000 2 153
4.440000 2 154
