2.480000 147 57
2.520000 147 56
2.560000 146 56
2.600000 146 56
2.640000 146 56
2.680000 147 56
2.720000 147 56
2.760000 146 56
2.800000 146 56
2.840000 147 56
2.880000 146 56
2.920000 146 58
2.960000 143 61
3.000000 138 63
3.040000 131 65
3.080000 121 67
3.120000 111 67
3.160000 100 67
3.200000 89 64
3.240000 76 63
3.280000 64 61
3.320000 54 60
3.360000 49 60
3.400000 46 58
3.440000 46 58
3.480000 45 57
3.520000 45 57
3.560000 46 57
3.600000 46 58
3.640000 45 59
3.680000 45 60
3.720000 44 60
3.760000 44 60
3.800000 44 61
3.840000 41 63
3.880000 32 65
3.920000 16 63
3.960000 5 62
4.000000 2 63
4.040000 1 64
