0.000000 298 61
0.040000 298 61
0.080000 298 61
0.120000 298 61
0.160000 298 61
0.200000 298 61
0.240000 298 61
0.280000 298 61
0.320000 298 61
0.360000 298 61
0.400000 298 61
0.440000 298 61
0.480000 298 61
0.520000 298 61
0.560000 298 61
0.600000 298 61
0.640000 298 61
0.680000 298 61
0.720000 298 61
0.760000 298 61
0.800000 298 61
0.840000 298 61
0.880000 298 61
0.920000 298 61
0.960000 298 61
1.000000 298 61
1.040000 298 61
1.080000 298 61
1.120000 298 61
1.160000 298 61
1.200000 298 61
1.240000 298 61
1.280000 298 61
1.320000 298 61
1.360000 298 61
1.400000 298 61
1.440000 298 61
1.480000 298 61
1.520000 299 59
1.560000 294 57
1.600000 279 59
1.640000 268 61
1.680000 263 61
1.720000 258 59
1.760000 258 56
1.800000 257 55
1.840000 257 54
1.880000 257 55
1.920000 258 52
1.960000 257 54
2.000000 240 60
2.040000 226 61
2.080000 257 54
2.120000 257 54
2.160000 257 53
2.200000 258 52
2.240000 257 52
2.280000 251 55
2.320000 241 56
2.360000 230 55
2.400000 215 56
2.440000 199 54
2.480000 184 55
2.520000 170 56
2.560000 158 59
2.600000 150 61
2.640000 147 60
2.680000 145 55
2.720000 144 53
2.760000 144 52
2.800000 144 51
2.840000 144 52
2.880000 144 51
2.920000 143 51
2.960000 143 51
3.000000 143 50
3.040000 143 50
3.080000 143 50
3.120000 143 50
3.160000 143 50
3.200000 142 50
3.240000 136 52
3.280000 127 54
3.320000 112 53
3.360000 87 54
3.400000 85 52
3.440000 72 54
3.480000 58 57
3.520000 46 60
3.560000 39 61
3.600000 35 61
3.640000 34 58
3.680000 33 56
3.720000 33 54
3.760000 33 54
3.800000 33 54
3.840000 33 54
3.880000 33 54
3.920000 32 54
3.960000 33 53
4.000000 32 53
4.040000 32 53
4.080000 33 52
4.120000 30 53
4.160000 27 54
4.200000 24 54
4.240000 21 55
4.280000 18 55
4.320000 18 55
4.360000 18 55
4.400000 18 55
4.440000 18 55
4.480000 18 55
4.520000 18 55
4.560000 18 55
4.600000 18 55
