0.000000 320 160
0.040000 320 160
0.080000 320 160
0.120000 320 160
0.160000 320 160
0.200000 320 160
0.240000 320 160
0.280000 320 160
0.320000 320 160
0.360000 320 160
0.400000 320 160
0.440000 320 160
0.480000 320 160
0.520000 320 160
0.560000 320 160
0.600000 320 160
0.640000 320 160
0.680000 320 160
0.720000 320 160
0.760000 320 160
0.800000 320 160
0.840000 320 160
0.880000 320 160
0.920000 320 160
0.960000 320 160
1.000000 320 160
1.040000 320 160
1.080000 320 160
1.120000 320 160
1.160000 320 160
1.200000 320 160
1.240000 320 160
1.280000 320 160
1.320000 320 160
1.360000 320 160
1.400000 320 160
1.440000 320 160
1.480000 320 160
1.520000 314 161
1.560000 309 161
1.600000 307 160
1.640000 303 160
1.680000 298 159
1.720000 294 159
1.760000 290 159
1.800000 286 159
1.840000 282 159
1.880000 278 160
1.920000 273 161
1.960000 268 161
2.000000 264 161
2.040000 260 161
2.080000 255 160
2.120000 251 159
2.160000 246 160
2.200000 241 159
2.240000 236 159
2.280000 231 160
2.320000 225 160
2.360000 221 161
2.400000 216 162
2.440000 212 164
2.480000 208 164
2.520000 202 163
2.560000 197 163
2.600000 192 161
2.640000 186 161
2.680000 181 161
2.720000 177 161
2.760000 173 161
2.800000 168 162
2.840000 163 163
2.880000 158 164
2.920000 153 164
2.960000 149 163
3.000000 143 162
3.040000 138 162
3.080000 133 160
3.120000 127 160
3.160000 122 160
3.200000 117 160
3.240000 112 160
3.280000 107 161
3.320000 104 161
3.360000 99 163
3.400000 95 163
3.440000 90 163
3.480000 85 163
3.520000 80 161
3.560000 75 160
3.600000 70 159
3.640000 65 159
3.680000 60 158
3.720000 56 158
3.760000 52 159
3.800000 47 159
3.840000 43 159
3.880000 38 159
3.920000 34 159
3.960000 31 159
4.000000 27 158
4.040000 23 156
4.080000 18 156
4.120000 8 155
4.160000 6 155
4.200000 5 155
4.240000 3 155
4.280000 2 155
4.320000 2 155
4.360000 2 155
4.400000 2 155
4.440000 2 155
4.480000 2 155
4.520000 2 155
4.560000 2 155
4.600000 2 155
