0.000000 309 65
0.040000 309 65
0.080000 309 65
0.120000 309 65
0.160000 309 65
0.200000 309 65
0.240000 309 65
0.280000 309 65
0.320000 309 65
0.360000 309 65
0.400000 309 65
0.440000 309 65
0.480000 309 65
0.520000 309 65
0.560000 309 65
0.600000 309 65
0.640000 309 65
0.680000 309 65
0.720000 309 65
0.760000 309 65
0.800000 309 65
0.840000 309 65
0.880000 309 65
0.920000 309 65
0.960000 309 65
1.000000 309 65
1.040000 309 65
1.080000 309 65
1.120000 309 65
1.160000 309 65
1.200000 309 65
1.240000 309 65
1.280000 309 65
1.320000 309 65
1.360000 309 65
1.400000 309 65
1.440000 309 65
1.480000 309 65
1.520000 308 65
1.560000 305 66
1.600000 309 66
1.640000 309 63
1.680000 308 64
1.720000 308 65
1.760000 305 67
1.800000 303 70
1.840000 294 72
1.880000 288 71
1.920000 277 70
1.960000 264 66
2.000000 269 59
2.040000 268 57
2.080000 228 61
2.120000 220 61
2.160000 216 60
2.200000 216 59
2.240000 214 57
2.280000 214 56
2.320000 213 56
2.360000 213 56
2.400000 212 58
2.440000 214 61
2.480000 213 58
2.520000 214 56
2.560000 212 57
2.600000 212 57
2.640000 211 59
2.680000 210 61
2.720000 205 65
2.760000 197 67
2.800000 188 69
2.840000 177 67
2.880000 164 65
2.920000 151 61
2.960000 138 61
3.000000 124 60
3.040000 112 60
3.080000 106 59
3.120000 102 57
3.160000 101 56
3.200000 101 56
3.240000 101 56
3.280000 101 56
3.320000 100 56
3.360000 107 63
3.400000 101 58
3.440000 100 57
3.480000 100 56
3.520000 100 56
3.560000 99 56
3.600000 97 57
3.640000 96 61
3.680000 93 63
3.720000 86 67
3.760000 79 70
3.800000 68 70
3.840000 57 67
3.880000 45 66
3.920000 34 63
3.960000 23 61
4.000000 12 62
4.040000 6 61
4.080000 2 61
4.120000 2 60
4.160000 38 61
4.200000 38 61
4.240000 38 61
4.280000 38 61
4.320000 38 61
4.360000 38 61
4.400000 38 61
4.440000 38 61
4.480000 38 61
4.520000 38 61
4.560000 38 61
4.600000 38 61
