1.320000 320 150
1.360000 320 150
1.400000 320 154
1.440000 314 153
1.480000 312 152
1.520000 309 152
1.560000 305 150
1.600000 303 150
1.640000 299 149
1.680000 294 149
1.720000 292 149
1.760000 288 149
1.800000 283 149
1.840000 279 150
1.880000 275 150
1.920000 272 150
1.960000 268 152
2.000000 263 152
2.040000 260 150
2.080000 256 150
2.120000 251 150
2.160000 246 149
2.200000 241 149
2.240000 236 149
2.280000 231 150
2.320000 227 150
2.360000 224 150
2.400000 220 152
2.440000 215 153
2.480000 210 154
2.520000 207 152
2.560000 203 151
2.600000 197 150
2.640000 193 150
2.680000 188 150
2.720000 183 151
2.760000 178 151
2.800000 173 151
2.840000 168 152
2.880000 164 153
2.920000 158 154
2.960000 154 152
3.000000 150 154
3.040000 146 152
3.080000 141 150
3.120000 136 150
3.160000 131 149
3.200000 126 150
3.240000 121 150
3.280000 118 150
3.320000 113 152
3.360000 111 152
3.400000 107 153
3.440000 103 152
3.480000 100 152
3.520000 95 150
3.560000 91 150
3.600000 86 149
3.640000 81 149
3.680000 77 149
3.720000 73 149
3.760000 69 150
3.800000 66 150
3.840000 61 150
3.880000 56 150
3.920000 53 150
3.960000 49 149
4.000000 44 148
4.040000 40 147
4.080000 37 147
4.120000 33 146
4.160000 29 146
4.200000 24 146
4.240000 22 147
4.280000 18 148
4.320000 16 149
4.360000 12 148
4.400000 9 149
4.440000 7 149
4.480000 1 147
4.520000 2 149
