1.320000 304 65
1.360000 303 63
1.400000 303 63
1.440000 303 65
1.480000 303 67
1.520000 303 63
1.560000 303 64
1.600000 303 63
1.640000 303 63
1.680000 303 65
1.720000 301 66
1.760000 299 68
1.800000 294 70
1.840000 288 71
1.880000 278 71
1.920000 268 71
1.960000 257 63
2.000000 247 61
2.040000 236 61
2.080000 225 60
2.120000 219 61
2.160000 216 60
2.200000 215 58
2.240000 215 56
2.280000 214 56
2.320000 214 56
2.360000 213 56
2.400000 213 59
2.440000 214 59
2.480000 214 56
2.520000 214 56
2.560000 214 56
2.600000 213 56
2.640000 211 58
2.680000 210 61
2.720000 206 65
2.760000 200 66
2.800000 193 67
2.840000 182 66
2.880000 170 66
2.920000 158 58
2.960000 145 58
3.000000 133 56
3.040000 122 58
3.080000 116 58
3.120000 114 57
3.160000 112 56
3.200000 112 56
3.240000 112 56
3.280000 112 56
3.320000 112 56
3.360000 111 57
3.400000 112 57
3.440000 112 56
3.480000 112 56
3.520000 112 56
3.560000 111 56
3.600000 111 56
3.640000 110 58
3.680000 106 61
3.720000 101 65
3.760000 94 66
3.800000 84 66
3.840000 75 65
3.880000 65 61
3.920000 54 61
3.960000 43 60
4.000000 34 60
4.040000 28 61
4.080000 23 60
4.120000 23 59
4.160000 23 57
4.200000 23 56
4.240000 23 57
4.280000 21 57
4.320000 21 60
4.360000 23 60
4.400000 23 58
4.440000 23 58
4.560000 21 59
