1.080000 320 118
1.120000 320 118
1.160000 314 119
1.200000 312 122
1.240000 305 120
1.280000 301 120
1.320000 298 121
1.360000 294 120
1.400000 292 119
1.440000 288 119
1.480000 283 119
1.520000 279 119
1.560000 272 119
1.600000 266 118
1.640000 264 118
1.680000 256 119
1.720000 253 119
1.760000 251 120
1.800000 247 121
1.840000 242 122
1.880000 240 122
1.920000 235 122
1.960000 231 119
2.000000 227 119
2.040000 225 118
2.080000 220 118
2.120000 212 117
2.160000 206 117
2.200000 201 118
2.240000 199 118
2.280000 195 119
2.320000 190 119
2.360000 186 120
2.400000 183 119
2.440000 179 118
2.480000 173 118
2.520000 170 118
2.560000 165 116
2.600000 158 115
2.640000 154 115
2.680000 147 116
2.720000 142 116
2.760000 138 117
2.800000 134 119
2.840000 130 119
2.880000 127 120
2.920000 121 121
2.960000 117 119
3.000000 112 119
3.040000 107 118
3.080000 105 117
3.120000 101 116
3.160000 95 116
3.200000 89 115
3.240000 83 117
3.280000 79 118
3.320000 75 118
3.360000 71 119
3.400000 66 120
3.440000 64 119
3.480000 60 119
3.520000 55 119
3.560000 53 118
3.600000 49 117
3.640000 44 115
3.680000 38 116
3.720000 33 117
3.760000 28 118
3.800000 24 117
3.840000 21 118
3.880000 17 118
3.920000 13 119
3.960000 10 119
4.000000 7 118
4.080000 1 117
4.120000 2 117
4.160000 2 117
4.200000 2 113
