1.080000 320 119
1.120000 320 118
1.160000 310 120
1.200000 307 122
1.240000 301 121
1.280000 297 121
1.320000 294 122
1.360000 290 122
1.400000 288 119
1.440000 283 119
1.480000 279 119
1.520000 275 119
1.560000 271 119
1.600000 264 119
1.640000 260 118
1.680000 255 119
1.720000 250 119
1.760000 246 122
1.800000 243 122
1.840000 241 122
1.880000 236 123
1.920000 233 122
1.960000 230 119
2.000000 226 119
2.040000 223 118
2.080000 218 118
2.120000 213 118
2.160000 206 118
2.200000 201 119
2.240000 195 119
2.280000 190 119
2.320000 187 119
2.360000 184 121
2.400000 179 119
2.440000 174 119
2.480000 171 119
2.520000 168 118
2.560000 163 117
2.600000 158 116
2.640000 153 115
2.680000 147 117
2.720000 142 117
2.760000 136 118
2.800000 132 119
2.840000 127 120
2.880000 123 122
2.920000 121 121
2.960000 117 119
3.000000 112 119
3.040000 110 119
3.080000 106 117
3.120000 101 117
3.160000 96 116
3.200000 90 115
3.240000 85 117
3.280000 80 118
3.320000 75 118
3.360000 69 119
3.400000 66 120
3.440000 64 119
3.480000 59 119
3.520000 55 119
3.560000 53 118
3.600000 49 117
3.640000 45 117
3.680000 40 117
3.720000 35 117
3.760000 31 118
3.800000 28 118
3.840000 23 118
3.880000 19 118
3.920000 17 119
3.960000 13 119
4.000000 9 118
4.040000 7 118
4.080000 5 118
4.120000 2 116
4.160000 2 117
