1.040000 320 158
1.080000 313 155
1.120000 309 156
1.160000 305 157
1.200000 301 158
1.240000 298 159
1.280000 294 159
1.320000 290 159
1.360000 288 160
1.400000 284 159
1.440000 281 159
1.480000 277 159
1.520000 273 159
1.560000 268 159
1.600000 264 158
1.640000 260 159
1.680000 257 159
1.720000 252 159
1.760000 246 160
1.800000 242 160
1.840000 240 160
1.880000 236 160
1.920000 231 160
1.960000 226 159
2.000000 223 159
2.040000 219 159
2.080000 215 159
2.120000 210 158
2.160000 205 158
2.200000 200 159
2.240000 195 159
2.280000 191 160
2.320000 188 161
2.360000 184 161
2.400000 179 161
2.440000 175 160
2.480000 171 159
2.520000 167 159
2.560000 163 159
2.600000 158 159
2.640000 153 159
2.680000 149 159
2.720000 143 159
2.760000 138 160
2.800000 132 160
2.840000 129 160
2.880000 125 161
2.920000 121 161
2.960000 117 161
3.000000 112 160
3.040000 110 160
3.080000 105 159
3.120000 101 159
3.160000 95 159
3.200000 90 159
3.240000 85 159
3.280000 82 159
3.320000 75 159
3.360000 69 159
3.400000 69 160
3.440000 67 160
3.480000 60 160
3.520000 58 159
3.560000 56 159
3.600000 53 158
3.640000 49 157
3.680000 45 156
3.720000 40 156
3.760000 38 155
3.800000 33 155
3.840000 28 156
3.880000 25 158
3.920000 22 159
3.960000 18 159
4.000000 14 159
4.040000 10 159
4.080000 7 158
4.120000 2 155
