2.160000 295 61
2.240000 320 72
2.280000 320 68
2.320000 309 71
2.360000 296 62
2.400000 284 62
2.440000 270 59
2.480000 258 61
2.520000 251 61
2.560000 246 59
2.600000 244 57
2.640000 243 56
2.680000 242 56
2.720000 243 56
2.760000 244 56
2.800000 243 57
2.840000 243 58
2.880000 243 57
2.920000 243 57
2.960000 242 58
3.000000 242 58
3.040000 242 59
3.080000 241 59
3.120000 236 62
3.160000 231 67
3.200000 220 69
3.240000 208 67
3.280000 194 65
3.320000 184 58
3.360000 166 59
3.400000 153 56
3.440000 142 58
3.480000 132 57
3.520000 129 56
3.560000 127 56
3.600000 127 56
3.640000 127 56
3.680000 127 56
3.720000 127 56
3.760000 127 56
3.800000 127 56
3.840000 127 56
3.880000 127 56
3.920000 127 56
3.960000 127 56
4.000000 127 56
4.040000 123 58
4.080000 119 63
4.120000 110 67
4.160000 100 67
4.200000 88 66
4.240000 75 59
4.280000 63 58
4.320000 49 56
4.360000 38 57
4.400000 23 59
4.440000 23 56
4.480000 22 56
4.520000 22 56
4.560000 22 56
4.600000 23 56
4.640000 22 56
4.680000 22 57
4.720000 19 59
4.760000 22 56
4.800000 22 56
4.840000 21 56
4.880000 19 57
