2.080000 286 67
2.160000 283 61
2.200000 281 59
2.240000 283 59
2.280000 282 58
2.320000 283 58
2.360000 282 60
2.400000 288 56
2.440000 282 58
2.480000 282 58
2.520000 282 59
2.560000 281 58
2.600000 283 58
2.640000 282 57
2.680000 279 59
2.720000 268 61
2.760000 253 58
2.800000 239 63
2.840000 225 57
2.880000 209 58
2.920000 194 61
2.960000 183 63
3.000000 177 65
3.040000 175 60
3.080000 173 56
3.120000 173 56
3.160000 171 56
3.200000 172 55
3.240000 173 56
3.280000 173 56
3.320000 173 56
3.360000 175 56
3.400000 173 56
3.440000 173 56
3.480000 173 56
3.520000 173 56
3.560000 173 55
3.600000 173 54
3.640000 169 55
3.680000 158 56
3.720000 143 56
3.760000 127 61
3.800000 114 56
3.840000 99 56
3.880000 84 59
3.920000 70 64
3.960000 65 65
4.000000 64 61
4.040000 60 56
4.080000 60 56
4.120000 60 57
4.160000 60 58
4.200000 60 57
4.240000 64 59
4.280000 69 53
4.320000 62 56
4.360000 62 56
4.400000 62 56
4.440000 62 56
4.480000 62 56
4.520000 60 56
4.560000 54 57
4.600000 43 59
4.640000 29 59
4.680000 12 57
4.720000 7 61
4.760000 2 56
4.840000 10 55
4.880000 9 54
4.960000 12 52
