2.080000 314 97
2.160000 303 92
2.200000 299 92
2.240000 295 91
2.280000 293 92
2.320000 290 93
2.360000 293 93
2.400000 291 93
2.440000 288 92
2.480000 286 92
2.520000 283 91
2.560000 279 91
2.600000 274 91
2.640000 266 91
2.680000 256 90
2.720000 247 88
2.760000 238 91
2.800000 231 93
2.840000 225 95
2.880000 220 93
2.920000 216 91
2.960000 212 91
3.000000 206 89
3.040000 200 87
3.080000 195 87
3.120000 190 87
3.160000 188 90
3.200000 184 89
3.240000 183 88
3.280000 183 92
3.320000 181 93
3.360000 179 92
3.400000 178 92
3.440000 176 88
3.480000 173 87
3.520000 169 87
3.560000 164 87
3.600000 154 87
3.640000 144 87
3.680000 134 87
3.720000 127 87
3.760000 121 92
3.800000 110 93
3.840000 106 93
3.880000 101 92
3.920000 96 89
3.960000 92 88
4.000000 86 87
4.040000 81 87
4.080000 75 87
4.120000 75 88
4.160000 72 87
4.200000 70 87
4.240000 70 90
4.280000 70 88
4.320000 68 87
4.360000 65 87
4.400000 60 87
4.440000 55 87
4.480000 49 87
4.520000 39 87
4.560000 31 87
4.600000 23 88
4.640000 18 91
4.680000 14 92
4.720000 12 91
4.760000 2 92
4.800000 2 87
4.840000 6 87
4.880000 2 87
4.960000 2 79
