0.000000 304 134
0.040000 304 134
0.080000 304 134
0.120000 304 134
0.160000 304 134
0.200000 304 134
0.240000 304 134
0.280000 304 134
0.320000 304 134
0.360000 304 134
0.400000 304 134
0.440000 304 134
0.480000 304 134
0.520000 304 134
0.560000 304 134
0.600000 304 134
0.640000 304 134
0.680000 304 134
0.720000 304 134
0.760000 304 134
0.800000 304 134
0.840000 304 134
0.880000 304 134
0.920000 304 134
0.960000 304 134
1.000000 304 134
1.040000 304 134
1.080000 304 134
1.120000 304 134
1.160000 304 134
1.200000 304 134
1.240000 304 134
1.280000 304 134
1.320000 304 134
1.360000 304 134
1.400000 304 134
1.440000 304 134
1.480000 304 134
1.520000 304 134
1.560000 301 130
1.600000 299 130
1.640000 297 130
1.680000 295 130
1.720000 293 130
1.760000 291 130
1.800000 284 129
1.840000 279 128
1.880000 276 128
1.920000 267 128
1.960000 264 129
2.000000 261 129
2.040000 258 129
2.080000 255 129
2.120000 252 129
2.160000 249 129
2.200000 246 129
2.240000 237 133
2.280000 232 134
2.320000 228 136
2.360000 223 137
2.400000 220 136
2.440000 214 134
2.480000 207 130
2.520000 203 130
2.560000 200 130
2.600000 197 130
2.640000 194 130
2.680000 191 130
2.720000 188 130
2.760000 179 131
2.800000 169 129
2.840000 166 132
2.880000 195 124
2.920000 190 124
2.960000 185 124
3.000000 174 124
3.040000 169 125
3.080000 165 125
3.120000 161 125
3.160000 157 126
3.200000 153 126
3.240000 149 126
3.280000 145 126
3.320000 141 127
3.360000 137 127
3.400000 133 127
3.440000 129 128
3.480000 125 128
3.520000 121 128
3.560000 117 128
3.600000 113 129
3.640000 109 129
3.680000 105 129
3.720000 98 124
3.760000 96 126
3.800000 95 124
3.840000 91 124
3.880000 88 126
3.920000 83 123
3.960000 77 122
4.000000 71 123
4.040000 59 128
4.080000 55 129
4.120000 49 130
4.160000 46 130
4.200000 42 129
4.240000 38 130
4.280000 35 130
4.320000 32 130
4.360000 28 130
4.400000 25 130
4.440000 17 130
4.480000 16 130
4.520000 15 130
4.560000 14 130
4.600000 13 130
4.640000 8 126
4.680000 5 122
4.720000 5 122
4.760000 5 122
4.800000 5 122
4.840000 5 122
4.880000 5 122
4.920000 5 122
4.960000 5 122
5.000000 5 122
5.040000 5 122
5.080000 5 122
5.120000 5 122
5.160000 5 122
5.200000 5 122
5.240000 5 122
5.280000 5 122
5.320000 5 122
5.360000 5 122
5.400000 5 122
5.440000 5 122
5.480000 5 122
5.520000 5 122
