2.640000 316 64
2.680000 320 60
2.720000 320 60
2.800000 320 63
2.840000 320 63
2.880000 320 63
2.920000 316 67
2.960000 310 72
3.000000 301 71
3.040000 289 69
3.080000 277 61
3.120000 266 57
3.160000 249 56
3.200000 234 54
3.240000 223 55
3.280000 219 53
3.320000 219 52
3.360000 219 52
3.400000 219 52
3.440000 220 52
3.480000 220 52
3.520000 220 53
3.560000 220 55
3.600000 220 53
3.640000 220 52
3.680000 220 54
3.720000 220 54
3.760000 220 56
3.800000 219 57
3.840000 215 61
3.880000 207 66
3.920000 196 67
3.960000 185 67
4.000000 173 65
4.040000 158 56
4.080000 142 55
4.120000 126 51
4.160000 112 52
4.200000 102 52
4.240000 101 51
4.280000 101 51
4.320000 101 51
4.360000 101 51
4.400000 101 51
4.440000 101 52
4.480000 103 54
4.520000 102 52
4.560000 102 52
4.600000 102 52
4.640000 101 52
4.680000 102 56
4.720000 101 56
4.760000 97 61
4.800000 91 66
4.840000 81 67
4.880000 71 66
4.920000 59 65
4.960000 45 56
5.000000 34 60
5.040000 19 56
5.080000 8 56
5.120000 2 57
5.280000 27 71
