2.760000 290 120
2.800000 284 121
2.840000 279 122
2.880000 276 122
2.920000 273 120
2.960000 272 119
3.000000 270 118
3.040000 271 118
3.080000 273 117
3.120000 273 118
3.160000 273 113
3.200000 273 113
3.240000 273 113
3.280000 270 113
3.320000 267 113
3.360000 262 113
3.400000 254 113
3.440000 246 113
3.480000 236 113
3.520000 226 114
3.560000 216 113
3.600000 205 114
3.640000 194 115
3.680000 182 115
3.720000 173 118
3.760000 166 119
3.800000 160 121
3.840000 153 120
3.880000 149 119
3.920000 147 119
3.960000 145 117
4.000000 146 116
4.040000 147 114
4.080000 147 115
4.120000 147 114
4.160000 147 109
4.200000 145 112
4.240000 142 113
4.280000 138 112
4.320000 132 112
4.360000 124 112
4.400000 116 112
4.440000 106 113
4.480000 99 115
4.520000 84 113
4.560000 74 113
4.600000 63 113
4.640000 54 113
4.680000 49 117
4.720000 42 117
4.760000 38 117
4.800000 33 115
4.840000 30 114
4.880000 29 113
4.920000 28 113
4.960000 28 113
5.000000 27 112
5.040000 25 110
5.080000 23 112
5.120000 24 111
5.160000 23 113
5.200000 12 114
5.240000 7 113
