2.640000 299 59
2.680000 288 59
2.720000 275 61
2.760000 264 66
2.800000 261 65
2.840000 257 59
2.880000 257 56
2.920000 257 56
2.960000 257 56
3.000000 257 56
3.040000 257 56
3.080000 257 58
3.160000 257 56
3.200000 257 57
3.240000 257 56
3.280000 260 56
3.320000 258 56
3.360000 257 55
3.400000 257 56
3.440000 251 56
3.480000 236 56
3.520000 224 57
3.560000 206 57
3.600000 190 56
3.640000 174 57
3.680000 161 61
3.720000 152 62
3.760000 147 60
3.800000 146 56
3.840000 144 54
3.880000 145 53
3.920000 144 53
3.960000 144 54
4.000000 146 54
4.040000 145 52
4.080000 149 56
4.120000 145 54
4.160000 147 55
4.200000 145 54
4.240000 145 54
4.280000 145 52
4.320000 144 51
4.360000 138 52
4.400000 127 55
4.440000 111 54
4.480000 89 56
4.520000 81 56
4.560000 66 56
4.600000 50 61
4.640000 42 63
4.680000 38 63
4.720000 34 58
4.760000 34 56
4.800000 33 56
4.840000 33 56
4.880000 33 56
4.920000 34 56
4.960000 33 55
5.000000 34 56
5.040000 34 56
5.080000 34 56
5.120000 34 56
5.160000 34 56
5.200000 33 54
5.240000 33 54
5.280000 23 57
