1.880000 320 129
1.920000 320 134
1.960000 316 133
2.000000 311 134
2.040000 304 134
2.080000 299 134
2.120000 294 134
2.160000 286 132
2.200000 279 131
2.240000 274 132
2.280000 271 133
2.320000 267 134
2.360000 263 134
2.400000 262 134
2.440000 258 133
2.480000 257 133
2.520000 253 133
2.560000 251 133
2.600000 246 131
2.640000 241 130
2.680000 237 130
2.720000 232 131
2.760000 226 132
2.800000 220 133
2.840000 212 133
2.880000 205 134
2.920000 199 133
2.960000 190 133
3.000000 183 132
3.040000 174 129
3.080000 168 129
3.120000 162 130
3.160000 157 131
3.200000 152 130
3.240000 147 130
3.280000 143 130
3.320000 141 130
3.360000 138 133
3.400000 136 132
3.440000 132 133
3.480000 131 131
3.520000 126 129
3.560000 121 128
3.600000 116 128
3.640000 110 128
3.680000 105 128
3.720000 97 129
3.760000 93 130
3.800000 88 132
3.840000 79 129
3.880000 71 132
3.920000 65 132
3.960000 59 130
4.000000 53 130
4.040000 48 129
4.080000 43 129
4.120000 38 129
4.160000 34 129
4.200000 32 130
4.240000 29 132
4.280000 27 130
4.320000 23 130
4.360000 22 129
4.400000 18 129
4.440000 14 129
4.480000 12 128
4.520000 9 129
