0.000000 288 66
0.040000 288 66
0.080000 288 66
0.120000 288 66
0.160000 288 66
0.200000 288 66
0.240000 288 66
0.280000 288 66
0.320000 288 66
0.360000 288 66
0.400000 288 66
0.440000 288 66
0.480000 288 66
0.520000 288 66
0.560000 288 66
0.600000 288 66
0.640000 288 66
0.680000 288 66
0.720000 288 66
0.760000 288 66
0.800000 288 66
0.840000 288 66
0.880000 288 66
0.920000 288 66
0.960000 288 66
1.000000 288 66
1.040000 288 66
1.080000 288 66
1.120000 288 66
1.160000 288 66
1.200000 288 66
1.240000 288 66
1.280000 288 66
1.320000 288 66
1.360000 288 66
1.400000 288 66
1.440000 288 66
1.480000 288 66
1.520000 288 66
1.560000 288 66
1.600000 288 66
1.640000 288 66
1.680000 288 66
1.720000 288 66
1.760000 288 66
1.800000 288 66
1.840000 284 64
1.880000 283 61
1.920000 283 61
1.960000 283 61
2.000000 320 71
2.040000 314 76
2.080000 282 61
2.120000 284 62
2.160000 283 61
2.200000 266 61
2.240000 252 58
2.280000 241 58
2.320000 233 58
2.360000 231 56
2.400000 230 56
2.440000 230 56
2.480000 230 56
2.520000 231 56
2.560000 231 56
2.600000 231 57
2.640000 230 56
2.680000 230 56
2.720000 231 56
2.760000 179 59
2.800000 231 58
2.840000 169 56
2.880000 169 56
2.920000 169 56
2.960000 211 72
3.000000 203 72
3.040000 191 71
3.080000 179 69
3.120000 166 58
3.160000 148 56
3.200000 133 53
3.240000 119 55
3.280000 112 55
3.320000 107 54
3.360000 107 52
3.400000 107 52
3.440000 107 52
3.480000 107 52
3.520000 131 72
3.560000 107 54
3.600000 107 55
3.640000 107 54
3.680000 107 54
3.720000 107 55
3.760000 107 56
3.800000 106 57
3.840000 103 61
3.880000 99 65
3.920000 86 69
3.960000 80 70
4.000000 69 70
4.040000 59 67
4.080000 47 57
4.120000 34 57
4.160000 20 56
4.200000 8 57
4.240000 2 58
4.280000 2 58
4.320000 2 57
4.360000 8 62
4.400000 15 66
4.440000 22 71
4.480000 29 75
4.520000 29 75
4.560000 29 75
4.600000 29 75
4.640000 29 75
4.680000 29 75
4.720000 29 75
4.760000 29 75
4.800000 29 75
4.840000 29 75
4.880000 29 75
4.920000 29 75
4.960000 29 75
5.000000 29 75
5.040000 29 75
5.080000 29 75
5.120000 29 75
5.160000 29 75
5.200000 29 75
5.240000 29 75
5.280000 29 75
5.320000 29 75
5.360000 29 75
