0.000000 299 119
0.040000 299 119
0.080000 299 119
0.120000 299 119
0.160000 299 119
0.200000 299 119
0.240000 299 119
0.280000 299 119
0.320000 299 119
0.360000 299 119
0.400000 299 119
0.440000 299 119
0.480000 299 119
0.520000 299 119
0.560000 299 119
0.600000 299 119
0.640000 299 119
0.680000 299 119
0.720000 299 119
0.760000 299 119
0.800000 299 119
0.840000 299 119
0.880000 299 119
0.920000 299 119
0.960000 299 119
1.000000 299 119
1.040000 299 119
1.080000 299 119
1.120000 299 119
1.160000 299 119
1.200000 299 119
1.240000 299 119
1.280000 299 119
1.320000 299 119
1.360000 299 119
1.400000 299 119
1.440000 299 119
1.480000 299 119
1.520000 299 119
1.560000 299 119
1.600000 299 119
1.640000 299 119
1.680000 299 119
1.720000 299 119
1.760000 299 119
1.800000 299 119
1.840000 299 119
1.880000 299 119
1.920000 296 119
1.960000 294 119
2.000000 291 119
2.040000 289 119
2.080000 284 118
2.120000 282 119
2.160000 280 119
2.200000 278 119
2.240000 267 118
2.280000 264 118
2.320000 259 117
2.360000 255 118
2.400000 252 118
2.440000 248 118
2.480000 245 118
2.520000 241 119
2.560000 238 119
2.600000 234 119
2.640000 226 119
2.680000 220 118
2.720000 215 118
2.760000 210 117
2.800000 205 118
2.840000 200 118
2.880000 197 118
2.920000 190 118
2.960000 186 118
3.000000 182 118
3.040000 178 118
3.080000 174 118
3.120000 170 117
3.160000 166 117
3.200000 162 117
3.240000 158 117
3.280000 154 116
3.320000 150 116
3.360000 146 116
3.400000 142 116
3.440000 138 116
3.480000 134 115
3.520000 130 115
3.560000 126 115
3.600000 122 115
3.640000 112 113
3.680000 112 113
3.720000 112 113
3.760000 112 113
3.800000 112 113
3.840000 112 113
3.880000 112 113
3.920000 112 113
3.960000 112 113
4.000000 112 113
4.040000 112 113
4.080000 112 113
4.120000 112 113
4.160000 112 113
4.200000 112 113
4.240000 112 113
4.280000 112 113
4.320000 112 113
4.360000 112 113
4.400000 112 113
4.440000 112 113
4.480000 112 113
4.520000 112 113
4.560000 112 113
4.600000 112 113
4.640000 112 113
4.680000 112 113
4.720000 112 113
4.760000 112 113
4.800000 112 113
4.840000 112 113
4.880000 112 113
4.920000 112 113
4.960000 112 113
5.000000 112 113
5.040000 112 113
