3.800000 143 54
3.840000 143 52
3.880000 143 53
3.920000 143 53
3.960000 143 53
4.000000 144 54
4.040000 144 56
4.080000 143 56
4.120000 143 56
4.160000 143 54
4.200000 104 57
4.240000 143 54
4.280000 92 56
4.320000 142 56
4.360000 137 57
4.400000 132 61
4.440000 123 63
4.480000 115 64
4.520000 104 63
4.560000 92 58
4.600000 82 55
4.640000 68 56
4.680000 56 55
4.720000 48 56
4.760000 44 56
4.800000 43 55
4.840000 43 53
4.880000 43 53
4.920000 40 52
4.960000 42 52
5.000000 41 52
5.040000 42 54
5.080000 41 55
