3.800000 193 56
3.840000 190 60
3.880000 186 62
3.920000 179 66
3.960000 171 67
4.000000 162 66
4.040000 149 66
4.080000 139 63
4.120000 127 61
4.160000 116 57
4.200000 142 56
4.240000 95 58
4.280000 142 56
4.320000 91 56
4.360000 91 54
4.400000 91 54
4.440000 91 54
4.480000 91 55
4.520000 90 56
4.560000 91 56
4.600000 91 56
4.640000 90 55
4.680000 90 54
4.720000 90 56
4.760000 90 56
4.800000 89 56
4.840000 86 59
4.880000 81 61
4.920000 75 63
4.960000 69 65
5.000000 60 64
5.040000 49 64
5.080000 40 57
