3.800000 182 53
3.840000 183 54
3.880000 181 53
3.920000 175 55
3.960000 168 56
4.000000 157 54
4.040000 148 56
4.080000 132 54
4.120000 118 52
4.160000 102 54
4.200000 131 50
4.240000 85 60
4.280000 129 49
4.320000 81 55
4.360000 81 52
4.400000 81 52
4.440000 82 52
4.480000 81 53
4.520000 80 52
4.560000 80 53
4.600000 80 53
4.640000 80 54
4.680000 81 52
4.720000 81 52
4.760000 81 52
4.800000 81 53
4.840000 81 53
4.880000 79 54
4.920000 75 57
4.960000 64 57
5.000000 55 55
5.040000 45 56
5.080000 31 52
