0.000000 320 117
0.040000 320 117
0.080000 320 117
0.120000 320 117
0.160000 320 117
0.200000 320 117
0.240000 320 117
0.280000 320 117
0.320000 320 117
0.360000 320 117
0.400000 320 117
0.440000 320 117
0.480000 320 117
0.520000 320 117
0.560000 320 117
0.600000 320 117
0.640000 320 117
0.680000 320 117
0.720000 320 117
0.760000 320 117
0.800000 320 117
0.840000 320 117
0.880000 320 117
0.920000 320 117
0.960000 320 117
1.000000 320 117
1.040000 320 117
1.080000 320 117
1.120000 320 117
1.160000 320 117
1.200000 320 117
1.240000 320 117
1.280000 320 117
1.320000 320 117
1.360000 320 117
1.400000 320 117
1.440000 320 117
1.480000 320 117
1.520000 320 117
1.560000 320 117
1.600000 320 117
1.640000 320 117
1.680000 320 117
1.720000 320 117
1.760000 320 117
1.800000 320 117
1.840000 320 117
1.880000 320 117
1.920000 320 117
1.960000 320 117
2.000000 320 117
2.040000 320 117
2.080000 315 116
2.120000 313 118
2.160000 309 116
2.200000 304 115
2.240000 303 114
2.280000 299 113
2.320000 298 114
2.360000 295 114
2.400000 292 113
2.440000 288 113
2.480000 283 113
2.520000 280 113
2.560000 277 113
2.600000 273 113
2.640000 272 114
2.680000 268 115
2.720000 267 115
2.760000 264 115
2.800000 262 114
2.840000 258 113
2.880000 255 113
2.920000 252 113
2.960000 247 113
3.000000 244 114
3.040000 241 114
3.080000 236 114
3.120000 232 113
3.160000 230 113
3.200000 226 114
3.240000 222 113
3.280000 220 113
3.320000 216 110
3.360000 214 110
3.400000 210 111
3.440000 204 111
3.480000 200 112
3.520000 196 113
3.560000 194 113
3.600000 190 113
3.640000 187 113
3.680000 183 113
3.720000 179 113
3.760000 178 113
3.800000 174 111
3.840000 171 110
3.880000 167 109
3.920000 161 110
3.960000 155 112
4.000000 151 113
4.040000 148 113
4.080000 147 113
4.120000 142 113
4.160000 138 113
4.200000 136 112
4.240000 133 111
4.280000 137 111
4.320000 128 109
4.360000 122 108
4.400000 118 109
4.440000 114 111
4.480000 108 111
4.520000 105 113
4.560000 103 113
4.600000 103 113
4.640000 97 113
4.680000 95 113
4.720000 93 110
4.760000 86 111
4.800000 86 111
4.840000 79 109
4.880000 70 110
4.920000 66 111
4.960000 64 112
5.000000 60 113
5.040000 64 113
5.080000 58 113
5.120000 55 113
5.160000 53 112
5.200000 51 113
5.240000 49 112
5.280000 44 112
5.320000 42 111
5.360000 34 112
5.400000 34 112
5.440000 29 113
5.480000 28 113
5.520000 24 114
5.560000 21 113
5.600000 18 113
5.640000 12 112
5.680000 9 112
5.720000 6 112
5.760000 3 112
5.800000 2 115
5.840000 2 115
5.880000 2 115
5.920000 2 115
5.960000 2 115
6.000000 2 115
6.040000 2 115
6.080000 2 115
6.120000 2 115
