3.400000 155 53
3.440000 156 52
3.480000 157 53
3.520000 162 54
3.560000 168 58
3.600000 163 55
3.640000 159 54
3.680000 155 54
3.720000 150 53
3.760000 137 55
3.800000 128 56
3.840000 125 56
3.880000 122 56
3.920000 121 56
3.960000 128 55
4.000000 126 54
4.040000 127 56
4.080000 134 60
4.120000 132 62
4.160000 125 63
4.200000 116 61
4.240000 106 57
4.280000 95 56
4.320000 87 56
4.360000 81 56
4.400000 80 56
4.440000 91 56
4.480000 89 56
4.520000 80 55
4.560000 79 55
4.600000 81 58
4.640000 84 63
4.680000 82 64
4.720000 76 62
