3.400000 186 87
3.440000 182 87
3.480000 176 87
3.520000 167 87
3.560000 159 87
3.600000 154 87
3.640000 149 88
3.680000 146 90
3.720000 144 90
3.760000 146 89
3.800000 145 88
3.840000 143 87
3.880000 139 86
3.920000 135 86
3.960000 129 86
4.000000 125 85
4.040000 119 85
4.080000 111 86
4.120000 109 86
4.160000 106 87
4.200000 106 88
4.240000 105 88
4.280000 105 88
4.320000 103 88
4.360000 100 88
4.400000 95 87
4.440000 87 87
4.480000 82 87
4.520000 81 87
4.560000 76 87
4.600000 70 87
4.640000 64 87
4.680000 61 88
4.720000 59 88
