1.600000 288 60
1.680000 320 64
1.720000 288 60
1.760000 288 58
1.800000 279 57
1.840000 288 59
1.880000 251 62
1.920000 245 63
1.960000 242 61
2.000000 241 56
2.040000 240 56
2.080000 240 56
2.120000 239 56
2.160000 240 56
2.200000 240 56
2.240000 240 56
2.280000 238 56
2.320000 238 56
2.360000 239 56
2.400000 238 55
2.440000 239 55
2.480000 240 55
2.520000 237 53
2.560000 231 56
2.600000 220 55
2.640000 205 54
2.680000 181 55
2.720000 173 53
2.760000 157 55
2.800000 142 58
2.840000 131 61
2.880000 126 60
2.920000 125 56
2.960000 123 54
3.000000 123 55
3.040000 171 56
3.080000 123 54
3.120000 123 54
3.160000 123 54
3.200000 119 54
3.240000 98 57
3.280000 86 61
3.320000 123 52
3.360000 125 52
3.400000 70 57
3.440000 123 52
3.480000 120 54
3.520000 70 56
3.560000 95 55
3.600000 75 56
3.640000 66 54
3.680000 53 56
3.720000 38 58
3.760000 27 61
3.800000 21 63
3.840000 19 61
3.880000 19 57
3.920000 19 58
3.960000 19 57
4.000000 19 56
4.040000 19 56
4.080000 20 56
4.120000 18 56
4.160000 17 56
4.200000 18 56
4.240000 18 56
4.320000 18 56
4.360000 18 56
