1.720000 314 139
1.760000 310 139
1.800000 308 137
1.840000 304 136
1.880000 300 137
1.920000 298 135
1.960000 294 134
2.000000 288 135
2.040000 283 135
2.080000 278 135
2.120000 272 135
2.160000 266 135
2.200000 259 137
2.240000 253 136
2.280000 247 139
2.320000 242 138
2.360000 233 134
2.400000 227 135
2.440000 221 135
2.480000 216 135
2.520000 210 134
2.560000 205 135
2.600000 203 136
2.640000 200 138
2.680000 195 138
2.720000 194 138
2.760000 190 135
2.800000 185 135
2.840000 181 134
2.880000 177 134
2.920000 170 133
2.960000 164 134
3.000000 158 134
3.040000 153 134
3.080000 147 134
3.120000 142 134
3.160000 135 135
3.200000 127 134
3.240000 121 135
3.280000 114 135
3.320000 107 134
3.360000 101 134
3.400000 96 133
3.440000 91 134
3.480000 86 135
3.520000 82 134
3.560000 79 135
3.600000 75 135
3.640000 73 137
3.680000 68 135
3.720000 65 134
3.760000 63 133
3.800000 59 132
3.840000 54 132
3.880000 49 130
3.920000 44 132
3.960000 38 133
4.000000 33 133
4.040000 28 133
4.080000 22 133
4.120000 18 134
4.160000 12 135
4.200000 6 136
4.240000 2 135
4.280000 2 135
4.320000 6 134
