1.600000 320 154
1.680000 314 157
1.720000 309 158
1.760000 304 157
1.800000 300 156
1.840000 296 156
1.880000 292 155
1.920000 288 155
1.960000 283 154
2.000000 278 155
2.040000 273 155
2.080000 268 155
2.120000 264 156
2.160000 260 157
2.200000 257 158
2.240000 251 159
2.280000 247 159
2.320000 242 158
2.360000 236 156
2.400000 231 156
2.440000 226 155
2.480000 221 156
2.520000 216 156
2.560000 210 156
2.600000 205 158
2.640000 201 159
2.680000 195 159
2.720000 190 159
2.760000 186 159
2.800000 181 158
2.840000 177 156
2.880000 171 156
2.920000 167 155
2.960000 160 155
3.000000 155 156
3.040000 149 156
3.080000 144 157
3.120000 140 158
3.160000 136 159
3.200000 132 159
3.240000 127 159
3.280000 121 156
3.320000 116 155
3.360000 111 154
3.400000 106 154
3.440000 101 154
3.480000 95 155
3.520000 90 155
3.560000 86 157
3.600000 81 158
3.640000 76 159
3.680000 71 156
3.720000 68 155
3.760000 61 154
3.800000 57 154
3.840000 53 152
3.880000 48 151
3.920000 44 154
3.960000 38 154
4.000000 34 154
4.040000 31 154
4.080000 27 154
4.120000 23 154
4.160000 18 154
4.200000 14 154
4.240000 11 153
4.280000 6 152
4.320000 2 150
