1.680000 308 137
1.720000 303 138
1.760000 297 138
1.800000 293 138
1.840000 287 137
1.880000 282 137
1.920000 277 137
1.960000 272 136
2.000000 268 136
2.040000 262 137
2.080000 260 137
2.120000 257 137
2.160000 253 137
2.200000 247 138
2.320000 236 139
2.360000 231 137
2.400000 225 135
2.440000 221 137
2.480000 216 137
2.520000 211 137
2.560000 205 137
2.680000 190 139
2.720000 186 138
2.760000 179 137
2.800000 174 137
2.840000 169 136
2.880000 164 135
2.920000 158 135
2.960000 153 135
3.000000 148 135
3.040000 144 135
3.080000 139 135
3.320000 121 135
3.360000 116 135
3.400000 111 135
3.440000 106 135
3.480000 101 135
3.680000 67 138
3.720000 62 134
3.760000 59 134
3.800000 54 133
3.840000 49 132
3.880000 44 132
3.920000 39 133
3.960000 35 133
4.000000 37 135
4.240000 18 134
4.280000 14 135
4.320000 10 134
