4.600000 221 56
4.640000 221 56
4.680000 221 55
4.720000 221 56
4.760000 221 55
4.800000 221 56
4.840000 222 56
4.880000 221 56
4.920000 221 56
4.960000 220 55
5.000000 177 59
5.040000 220 56
5.080000 220 56
5.120000 219 56
5.160000 215 59
5.200000 210 61
5.240000 204 66
5.280000 195 67
5.320000 184 67
5.360000 170 66
5.400000 160 57
5.440000 148 57
5.480000 136 56
5.520000 123 56
5.560000 113 56
5.600000 107 56
5.640000 107 56
5.680000 106 55
5.720000 106 55
5.760000 146 67
5.800000 107 55
5.840000 128 68
