1.440000 310 125
1.480000 307 127
1.520000 303 124
1.560000 299 125
1.600000 298 125
1.640000 294 125
1.680000 294 125
1.720000 293 125
1.760000 292 128
1.800000 288 124
1.840000 287 124
1.880000 283 124
1.920000 281 123
1.960000 277 122
2.000000 273 121
2.040000 268 121
2.080000 262 120
2.120000 257 122
2.160000 251 122
2.200000 243 124
2.240000 236 124
2.280000 230 124
2.320000 221 124
2.360000 215 124
2.400000 210 126
2.440000 205 126
2.480000 200 126
2.520000 197 124
2.560000 195 124
2.600000 192 123
2.640000 190 124
2.680000 189 125
2.720000 187 124
2.760000 184 124
2.800000 184 126
2.840000 182 123
2.880000 179 123
2.920000 177 123
2.960000 173 122
3.000000 169 121
3.040000 164 119
3.080000 158 119
3.120000 153 119
3.160000 147 119
3.200000 138 120
3.240000 132 126
3.280000 124 123
3.320000 116 123
3.360000 110 124
3.400000 103 126
3.440000 98 127
3.480000 91 124
3.520000 89 125
3.560000 85 124
3.600000 84 124
3.640000 81 123
3.680000 81 123
3.720000 79 123
3.760000 79 123
3.800000 75 123
3.840000 74 123
3.880000 71 123
3.920000 69 122
3.960000 66 121
4.000000 64 123
4.040000 60 119
4.080000 55 119
4.120000 51 119
4.160000 47 121
4.200000 39 119
4.240000 35 123
4.280000 30 122
4.320000 23 122
4.360000 18 124
4.400000 13 124
4.440000 8 124
4.520000 1 128
4.560000 2 128
4.600000 2 129
4.640000 2 130
4.680000 2 124
