1.440000 314 163
1.480000 310 162
1.520000 307 160
1.560000 303 161
1.600000 299 162
1.640000 295 164
1.680000 292 164
1.720000 288 165
1.760000 284 165
1.800000 281 165
1.840000 277 165
1.880000 273 165
1.920000 270 164
1.960000 267 164
2.000000 262 164
2.040000 259 163
2.080000 255 164
2.120000 251 165
2.160000 247 165
2.200000 245 165
2.240000 241 165
2.280000 236 165
2.320000 232 165
2.360000 229 165
2.400000 225 165
2.440000 220 165
2.480000 216 165
2.520000 210 164
2.560000 205 165
2.600000 201 165
2.640000 199 165
2.680000 194 165
2.720000 190 166
2.760000 186 166
2.800000 183 166
2.840000 179 166
2.880000 174 165
2.920000 170 165
2.960000 166 165
3.000000 163 164
3.040000 158 164
3.080000 153 165
3.120000 149 165
3.160000 145 165
3.200000 142 165
3.240000 137 166
3.280000 133 166
3.320000 128 165
3.360000 125 165
3.400000 121 165
3.440000 118 165
3.480000 115 165
3.520000 110 164
3.560000 106 164
3.600000 102 164
3.640000 99 164
3.680000 95 164
3.720000 90 165
3.760000 86 165
3.800000 84 165
3.840000 81 165
3.880000 76 165
3.920000 73 165
3.960000 70 165
4.000000 66 163
4.040000 64 164
4.080000 59 163
4.120000 55 161
4.160000 53 163
4.200000 49 163
4.240000 45 163
4.280000 42 164
4.320000 38 164
4.360000 35 164
4.400000 32 164
4.440000 29 163
4.480000 27 161
4.520000 23 160
4.560000 19 160
4.600000 17 160
4.640000 13 159
4.680000 10 159
4.720000 7 159
4.760000 2 160
4.800000 2 160
4.840000 2 159
