1.480000 299 124
1.720000 275 128
1.760000 268 129
1.800000 262 131
1.840000 255 133
1.880000 249 134
1.920000 242 135
1.960000 241 138
2.000000 236 139
2.040000 232 138
2.080000 231 137
2.120000 229 135
2.160000 227 134
2.200000 227 133
2.240000 227 129
2.320000 220 124
2.360000 216 128
2.400000 212 129
2.440000 207 128
2.520000 225 128
2.560000 220 127
2.600000 214 123
2.800000 169 129
2.840000 162 131
2.880000 153 131
2.920000 147 134
2.960000 141 134
3.000000 137 135
3.040000 132 135
3.080000 130 135
3.120000 129 135
3.160000 127 133
3.200000 126 132
3.240000 126 129
3.280000 122 128
3.360000 111 128
3.400000 132 128
3.440000 132 128
3.480000 131 126
3.520000 127 126
3.560000 123 124
3.600000 118 124
3.640000 112 123
3.680000 106 123
3.880000 63 128
3.920000 55 130
3.960000 53 133
4.000000 48 134
4.040000 45 134
4.080000 40 134
4.120000 38 134
4.160000 34 133
4.200000 33 130
4.440000 42 124
4.480000 42 125
4.520000 40 126
4.560000 39 124
4.600000 38 124
4.640000 34 124
4.680000 29 124
4.720000 24 123
4.760000 19 123
4.800000 12 123
