3.200000 148 56
3.240000 147 54
3.280000 147 54
3.320000 195 56
3.360000 147 54
3.400000 147 54
3.440000 147 54
3.480000 145 55
3.520000 147 54
3.560000 146 54
3.600000 105 61
3.640000 147 53
3.680000 147 52
3.720000 94 57
3.760000 92 56
3.800000 146 54
3.840000 137 55
3.880000 124 56
3.920000 110 56
3.960000 91 55
4.000000 83 55
4.040000 69 54
4.080000 55 56
4.120000 91 56
4.160000 44 59
4.200000 42 57
4.240000 92 56
4.280000 39 54
4.320000 90 55
4.360000 39 54
4.400000 40 54
4.440000 40 54
4.480000 39 54
4.520000 38 54
4.560000 39 54
4.600000 12 61
4.640000 40 55
4.680000 39 53
4.720000 39 53
4.760000 43 52
4.800000 34 55
4.840000 27 56
4.880000 21 57
4.920000 14 58
4.960000 8 59
