3.200000 181 111
3.240000 175 112
3.280000 169 113
3.320000 168 113
3.360000 162 113
3.400000 161 114
3.440000 158 117
3.480000 153 117
3.520000 149 117
3.560000 146 113
3.600000 138 113
3.640000 138 109
3.680000 132 111
3.720000 123 111
3.760000 118 111
3.800000 117 113
3.840000 112 114
3.880000 107 117
3.920000 103 117
3.960000 99 117
4.000000 94 116
4.040000 90 116
4.080000 86 114
4.120000 86 111
4.160000 76 112
4.200000 73 113
4.240000 71 112
4.280000 62 113
4.320000 59 113
4.360000 54 113
4.400000 51 113
4.440000 48 114
4.480000 44 117
4.520000 40 113
4.560000 38 113
4.600000 33 112
4.640000 29 112
4.680000 28 111
4.720000 23 112
4.760000 18 112
4.800000 13 113
4.840000 5 116
4.880000 4 117
4.920000 3 117
4.960000 2 118
