3.200000 182 152
3.240000 177 153
3.280000 171 153
3.320000 167 154
3.360000 163 154
3.400000 160 155
3.440000 159 155
3.480000 153 155
3.520000 148 155
3.560000 147 154
3.600000 139 154
3.640000 132 152
3.680000 132 153
3.720000 126 152
3.760000 121 154
3.800000 113 153
3.840000 111 154
3.880000 111 154
3.920000 102 155
3.960000 101 155
4.000000 100 155
4.040000 92 154
4.080000 84 154
4.120000 80 152
4.160000 75 150
4.200000 72 150
4.240000 66 150
4.280000 63 150
4.320000 58 150
4.360000 55 150
4.400000 54 151
4.440000 53 152
4.480000 49 152
4.520000 45 151
4.560000 43 150
4.600000 39 149
4.640000 34 150
4.680000 32 149
4.720000 29 148
4.760000 23 149
4.800000 20 149
4.840000 12 150
4.880000 10 150
4.920000 9 150
4.960000 7 150
