2.120000 320 118
2.160000 320 117
2.200000 312 119
2.240000 305 121
2.280000 301 122
2.320000 298 123
2.360000 297 123
2.400000 293 124
2.440000 288 124
2.480000 288 123
2.520000 283 122
2.560000 277 119
2.600000 273 119
2.640000 268 119
2.680000 263 119
2.720000 257 121
2.760000 253 122
2.800000 247 122
2.840000 242 122
2.880000 238 122
2.920000 235 123
2.960000 231 123
3.000000 227 123
3.040000 223 122
3.080000 220 120
3.120000 214 119
3.160000 209 119
3.200000 203 119
3.240000 197 119
3.280000 190 119
3.320000 185 120
3.360000 181 120
3.400000 177 122
3.440000 174 123
3.480000 169 122
3.520000 164 121
3.560000 159 119
3.600000 156 118
3.640000 151 118
3.680000 145 117
3.720000 139 117
3.760000 134 117
3.800000 127 118
3.840000 125 119
3.880000 120 121
3.920000 115 122
3.960000 112 122
4.000000 107 121
4.040000 104 121
4.080000 100 121
4.120000 95 119
4.160000 90 119
4.200000 84 118
4.240000 79 119
4.280000 73 119
4.320000 66 119
4.360000 63 120
4.400000 60 122
4.440000 58 120
4.480000 54 121
4.520000 49 120
4.560000 47 119
4.600000 43 119
4.640000 39 118
4.680000 34 118
4.720000 29 118
4.760000 23 118
4.800000 18 118
4.840000 15 119
4.880000 11 118
4.920000 8 119
4.960000 7 120
5.000000 2 120
5.040000 2 122
