2.160000 320 156
2.200000 314 157
2.240000 309 158
2.280000 305 159
2.320000 303 159
2.360000 299 160
2.400000 296 160
2.440000 293 160
2.480000 288 160
2.520000 285 159
2.560000 279 159
2.600000 275 158
2.640000 271 159
2.680000 266 159
2.720000 262 159
2.760000 257 159
2.800000 251 159
2.840000 247 159
2.880000 243 160
2.920000 238 161
2.960000 233 161
3.000000 229 161
3.040000 225 161
3.080000 220 159
3.120000 215 159
3.160000 210 159
3.200000 205 159
3.240000 200 159
3.280000 195 159
3.320000 190 160
3.360000 186 160
3.400000 182 160
3.440000 178 161
3.480000 173 161
3.520000 168 160
3.560000 163 159
3.600000 158 158
3.640000 153 156
3.680000 147 156
3.720000 142 156
3.760000 136 156
3.800000 132 156
3.840000 127 158
3.880000 122 159
3.920000 117 159
3.960000 112 159
4.000000 108 159
4.040000 103 159
4.080000 100 158
4.120000 95 156
4.160000 88 156
4.200000 85 155
4.240000 80 155
4.280000 75 156
4.320000 70 156
4.360000 66 156
4.400000 62 158
4.440000 59 157
4.480000 55 156
4.520000 49 157
4.560000 46 156
4.600000 42 155
4.640000 38 155
4.680000 34 154
4.720000 29 154
4.760000 24 154
4.800000 20 154
4.840000 16 154
4.880000 13 155
4.920000 10 155
4.960000 7 156
5.000000 2 156
5.040000 2 155
