2.360000 297 61
2.400000 283 65
2.440000 277 69
2.480000 271 67
2.520000 270 61
2.560000 269 61
2.640000 310 59
2.680000 268 59
2.720000 292 59
2.760000 271 61
2.800000 264 58
2.840000 270 61
2.880000 268 59
2.920000 268 60
2.960000 268 59
3.000000 268 59
3.040000 268 58
3.080000 268 59
3.120000 262 61
3.160000 251 61
3.200000 236 59
3.240000 229 61
3.280000 207 58
3.320000 190 57
3.360000 210 54
3.400000 210 54
3.440000 211 55
3.480000 210 54
3.520000 213 54
3.560000 211 52
3.600000 153 56
3.640000 152 56
3.680000 151 56
3.720000 151 56
3.760000 153 56
3.800000 155 59
3.840000 151 56
3.880000 151 56
3.920000 150 56
3.960000 151 56
4.000000 151 56
4.040000 152 56
4.080000 148 57
4.120000 90 53
4.160000 122 58
4.200000 109 61
4.240000 89 56
4.280000 81 58
4.320000 65 61
4.360000 51 62
4.400000 44 67
4.440000 40 67
4.480000 39 61
4.520000 38 58
4.560000 36 57
4.600000 38 57
4.640000 34 57
4.680000 36 58
4.720000 38 59
4.800000 38 57
4.840000 38 57
4.880000 36 56
4.920000 37 56
4.960000 37 56
5.000000 38 56
5.040000 38 56
5.120000 27 61
