2.520000 308 162
2.560000 303 162
2.600000 299 164
2.640000 294 165
2.680000 289 165
2.720000 284 165
2.760000 281 165
2.800000 275 164
2.840000 271 163
2.880000 266 162
2.920000 261 162
2.960000 256 161
3.000000 251 162
3.040000 246 164
3.080000 242 165
3.120000 237 166
3.160000 233 168
3.200000 227 167
3.240000 221 167
3.280000 216 165
3.320000 210 165
3.360000 205 165
3.400000 199 165
3.440000 194 165
3.480000 188 165
3.520000 183 165
3.560000 178 167
3.600000 173 169
3.640000 169 169
3.680000 164 168
3.720000 157 166
3.760000 153 165
3.800000 147 165
3.840000 142 164
3.880000 136 164
3.920000 131 164
3.960000 122 164
4.000000 120 165
4.040000 115 165
4.080000 108 167
4.120000 102 166
4.160000 96 165
4.200000 95 165
4.240000 91 165
4.280000 86 163
4.320000 82 162
4.360000 78 160
4.400000 73 160
4.440000 62 161
4.480000 59 163
4.520000 55 164
4.560000 49 165
4.600000 45 165
4.640000 41 164
4.680000 34 163
4.720000 29 161
4.760000 27 159
4.800000 21 159
4.840000 18 159
4.880000 10 159
4.960000 6 159
