4.240000 279 61
4.360000 271 57
4.400000 271 56
4.440000 270 56
4.480000 270 56
4.520000 270 56
4.560000 271 55
4.600000 271 56
4.640000 268 55
4.680000 268 56
4.720000 232 59
4.760000 268 55
4.800000 270 55
4.840000 270 55
4.880000 269 53
4.920000 269 54
4.960000 212 56
5.000000 257 56
5.040000 245 56
5.080000 227 56
5.120000 211 53
5.200000 183 53
5.240000 169 56
5.280000 160 60
5.320000 155 59
5.360000 153 56
5.400000 153 53
5.440000 153 51
5.480000 153 51
5.520000 153 51
5.560000 153 51
5.600000 153 51
5.640000 153 50
5.680000 152 50
5.720000 121 56
5.760000 153 50
5.800000 153 50
5.840000 153 50
5.880000 152 50
5.920000 152 50
5.960000 148 50
6.000000 142 53
6.040000 127 52
6.080000 114 52
6.120000 94 54
6.160000 85 51
6.200000 71 52
6.240000 58 57
6.280000 49 60
6.320000 43 61
6.360000 41 59
6.400000 93 52
6.440000 39 56
6.480000 38 56
6.520000 38 55
6.560000 38 54
6.600000 38 54
6.640000 38 54
6.680000 38 53
6.720000 38 54
6.760000 38 54
6.800000 39 54
6.840000 39 52
6.880000 39 52
6.920000 39 52
6.960000 38 52
7.000000 34 55
7.080000 11 54
