4.240000 304 88
4.320000 320 82
4.360000 297 87
4.400000 294 89
4.440000 292 91
4.480000 289 89
4.520000 288 87
4.560000 285 91
4.600000 283 89
4.640000 283 89
4.680000 280 88
4.720000 253 90
4.760000 275 87
4.800000 272 87
4.840000 268 87
4.880000 262 87
4.920000 255 87
4.960000 231 87
5.000000 232 86
5.040000 227 87
5.080000 220 87
5.120000 211 90
5.160000 203 91
5.200000 199 91
5.240000 194 87
5.280000 190 86
5.320000 185 83
5.360000 179 83
5.400000 174 83
5.440000 170 85
5.480000 168 87
5.520000 164 85
5.560000 164 85
5.600000 161 87
5.640000 160 86
5.680000 160 84
5.720000 137 91
5.760000 156 82
5.800000 153 82
5.840000 148 82
5.880000 144 82
5.920000 134 84
5.960000 123 84
6.000000 112 85
6.040000 107 85
6.080000 97 87
6.120000 90 87
6.160000 83 89
6.200000 79 90
6.240000 75 89
6.280000 71 83
6.320000 68 83
6.360000 64 82
6.400000 84 87
6.440000 56 82
6.480000 54 85
6.520000 52 85
6.560000 49 86
6.600000 45 87
6.640000 44 87
6.680000 43 87
6.720000 42 86
6.760000 39 83
6.800000 38 82
6.840000 34 82
6.880000 31 82
6.920000 24 85
6.960000 16 87
7.000000 8 85
7.080000 2 80
7.120000 2 92
