4.200000 310 136
4.240000 306 136
4.280000 303 135
4.320000 298 135
4.360000 294 135
4.400000 292 136
4.440000 288 137
4.480000 288 138
4.520000 284 135
4.600000 279 138
4.680000 272 136
4.720000 267 135
4.760000 262 135
4.800000 257 135
4.840000 252 135
4.880000 247 133
4.920000 242 134
4.960000 239 136
5.080000 224 136
5.120000 218 139
5.160000 211 139
5.200000 205 136
5.240000 200 137
5.280000 194 137
5.320000 190 137
5.360000 184 135
5.400000 180 137
5.440000 179 139
5.480000 176 136
5.600000 167 139
5.640000 159 138
5.680000 166 139
5.720000 164 139
5.760000 159 139
5.800000 156 139
5.840000 151 137
5.880000 145 136
5.920000 138 136
5.960000 132 135
6.000000 107 135
6.040000 108 137
6.160000 105 136
6.200000 92 135
6.240000 86 135
6.280000 82 135
6.320000 77 134
6.360000 71 134
6.400000 69 133
6.440000 66 133
6.480000 69 134
6.520000 56 134
6.640000 55 135
6.680000 54 137
6.720000 50 136
6.760000 49 134
6.800000 44 134
6.840000 40 133
6.880000 36 133
6.920000 31 133
6.960000 26 133
7.000000 20 133
7.040000 16 132
7.120000 8 134
