0.000000 320 133
0.040000 320 133
0.080000 320 133
0.120000 320 133
0.160000 320 133
0.200000 320 133
0.240000 320 133
0.280000 320 133
0.320000 320 133
0.360000 320 133
0.400000 320 133
0.440000 320 133
0.480000 320 133
0.520000 320 133
0.560000 320 133
0.600000 320 133
0.640000 320 133
0.680000 320 133
0.720000 320 133
0.760000 320 133
0.800000 320 133
0.840000 320 133
0.880000 320 133
0.920000 320 133
0.960000 320 133
1.000000 320 133
1.040000 320 133
1.080000 320 133
1.120000 320 133
1.160000 320 133
1.200000 320 133
1.240000 320 133
1.280000 320 133
1.320000 320 133
1.360000 320 133
1.400000 320 133
1.440000 320 133
1.480000 320 133
1.520000 320 133
1.560000 320 133
1.600000 320 133
1.640000 320 133
1.680000 320 133
1.720000 320 133
1.760000 320 133
1.800000 320 133
1.840000 320 133
1.880000 320 133
1.920000 320 133
1.960000 320 133
2.000000 320 133
2.040000 320 133
2.080000 320 133
2.120000 320 133
2.160000 320 133
2.200000 320 133
2.240000 320 133
2.280000 320 133
2.320000 313 132
2.360000 308 129
2.400000 303 129
2.440000 298 128
2.480000 294 128
2.520000 288 129
2.560000 286 129
2.600000 283 129
2.640000 279 130
2.680000 277 130
2.720000 274 131
2.760000 272 130
2.800000 268 133
2.840000 266 131
2.880000 262 130
2.920000 257 130
2.960000 252 129
3.000000 247 129
3.040000 242 128
3.080000 236 128
3.120000 231 128
3.160000 224 129
3.200000 218 130
3.240000 214 130
3.280000 207 130
3.320000 199 129
3.360000 194 128
3.400000 188 128
3.440000 183 128
3.480000 178 128
3.520000 174 128
3.560000 171 128
3.600000 168 129
3.640000 164 129
3.680000 162 130
3.720000 158 131
3.760000 155 131
3.800000 153 130
3.840000 147 130
3.880000 143 129
3.920000 138 128
3.960000 132 128
4.000000 127 128
4.040000 121 128
4.080000 116 128
4.120000 110 128
4.160000 102 129
4.200000 97 128
4.240000 90 128
4.280000 84 129
4.320000 78 129
4.360000 73 128
4.400000 68 127
4.440000 64 128
4.480000 59 128
4.520000 55 128
4.560000 51 128
4.600000 49 130
4.640000 45 130
4.680000 44 133
4.720000 40 131
4.760000 38 132
4.800000 34 129
4.840000 31 128
4.880000 27 128
4.920000 23 127
4.960000 18 128
5.000000 7 128
5.040000 5 129
5.080000 3 130
5.120000 2 130
5.160000 2 130
5.200000 2 130
5.240000 1 130
5.280000 1 130
5.320000 1 129
5.360000 1 129
5.400000 1 129
5.440000 1 129
5.480000 1 129
