0.000000 314 91
0.040000 314 91
0.080000 314 91
0.120000 314 91
0.160000 314 91
0.200000 314 91
0.240000 314 91
0.280000 314 91
0.320000 314 91
0.360000 314 91
0.400000 314 91
0.440000 314 91
0.480000 314 91
0.520000 314 91
0.560000 314 91
0.600000 314 91
0.640000 314 91
0.680000 314 91
0.720000 314 91
0.760000 314 91
0.800000 314 91
0.840000 314 91
0.880000 314 91
0.920000 314 91
0.960000 314 91
1.000000 314 91
1.040000 314 91
1.080000 314 91
1.120000 314 91
1.160000 314 91
1.200000 314 91
1.240000 314 91
1.280000 314 91
1.320000 314 91
1.360000 314 91
1.400000 314 91
1.440000 314 91
1.480000 314 91
1.520000 314 91
1.560000 314 91
1.600000 314 91
1.640000 314 91
1.680000 314 91
1.720000 314 91
1.760000 314 91
1.800000 314 91
1.840000 314 91
1.880000 314 91
1.920000 314 91
1.960000 314 91
2.000000 314 91
2.040000 314 91
2.080000 314 91
2.120000 314 91
2.160000 314 91
2.200000 314 91
2.240000 314 90
2.280000 310 91
2.320000 310 89
2.360000 308 89
2.400000 305 88
2.440000 303 88
2.480000 298 88
2.520000 292 88
2.560000 283 87
2.600000 275 87
2.640000 268 87
2.680000 260 88
2.720000 253 91
2.760000 247 92
2.800000 243 91
2.840000 240 91
2.880000 236 87
2.920000 232 87
2.960000 227 87
3.000000 221 85
3.040000 218 86
3.080000 215 87
3.120000 214 87
3.160000 212 87
3.200000 210 85
3.240000 210 86
3.280000 207 85
3.320000 205 83
3.360000 203 83
3.400000 199 83
3.440000 194 83
3.480000 188 85
3.520000 179 83
3.560000 169 84
3.600000 160 85
3.640000 152 87
3.680000 145 87
3.720000 138 88
3.760000 133 87
3.800000 127 87
3.840000 127 87
3.880000 122 86
3.920000 117 83
3.960000 112 83
4.000000 107 84
4.040000 105 85
4.080000 101 84
4.120000 101 84
4.160000 97 87
4.200000 97 87
4.240000 95 87
4.280000 92 87
4.320000 91 83
4.360000 89 83
4.400000 85 82
4.440000 80 82
4.480000 70 83
4.520000 60 83
4.560000 54 83
4.600000 45 86
4.640000 39 87
4.680000 34 87
4.720000 29 88
4.760000 25 87
4.800000 23 87
4.840000 20 87
4.880000 18 87
4.920000 13 85
4.960000 10 86
5.000000 6 87
5.040000 5 87
5.080000 4 87
5.120000 3 87
5.160000 2 93
5.200000 2 93
5.240000 2 93
5.280000 2 93
5.320000 2 93
5.360000 2 93
5.400000 2 93
5.440000 2 93
5.480000 2 93
