0.000000 320 124
0.040000 320 124
0.080000 320 124
0.120000 320 124
0.160000 320 124
0.200000 320 124
0.240000 320 124
0.280000 320 124
0.320000 320 124
0.360000 320 124
0.400000 320 124
0.440000 320 124
0.480000 320 124
0.520000 320 124
0.560000 320 124
0.600000 320 124
0.640000 320 124
0.680000 320 124
0.720000 320 124
0.760000 320 124
0.800000 320 124
0.840000 320 124
0.880000 320 124
0.920000 320 124
0.960000 320 124
1.000000 320 124
1.040000 320 124
1.080000 320 124
1.120000 320 124
1.160000 320 124
1.200000 320 124
1.240000 320 124
1.280000 320 124
1.320000 320 124
1.360000 320 124
1.400000 320 124
1.440000 320 124
1.480000 320 124
1.520000 320 124
1.560000 320 124
1.600000 320 124
1.640000 320 124
1.680000 320 124
1.720000 320 124
1.760000 320 124
1.800000 320 124
1.840000 320 124
1.880000 320 124
1.920000 320 124
1.960000 320 124
2.000000 320 124
2.040000 320 124
2.080000 320 124
2.120000 320 124
2.160000 320 124
2.200000 315 123
2.240000 312 119
2.280000 308 119
2.320000 305 118
2.360000 302 117
2.400000 298 115
2.440000 293 115
2.480000 288 115
2.520000 283 115
2.560000 278 117
2.600000 274 118
2.640000 271 119
2.680000 266 119
2.720000 262 116
2.760000 259 118
2.800000 257 119
2.840000 252 118
2.880000 247 118
2.920000 243 118
2.960000 238 116
3.000000 232 117
3.040000 226 114
3.080000 221 116
3.120000 218 118
3.160000 214 116
3.200000 210 114
3.240000 205 115
3.280000 201 114
3.320000 197 114
3.360000 194 113
3.400000 189 113
3.440000 184 113
3.480000 179 113
3.520000 173 113
3.560000 168 113
3.600000 164 114
3.640000 160 114
3.680000 154 114
3.720000 151 117
3.760000 147 117
3.800000 143 116
3.840000 138 117
3.880000 134 115
3.920000 129 114
3.960000 122 113
4.000000 117 113
4.040000 112 115
4.080000 107 114
4.120000 105 113
4.160000 101 115
4.200000 96 115
4.240000 91 115
4.280000 90 118
4.320000 86 115
4.360000 81 113
4.400000 77 113
4.440000 71 113
4.480000 66 113
4.520000 63 115
4.560000 60 117
4.600000 55 119
4.640000 51 119
4.680000 48 119
4.720000 44 119
4.760000 39 118
4.800000 35 117
4.840000 32 116
4.880000 28 115
4.920000 23 115
4.960000 18 115
5.000000 14 116
5.040000 12 117
5.080000 8 115
5.120000 1 118
5.160000 2 121
5.200000 2 121
5.240000 2 121
5.280000 2 121
5.320000 2 121
5.360000 2 121
5.400000 2 121
5.440000 2 121
5.480000 2 121
