0.000000 310 93
0.040000 310 93
0.080000 310 93
0.120000 310 93
0.160000 310 93
0.200000 310 93
0.240000 310 93
0.280000 310 93
0.320000 310 93
0.360000 310 93
0.400000 310 93
0.440000 310 93
0.480000 310 93
0.520000 310 93
0.560000 310 93
0.600000 310 93
0.640000 310 93
0.680000 310 93
0.720000 310 93
0.760000 310 93
0.800000 310 93
0.840000 310 93
0.880000 310 93
0.920000 310 93
0.960000 310 93
1.000000 310 93
1.040000 310 93
1.080000 310 93
1.120000 310 93
1.160000 310 93
1.200000 310 93
1.240000 310 93
1.280000 310 93
1.320000 310 93
1.360000 310 93
1.400000 310 93
1.440000 310 93
1.480000 310 93
1.520000 310 93
1.560000 310 93
1.600000 310 93
1.640000 310 93
1.680000 310 93
1.720000 310 93
1.760000 310 93
1.800000 310 93
1.840000 310 93
1.880000 310 93
1.920000 310 93
1.960000 310 93
2.000000 310 93
2.040000 310 93
2.080000 310 93
2.120000 310 93
2.160000 310 93
2.200000 303 93
2.240000 298 93
2.280000 293 93
2.320000 288 93
2.360000 286 92
2.400000 283 89
2.440000 279 88
2.480000 276 87
2.520000 272 87
2.560000 269 87
2.600000 267 87
2.640000 263 88
2.680000 263 88
2.720000 262 91
2.760000 262 88
2.800000 260 89
2.840000 257 87
2.880000 254 88
2.920000 251 88
2.960000 246 87
3.000000 240 87
3.040000 231 87
3.080000 223 87
3.120000 216 87
3.160000 205 88
3.200000 197 91
3.240000 190 91
3.280000 185 91
3.320000 182 88
3.360000 179 87
3.400000 176 87
3.440000 171 85
3.480000 168 86
3.520000 163 87
3.560000 158 87
3.600000 155 86
3.640000 157 87
3.680000 157 87
3.720000 154 89
3.760000 153 87
3.800000 149 87
3.840000 147 87
3.880000 144 87
3.920000 140 87
3.960000 136 87
4.000000 127 87
4.040000 118 85
4.080000 110 85
4.120000 102 86
4.160000 92 88
4.200000 85 90
4.240000 80 90
4.280000 75 91
4.320000 71 89
4.360000 70 87
4.400000 66 86
4.440000 61 85
4.480000 58 85
4.520000 53 86
4.560000 51 85
4.600000 51 87
4.640000 49 87
4.680000 49 91
4.720000 49 91
4.760000 45 90
4.800000 44 89
4.840000 40 87
4.880000 38 87
4.920000 34 87
4.960000 29 87
5.000000 21 87
5.040000 14 87
5.080000 7 87
5.120000 1 90
5.160000 2 94
5.200000 2 94
5.240000 2 94
5.280000 2 94
5.320000 2 94
5.360000 2 94
5.400000 2 94
5.440000 2 94
5.480000 2 94
