3.880000 105 55
3.920000 104 55
3.960000 105 56
4.000000 106 56
4.040000 106 56
4.080000 108 56
4.120000 108 56
4.160000 107 56
4.200000 106 56
4.240000 106 56
4.280000 105 56
4.320000 103 58
4.360000 102 59
4.400000 99 61
4.440000 93 65
4.480000 84 66
4.520000 75 66
4.560000 66 66
4.600000 56 63
4.640000 47 61
4.680000 37 59
4.720000 26 58
4.760000 20 59
4.800000 17 59
4.840000 16 59
4.880000 17 59
4.920000 24 62
4.960000 26 62
5.000000 30 69
5.040000 24 69
5.080000 20 67
5.120000 17 65
5.160000 12 63
