3.880000 121 114
3.920000 117 115
3.960000 112 115
4.000000 109 116
4.040000 106 117
4.080000 102 117
4.120000 97 118
4.160000 95 117
4.200000 90 115
4.240000 86 114
4.280000 82 115
4.320000 79 114
4.360000 74 114
4.400000 69 115
4.440000 64 116
4.480000 59 117
4.520000 55 117
4.560000 51 118
4.600000 48 118
4.640000 44 118
4.680000 40 118
4.720000 37 117
4.760000 33 115
4.800000 29 114
4.840000 25 114
4.880000 21 114
4.920000 17 115
4.960000 14 115
5.000000 11 116
5.040000 6 116
5.080000 3 117
5.120000 2 117
5.160000 2 118
