0.000000 320 89
0.040000 320 89
0.080000 320 89
0.120000 320 89
0.160000 320 89
0.200000 320 89
0.240000 320 89
0.280000 320 89
0.320000 320 89
0.360000 320 89
0.400000 320 89
0.440000 320 89
0.480000 320 89
0.520000 320 89
0.560000 320 89
0.600000 320 89
0.640000 320 89
0.680000 320 89
0.720000 320 89
0.760000 320 89
0.800000 320 89
0.840000 320 89
0.880000 320 89
0.920000 320 89
0.960000 320 89
1.000000 320 89
1.040000 320 89
1.080000 320 89
1.120000 320 89
1.160000 320 89
1.200000 320 89
1.240000 320 89
1.280000 320 89
1.320000 320 89
1.360000 320 89
1.400000 320 89
1.440000 320 89
1.480000 320 89
1.520000 320 89
1.560000 320 89
1.600000 320 89
1.640000 320 89
1.680000 320 89
1.720000 320 89
1.760000 320 89
1.800000 320 89
1.840000 320 89
1.880000 320 89
1.920000 320 89
1.960000 320 89
2.000000 320 89
2.040000 320 89
2.080000 320 89
2.120000 320 89
2.160000 320 89
2.200000 320 89
2.240000 320 92
2.280000 303 93
2.320000 297 93
2.360000 288 93
2.400000 283 93
2.440000 279 92
2.480000 272 87
2.520000 267 87
2.560000 262 87
2.600000 257 89
2.640000 255 89
2.680000 251 87
2.720000 249 89
2.760000 250 92
2.800000 249 87
2.840000 247 87
2.880000 245 86
2.920000 242 85
2.960000 236 85
3.000000 204 86
3.040000 217 83
3.080000 206 85
3.120000 195 86
3.160000 189 88
3.200000 181 92
3.240000 171 92
3.280000 187 87
3.320000 185 86
3.360000 183 85
3.400000 147 82
3.440000 142 82
3.480000 135 83
3.520000 131 87
3.560000 128 84
3.600000 127 85
3.640000 123 88
3.680000 122 90
3.720000 122 87
3.760000 121 86
3.800000 119 82
3.840000 116 83
3.880000 111 82
3.920000 99 83
3.960000 90 82
4.000000 75 85
4.040000 70 84
4.080000 62 87
4.120000 55 89
4.160000 49 91
4.200000 44 87
4.240000 39 83
4.280000 34 82
4.320000 29 81
4.360000 24 82
4.400000 19 83
4.440000 18 85
4.480000 19 87
4.520000 13 87
4.560000 10 89
4.600000 9 89
4.640000 9 88
4.680000 8 88
4.720000 6 85
4.760000 1 83
4.800000 1 83
4.840000 1 83
4.880000 1 83
4.920000 1 83
4.960000 1 83
5.000000 1 83
5.040000 1 83
5.080000 1 83
5.120000 1 83
5.160000 1 83
5.200000 1 83
5.240000 1 83
5.280000 1 83
5.320000 1 83
5.360000 1 83
5.400000 1 83
