0.000000 320 121
0.040000 320 121
0.080000 320 121
0.120000 320 121
0.160000 320 121
0.200000 320 121
0.240000 320 121
0.280000 320 121
0.320000 320 121
0.360000 320 121
0.400000 320 121
0.440000 320 121
0.480000 320 121
0.520000 320 121
0.560000 320 121
0.600000 320 121
0.640000 320 121
0.680000 320 121
0.720000 320 121
0.760000 320 121
0.800000 320 121
0.840000 320 121
0.880000 320 121
0.920000 320 121
0.960000 320 121
1.000000 320 121
1.040000 320 121
1.080000 320 121
1.120000 320 121
1.160000 320 121
1.200000 320 121
1.240000 320 121
1.280000 320 121
1.320000 320 121
1.360000 320 121
1.400000 320 121
1.440000 320 121
1.480000 320 121
1.520000 320 121
1.560000 320 121
1.600000 320 121
1.640000 320 121
1.680000 320 121
1.720000 320 121
1.760000 320 121
1.800000 320 121
1.840000 320 121
1.880000 320 121
1.920000 320 121
1.960000 320 121
2.000000 320 121
2.040000 320 121
2.080000 320 121
2.120000 320 121
2.160000 320 121
2.200000 320 120
2.240000 311 122
2.280000 306 123
2.320000 303 122
2.360000 299 121
2.400000 294 120
2.440000 291 119
2.480000 285 117
2.520000 279 117
2.560000 273 118
2.600000 268 117
2.640000 263 118
2.680000 257 118
2.720000 252 118
2.760000 249 120
2.800000 244 119
2.840000 240 118
2.880000 235 115
2.920000 230 113
2.960000 223 113
3.000000 219 115
3.040000 210 114
3.080000 205 116
3.120000 200 117
3.160000 195 119
3.200000 190 120
3.240000 184 119
3.280000 179 118
3.320000 174 114
3.360000 169 113
3.400000 164 111
3.440000 158 111
3.480000 150 112
3.520000 144 114
3.560000 137 114
3.600000 132 117
3.640000 127 118
3.680000 123 119
3.720000 119 119
3.760000 115 117
3.800000 109 113
3.840000 106 113
3.880000 100 113
3.920000 93 113
3.960000 87 113
4.000000 84 115
4.040000 78 117
4.080000 71 118
4.120000 68 119
4.160000 62 119
4.200000 57 118
4.240000 54 114
4.280000 49 113
4.320000 43 110
4.360000 38 111
4.400000 31 113
4.440000 27 114
4.480000 22 117
4.520000 19 118
4.560000 16 119
4.600000 12 120
4.640000 7 117
4.680000 2 117
4.720000 2 115
4.760000 2 117
4.800000 2 117
4.840000 2 117
4.880000 2 117
4.920000 2 117
4.960000 2 117
5.000000 2 117
5.040000 2 117
5.080000 2 117
5.120000 2 117
5.160000 2 117
5.200000 2 117
5.240000 2 117
5.280000 2 117
5.320000 2 117
5.360000 2 117
5.400000 2 117
