0.000000 307 62
0.040000 307 62
0.080000 307 62
0.120000 307 62
0.160000 307 62
0.200000 307 62
0.240000 307 62
0.280000 307 62
0.320000 307 62
0.360000 307 62
0.400000 307 62
0.440000 307 62
0.480000 307 62
0.520000 307 62
0.560000 307 62
0.600000 307 62
0.640000 307 62
0.680000 307 62
0.720000 307 62
0.760000 307 62
0.800000 307 62
0.840000 307 62
0.880000 307 62
0.920000 307 62
0.960000 307 62
1.000000 307 62
1.040000 307 62
1.080000 307 62
1.120000 307 62
1.160000 307 62
1.200000 307 62
1.240000 307 62
1.280000 307 62
1.320000 307 62
1.360000 307 62
1.400000 307 62
1.440000 307 62
1.480000 307 62
1.520000 307 62
1.560000 307 62
1.600000 307 62
1.640000 307 62
1.680000 307 62
1.720000 307 62
1.760000 307 62
1.800000 307 62
1.840000 307 62
1.880000 307 62
1.920000 307 62
1.960000 307 62
2.000000 307 62
2.040000 307 62
2.080000 307 62
2.120000 307 62
2.160000 307 62
2.200000 307 63
2.240000 305 63
2.280000 306 65
2.320000 305 66
2.360000 308 66
2.400000 308 65
2.440000 307 63
2.480000 306 65
2.520000 304 66
2.560000 301 71
2.600000 294 72
2.640000 253 57
2.680000 273 74
2.720000 262 71
2.760000 247 68
2.800000 236 65
2.840000 221 61
2.880000 209 61
2.920000 199 61
2.960000 198 59
3.000000 248 65
3.040000 195 57
3.080000 195 57
3.120000 195 57
3.160000 195 58
3.200000 199 63
3.240000 194 61
3.280000 164 57
3.320000 151 56
3.360000 139 57
3.400000 194 61
3.440000 190 63
3.480000 184 67
3.520000 175 70
3.560000 164 71
3.600000 153 70
3.640000 138 67
3.680000 125 61
3.720000 110 61
3.760000 97 60
3.800000 85 60
3.840000 132 56
3.880000 77 58
3.920000 75 57
3.960000 75 57
4.000000 75 56
4.040000 75 56
4.080000 75 65
4.120000 75 57
4.160000 76 58
4.200000 75 59
4.240000 75 59
4.280000 75 59
4.320000 74 61
4.360000 70 64
4.400000 64 67
4.440000 55 70
4.480000 22 56
4.520000 35 71
4.560000 25 67
4.600000 15 61
4.640000 22 57
4.680000 21 58
4.720000 20 58
4.760000 19 59
4.800000 18 61
4.840000 12 66
4.880000 12 66
4.920000 12 66
4.960000 12 66
5.000000 12 66
5.040000 12 66
5.080000 12 66
5.120000 12 66
5.160000 12 66
5.200000 12 66
5.240000 12 66
5.280000 12 66
5.320000 12 66
5.360000 12 66
5.400000 12 66
