0.000000 294 57
0.040000 294 57
0.080000 294 57
0.120000 294 57
0.160000 294 57
0.200000 294 57
0.240000 294 57
0.280000 294 57
0.320000 294 57
0.360000 294 57
0.400000 294 57
0.440000 294 57
0.480000 294 57
0.520000 294 57
0.560000 294 57
0.600000 294 57
0.640000 294 57
0.680000 294 57
0.720000 294 57
0.760000 294 57
0.800000 294 57
0.840000 294 57
0.880000 294 57
0.920000 294 57
0.960000 294 57
1.000000 294 57
1.040000 294 57
1.080000 294 57
1.120000 294 57
1.160000 294 57
1.200000 294 57
1.240000 294 57
1.280000 294 57
1.320000 294 57
1.360000 294 57
1.400000 294 57
1.440000 294 57
1.480000 294 57
1.520000 294 57
1.560000 294 57
1.600000 294 57
1.640000 294 57
1.680000 294 57
1.720000 294 57
1.760000 294 57
1.800000 294 57
1.840000 294 57
1.880000 294 57
1.920000 294 57
1.960000 294 57
2.000000 294 57
2.040000 294 57
2.080000 294 57
2.120000 294 57
2.160000 294 57
2.200000 294 57
2.240000 294 57
2.280000 294 58
2.320000 293 58
2.360000 298 60
2.400000 294 58
2.440000 294 58
2.480000 294 57
2.520000 294 57
2.560000 294 57
2.600000 293 59
2.640000 241 52
2.680000 268 61
2.720000 257 65
2.760000 240 60
2.800000 225 57
2.840000 207 59
2.880000 195 61
2.920000 188 61
2.960000 184 60
3.000000 241 52
3.040000 182 54
3.080000 182 54
3.120000 182 54
3.160000 182 54
3.200000 184 57
3.240000 188 56
3.280000 150 54
3.320000 136 56
3.360000 127 61
3.400000 181 54
3.440000 183 54
3.480000 181 53
3.520000 175 56
3.560000 163 57
3.600000 147 56
3.640000 123 56
3.680000 115 55
3.720000 99 56
3.760000 85 59
3.800000 71 64
3.840000 118 51
3.880000 65 60
3.920000 64 54
3.960000 64 54
4.000000 63 56
4.040000 64 55
4.080000 64 56
4.120000 62 52
4.160000 67 56
4.200000 64 56
4.240000 65 56
4.280000 64 56
4.320000 64 56
4.360000 63 56
4.400000 64 56
4.440000 57 56
4.480000 10 52
4.520000 32 60
4.560000 14 60
4.600000 7 59
4.640000 10 53
4.680000 9 53
4.720000 9 53
4.760000 8 53
4.800000 12 52
4.840000 10 52
4.880000 10 52
4.920000 10 52
4.960000 10 52
5.000000 10 52
5.040000 10 52
5.080000 10 52
5.120000 10 52
5.160000 10 52
5.200000 10 52
5.240000 10 52
5.280000 10 52
5.320000 10 52
5.360000 10 52
5.400000 10 52
