1.560000 320 92
1.600000 305 93
1.640000 301 94
1.680000 297 93
1.720000 289 93
1.760000 286 91
1.800000 283 89
1.840000 277 89
1.880000 272 89
1.920000 266 88
1.960000 262 89
2.000000 262 88
2.040000 258 89
2.080000 256 91
2.120000 257 91
2.160000 257 88
2.200000 232 93
2.240000 252 87
2.280000 247 87
2.320000 244 86
2.360000 215 87
2.400000 229 85
2.440000 220 84
2.480000 208 86
2.520000 202 87
2.560000 194 89
2.600000 189 89
2.640000 182 89
2.680000 178 88
2.720000 173 85
2.760000 168 85
2.800000 161 83
2.840000 154 85
2.880000 149 85
2.920000 149 87
2.960000 147 86
3.000000 143 86
3.040000 138 89
3.080000 141 87
3.120000 122 91
3.160000 117 87
3.200000 136 83
3.240000 109 86
3.280000 126 82
3.320000 99 87
3.360000 107 82
3.400000 96 83
3.440000 91 85
3.480000 84 87
3.520000 90 89
3.560000 70 88
3.600000 66 88
3.640000 64 87
3.680000 59 87
3.720000 55 87
3.760000 49 85
3.800000 44 85
3.840000 40 85
3.880000 38 85
3.920000 38 87
3.960000 38 87
4.000000 32 88
4.040000 31 88
4.080000 32 87
4.120000 29 87
4.160000 27 87
4.200000 23 87
4.240000 19 87
4.280000 2 87
4.360000 2 82
