0.000000 303 66
0.040000 303 66
0.080000 303 66
0.120000 303 66
0.160000 303 66
0.200000 303 66
0.240000 303 66
0.280000 303 66
0.320000 303 66
0.360000 303 66
0.400000 303 66
0.440000 303 66
0.480000 303 66
0.520000 303 66
0.560000 303 66
0.600000 303 66
0.640000 303 66
0.680000 303 66
0.720000 303 66
0.760000 303 66
0.800000 303 66
0.840000 303 66
0.880000 303 66
0.920000 303 66
0.960000 303 66
1.000000 303 66
1.040000 303 66
1.080000 303 66
1.120000 303 66
1.160000 303 66
1.200000 303 66
1.240000 303 66
1.280000 303 66
1.320000 303 66
1.360000 303 66
1.400000 303 66
1.440000 303 66
1.480000 303 66
1.520000 303 66
1.560000 303 66
1.600000 303 66
1.640000 303 66
1.680000 303 66
1.720000 303 66
1.760000 303 66
1.800000 303 67
1.840000 303 65
1.880000 303 65
1.920000 303 65
1.960000 303 67
2.000000 303 70
2.040000 303 66
2.080000 303 65
2.120000 303 65
2.160000 303 66
2.200000 301 67
2.240000 299 69
2.280000 294 72
2.320000 288 74
2.360000 279 77
2.400000 271 76
2.440000 258 76
2.480000 251 72
2.520000 236 69
2.560000 224 67
2.600000 210 64
2.640000 200 63
2.680000 194 62
2.720000 191 61
2.760000 190 61
2.800000 236 69
2.840000 190 61
2.880000 190 60
2.920000 189 61
2.960000 190 63
3.000000 190 61
3.040000 190 61
3.080000 189 61
3.120000 189 61
3.160000 188 61
3.200000 187 63
3.240000 184 66
3.280000 178 69
3.320000 169 72
3.360000 158 72
3.400000 147 72
3.440000 135 71
3.480000 125 63
3.520000 111 63
3.560000 97 61
3.600000 86 61
3.640000 79 64
3.680000 75 61
3.720000 72 60
3.760000 71 60
3.800000 70 60
3.840000 70 60
3.880000 70 61
3.920000 70 62
3.960000 73 61
4.000000 71 61
4.040000 70 61
4.080000 70 61
4.120000 70 61
4.160000 69 61
4.200000 68 63
4.240000 64 66
4.280000 59 69
4.320000 50 72
4.360000 43 72
4.400000 33 71
4.440000 23 71
4.480000 14 66
4.520000 2 62
4.560000 18 61
4.600000 18 61
4.640000 18 61
4.680000 18 61
4.720000 13 65
