1.640000 320 154
1.720000 314 152
1.760000 309 150
1.800000 305 150
1.840000 300 150
1.880000 296 150
1.920000 292 150
1.960000 288 152
2.000000 283 154
2.040000 279 154
2.080000 275 154
2.120000 271 154
2.160000 267 154
2.200000 262 154
2.240000 258 151
2.280000 253 150
2.320000 249 149
2.360000 243 150
2.400000 238 150
2.440000 232 150
2.480000 227 152
2.520000 224 152
2.560000 220 154
2.600000 215 154
2.640000 210 154
2.680000 205 153
2.720000 201 152
2.760000 196 150
2.800000 191 150
2.840000 186 150
2.880000 181 150
2.920000 175 150
2.960000 170 150
3.000000 164 152
3.040000 160 154
3.080000 157 154
3.120000 152 154
3.160000 147 154
3.200000 142 153
3.240000 137 150
3.280000 132 149
3.320000 127 149
3.360000 121 149
3.400000 116 149
3.440000 111 149
3.480000 106 150
3.520000 101 152
3.560000 96 153
3.600000 91 154
3.640000 86 153
3.680000 82 153
3.720000 78 151
3.760000 74 150
3.800000 70 150
3.840000 65 149
3.880000 60 149
3.920000 55 149
3.960000 51 150
4.000000 47 150
4.040000 44 150
4.080000 39 151
4.120000 35 151
4.160000 33 150
4.200000 29 150
4.240000 24 149
4.280000 21 148
4.320000 17 146
4.360000 12 145
4.400000 8 145
4.480000 2 146
