1.640000 302 67
1.680000 292 67
1.720000 283 67
1.760000 278 67
1.800000 273 65
1.840000 273 62
1.880000 273 62
1.920000 272 61
1.960000 271 61
2.000000 271 61
2.040000 270 61
2.080000 277 67
2.120000 272 61
2.160000 271 61
2.200000 271 61
2.240000 270 61
2.280000 269 61
2.320000 268 63
2.360000 267 64
2.400000 262 67
2.440000 254 70
2.480000 246 71
2.520000 236 71
2.560000 225 67
2.600000 213 61
2.640000 199 61
2.680000 185 61
2.720000 175 61
2.760000 168 61
2.800000 163 61
2.840000 214 60
2.880000 210 61
2.920000 205 65
2.960000 157 56
3.000000 155 56
3.040000 154 56
3.080000 161 61
3.120000 158 59
3.160000 158 58
3.200000 158 57
3.240000 157 58
3.280000 157 58
3.320000 154 60
3.360000 153 61
3.400000 147 64
3.440000 138 67
3.480000 129 67
3.520000 117 66
3.560000 107 63
3.600000 92 57
3.640000 81 61
3.680000 69 60
3.720000 60 61
3.760000 54 61
3.800000 49 61
3.840000 48 60
3.880000 44 57
3.920000 44 57
3.960000 43 57
4.000000 44 56
4.040000 43 58
4.080000 48 61
4.120000 44 60
4.160000 44 60
4.200000 44 59
4.240000 43 59
4.280000 43 60
4.320000 42 61
4.360000 40 61
4.400000 36 65
4.440000 30 67
