1.080000 320 106
1.120000 320 107
1.160000 312 109
1.200000 310 109
1.240000 313 112
1.280000 308 111
1.320000 301 109
1.360000 294 110
1.400000 287 111
1.440000 278 109
1.480000 268 112
1.520000 262 113
1.560000 252 113
1.600000 247 113
1.640000 245 113
1.680000 241 112
1.720000 241 111
1.760000 240 110
1.800000 240 109
1.840000 241 109
1.880000 241 111
1.920000 239 109
1.960000 238 108
2.000000 236 108
2.040000 235 108
2.080000 231 108
2.120000 226 108
2.160000 221 109
2.200000 215 107
2.240000 205 108
2.280000 196 108
2.320000 188 108
2.360000 178 108
2.400000 164 109
2.440000 158 113
2.480000 149 113
2.520000 143 114
2.560000 138 113
2.600000 134 114
2.640000 132 113
2.680000 130 111
2.720000 128 109
2.760000 127 108
2.800000 127 108
2.840000 127 108
2.880000 124 108
2.920000 123 106
2.960000 123 103
3.000000 121 103
3.040000 117 104
3.080000 113 105
3.120000 108 106
3.160000 102 106
3.200000 96 107
3.240000 87 108
3.280000 80 107
3.320000 70 108
3.360000 62 108
3.400000 55 110
3.440000 48 111
3.480000 40 111
3.520000 37 112
3.560000 34 112
3.600000 29 109
3.640000 29 108
3.680000 29 109
3.720000 28 109
3.760000 25 108
3.800000 23 107
3.840000 23 107
3.880000 22 107
3.920000 21 105
3.960000 19 104
4.000000 18 104
4.040000 13 104
4.120000 1 104
