1.040000 320 144
1.080000 316 143
1.120000 312 143
1.160000 308 144
1.200000 303 144
1.240000 299 145
1.280000 296 145
1.320000 293 145
1.360000 289 146
1.400000 287 146
1.440000 283 145
1.480000 279 145
1.520000 275 145
1.560000 271 143
1.600000 267 143
1.640000 262 143
1.680000 257 144
1.720000 253 145
1.760000 250 145
1.800000 247 146
1.840000 242 147
1.880000 238 146
1.920000 234 145
1.960000 231 145
2.000000 226 144
2.040000 221 143
2.080000 216 144
2.120000 211 144
2.160000 205 144
2.200000 201 144
2.240000 198 145
2.280000 194 145
2.320000 190 145
2.360000 186 146
2.400000 182 145
2.440000 179 145
2.480000 173 144
2.520000 169 143
2.560000 164 143
2.600000 158 144
2.640000 153 144
2.680000 149 145
2.720000 145 145
2.760000 142 145
2.800000 138 145
2.840000 133 145
2.880000 129 145
2.920000 125 144
2.960000 121 143
3.000000 116 141
3.040000 111 141
3.080000 106 140
3.120000 101 141
3.160000 96 141
3.200000 92 143
3.240000 90 145
3.280000 85 145
3.320000 81 145
3.360000 77 145
3.400000 73 144
3.440000 69 143
3.480000 65 140
3.520000 60 139
3.560000 55 141
3.600000 51 141
3.640000 48 143
3.680000 44 143
3.720000 41 144
3.760000 38 144
3.800000 34 144
3.840000 31 144
3.880000 28 143
3.920000 23 140
3.960000 19 139
4.000000 14 139
4.040000 12 139
4.080000 7 139
4.120000 2 140
