1.000000 305 66
1.040000 294 62
1.080000 288 62
1.120000 320 62
1.160000 320 67
1.200000 320 66
1.240000 314 70
1.280000 286 61
1.320000 299 72
1.360000 289 72
1.400000 279 65
1.440000 267 63
1.480000 257 61
1.520000 247 62
1.560000 242 61
1.600000 241 61
1.640000 240 61
1.680000 238 61
1.720000 237 60
1.760000 237 60
1.800000 236 60
1.840000 240 63
1.880000 234 61
1.920000 237 61
1.960000 236 60
2.000000 236 61
2.040000 236 60
2.080000 236 61
2.120000 233 63
2.160000 230 66
2.200000 222 69
2.240000 215 69
2.280000 205 67
2.320000 189 59
2.360000 179 61
2.400000 168 61
2.440000 188 56
2.480000 147 61
2.520000 188 57
2.560000 138 59
2.600000 138 57
2.640000 137 57
2.680000 137 56
2.720000 137 56
2.760000 137 56
2.800000 137 58
2.840000 138 58
2.880000 137 57
2.920000 137 57
2.960000 137 57
3.000000 136 58
3.040000 135 59
3.080000 132 61
3.120000 127 65
3.160000 121 66
3.200000 85 56
3.240000 85 56
3.280000 91 66
3.320000 80 61
3.360000 68 61
3.400000 58 61
3.440000 49 61
3.480000 44 61
3.520000 43 60
3.560000 42 59
3.600000 40 59
3.640000 41 59
3.680000 40 58
3.720000 39 57
3.760000 44 66
3.800000 41 59
3.840000 40 59
3.880000 40 59
3.920000 39 59
3.960000 39 58
4.000000 39 61
4.040000 37 61
4.080000 33 65
4.120000 27 67
