1.040000 305 115
1.080000 299 113
1.120000 295 113
1.160000 293 113
1.200000 289 114
1.240000 287 114
1.280000 284 115
1.320000 283 114
1.440000 273 113
1.640000 247 115
1.680000 244 113
1.720000 241 113
1.760000 237 112
1.920000 224 113
1.960000 216 114
2.000000 210 113
2.040000 202 113
2.080000 199 113
2.120000 194 113
2.160000 190 114
2.200000 188 114
2.240000 185 114
2.280000 183 113
2.440000 162 114
2.640000 164 113
2.680000 158 111
2.880000 118 112
2.920000 112 113
2.960000 106 113
3.000000 101 114
3.040000 95 113
3.080000 90 113
3.120000 90 113
3.160000 86 113
3.480000 80 108
3.520000 76 108
3.560000 73 108
3.600000 69 108
3.640000 62 111
3.920000 13 114
3.960000 8 115
4.000000 1 113
4.080000 12 108
