3.400000 320 138
3.440000 320 139
3.480000 320 137
3.520000 320 138
3.560000 314 136
3.600000 313 138
3.640000 309 137
3.680000 304 137
3.720000 300 138
3.760000 298 138
3.800000 293 139
3.840000 288 139
3.880000 284 139
3.920000 282 139
3.960000 277 137
4.000000 273 137
4.040000 271 137
4.080000 268 137
4.120000 265 139
4.160000 261 139
4.200000 257 139
4.240000 257 139
4.280000 254 139
4.320000 252 139
4.360000 251 139
4.400000 248 139
4.440000 246 139
4.480000 242 139
4.520000 241 139
4.560000 236 137
4.600000 234 137
4.640000 231 136
4.680000 226 135
4.720000 221 136
4.760000 216 135
4.800000 213 137
4.840000 208 137
4.880000 203 139
4.920000 197 139
4.960000 192 139
5.000000 188 139
5.040000 183 139
5.080000 179 137
5.120000 173 138
5.160000 169 137
5.200000 166 138
5.240000 163 136
5.280000 158 139
5.320000 157 139
5.360000 153 139
5.400000 153 139
5.440000 151 139
5.480000 147 139
5.520000 147 139
5.560000 144 139
5.600000 142 138
5.640000 138 137
5.680000 136 137
5.720000 132 135
5.760000 127 135
5.800000 123 134
5.840000 118 135
5.880000 116 135
5.920000 111 135
5.960000 105 135
6.000000 100 137
6.040000 95 139
6.080000 90 139
6.120000 85 138
6.160000 80 136
6.200000 75 135
6.240000 71 134
6.280000 69 135
6.320000 66 135
6.360000 64 135
6.400000 60 137
6.440000 59 139
6.480000 55 138
6.520000 55 139
6.560000 53 139
6.600000 49 137
6.640000 48 135
6.680000 45 135
6.720000 43 135
6.760000 40 134
6.800000 38 134
6.840000 34 133
6.880000 31 133
6.920000 28 133
6.960000 23 133
7.000000 19 134
7.040000 15 134
7.080000 12 135
7.120000 7 134
7.200000 2 136
7.240000 2 137
7.360000 1 134
