3.280000 308 57
3.320000 298 56
3.360000 310 61
3.400000 309 61
3.440000 309 61
3.480000 309 61
3.520000 309 61
3.560000 309 61
3.600000 308 60
3.640000 307 61
3.680000 301 62
3.720000 295 63
3.760000 284 66
3.800000 274 59
3.840000 267 60
3.880000 256 61
3.920000 245 60
3.960000 236 61
4.000000 231 61
4.040000 230 58
4.080000 230 56
4.120000 230 56
4.160000 229 56
4.200000 230 56
4.240000 229 56
4.280000 229 56
4.320000 229 56
4.360000 231 56
4.400000 230 56
4.440000 236 57
4.480000 230 56
4.520000 227 56
4.560000 229 56
4.600000 229 56
4.640000 230 56
4.680000 229 56
4.720000 229 56
4.760000 227 56
4.800000 225 56
4.840000 216 56
4.880000 207 57
4.920000 195 61
4.960000 184 56
5.000000 173 56
5.040000 160 56
5.080000 148 57
5.120000 142 61
5.160000 137 59
5.200000 137 56
5.240000 137 56
5.280000 136 55
5.320000 136 55
5.360000 136 55
5.400000 136 55
5.440000 136 56
5.480000 137 56
5.520000 137 54
5.560000 144 56
5.600000 137 56
5.640000 136 56
5.680000 136 56
5.720000 135 56
5.760000 136 55
5.800000 136 56
5.840000 136 55
5.880000 135 55
5.920000 132 56
5.960000 123 56
6.000000 112 55
6.040000 105 58
6.080000 90 52
6.120000 81 56
6.160000 71 56
6.200000 59 59
6.240000 51 61
6.280000 49 61
6.320000 48 57
6.360000 47 56
6.400000 46 56
6.440000 46 56
6.480000 45 56
6.520000 45 56
6.560000 45 56
6.600000 47 56
6.640000 48 52
6.680000 53 56
6.720000 48 56
6.760000 48 56
6.800000 48 56
6.840000 48 56
6.880000 48 56
6.920000 48 56
6.960000 48 56
7.000000 46 55
7.040000 44 56
7.080000 38 58
7.120000 29 56
7.160000 18 61
7.200000 7 57
7.280000 2 57
7.400000 6 53
7.440000 6 54
7.480000 6 54
7.520000 6 52
