3.280000 310 141
3.320000 308 141
3.360000 304 140
3.400000 303 139
3.440000 299 139
3.480000 298 139
3.520000 296 139
3.560000 294 139
3.600000 292 139
3.920000 273 139
3.960000 271 139
4.000000 267 139
4.040000 262 138
4.080000 260 139
4.280000 242 139
4.320000 237 139
4.360000 236 140
4.400000 232 140
4.440000 227 140
4.480000 225 141
4.520000 221 140
4.560000 219 139
4.600000 215 139
4.640000 212 139
4.680000 210 139
4.720000 205 139
4.760000 201 138
5.040000 179 140
5.120000 172 138
5.160000 168 137
5.280000 158 139
5.360000 152 141
5.600000 131 139
5.640000 127 139
5.680000 123 139
5.720000 121 139
5.760000 116 138
5.800000 113 134
6.160000 81 138
6.240000 75 135
6.320000 70 136
6.400000 62 138
6.760000 49 135
6.800000 45 135
6.840000 44 134
6.880000 39 134
6.960000 33 134
7.000000 29 134
7.360000 6 133
