3.280000 320 122
3.320000 314 119
3.360000 310 119
3.400000 308 119
3.440000 305 119
3.480000 303 119
3.520000 299 119
3.560000 294 119
3.600000 292 119
3.640000 288 119
3.680000 285 120
3.720000 283 119
3.760000 280 119
3.800000 277 119
3.840000 275 119
3.880000 273 119
3.920000 272 118
3.960000 268 118
4.000000 265 118
4.040000 262 118
4.080000 257 117
4.120000 253 118
4.160000 250 119
4.200000 246 119
4.240000 242 119
4.280000 240 120
4.320000 237 120
4.360000 236 122
4.400000 232 121
4.440000 230 121
4.480000 227 121
4.520000 223 119
4.560000 221 119
4.600000 219 118
4.640000 215 118
4.680000 210 119
4.720000 205 119
4.760000 200 118
4.800000 197 118
4.840000 194 118
4.880000 190 119
4.920000 188 119
4.960000 184 119
5.000000 181 118
5.040000 179 119
5.080000 176 118
5.120000 173 117
5.160000 169 115
5.200000 164 115
5.240000 160 117
5.280000 158 118
5.320000 153 118
5.360000 149 119
5.400000 147 120
5.440000 144 122
5.480000 146 120
5.520000 142 119
5.560000 138 119
5.600000 133 119
5.640000 131 118
5.680000 128 118
5.720000 124 116
5.760000 121 115
5.800000 117 114
5.840000 111 116
5.880000 108 118
5.920000 102 118
5.960000 101 118
6.000000 101 118
6.040000 95 119
6.080000 91 119
6.120000 88 117
6.160000 85 117
6.200000 82 115
6.240000 81 114
6.280000 79 115
6.320000 74 114
6.360000 71 115
6.400000 66 117
6.440000 64 119
6.480000 62 119
6.520000 58 119
6.560000 58 119
6.600000 55 119
6.640000 53 119
6.680000 49 119
6.720000 49 119
6.760000 44 119
6.800000 43 118
6.840000 39 117
6.880000 36 116
6.920000 33 117
6.960000 28 117
7.000000 25 118
7.040000 23 117
7.080000 19 117
7.120000 18 117
7.160000 15 118
7.200000 12 118
7.240000 10 118
7.280000 7 117
7.360000 2 117
7.400000 2 113
