0.000000 320 52
0.040000 320 52
0.080000 320 52
0.120000 320 52
0.160000 320 52
0.200000 320 52
0.240000 320 52
0.280000 320 52
0.320000 320 52
0.360000 320 52
0.400000 320 52
0.440000 320 52
0.480000 320 52
0.520000 320 52
0.560000 320 52
0.600000 320 52
0.640000 320 52
0.680000 320 52
0.720000 320 52
0.760000 320 52
0.800000 320 52
0.840000 320 52
0.880000 320 52
0.920000 320 52
0.960000 320 52
1.000000 320 52
1.040000 320 52
1.080000 320 52
1.120000 320 52
1.160000 320 52
1.200000 320 52
1.240000 320 52
1.280000 320 52
1.320000 320 52
1.360000 320 52
1.400000 320 52
1.440000 320 52
1.480000 320 52
1.520000 320 52
1.560000 320 52
1.600000 320 52
1.640000 320 52
1.680000 320 52
1.720000 320 52
1.760000 320 52
1.800000 320 52
1.840000 320 52
1.880000 320 52
1.920000 320 52
1.960000 320 52
2.000000 320 52
2.040000 320 52
2.080000 320 52
2.120000 320 52
2.160000 320 52
2.200000 320 52
2.240000 320 52
2.280000 320 52
2.320000 320 52
2.360000 320 52
2.400000 320 52
2.440000 320 52
2.480000 320 56
2.520000 320 60
2.560000 320 64
2.600000 310 63
2.640000 293 57
2.680000 279 56
2.720000 268 58
2.760000 251 64
2.800000 240 67
2.840000 233 63
2.880000 230 57
2.920000 229 54
2.960000 227 53
3.000000 227 52
3.040000 226 52
3.080000 227 52
3.120000 227 52
3.160000 226 52
3.200000 227 52
3.240000 227 52
3.280000 227 51
3.320000 227 51
3.360000 228 50
3.400000 226 51
3.440000 225 51
3.480000 216 56
3.520000 204 56
3.560000 185 56
3.600000 172 52
3.640000 153 52
3.680000 137 54
3.720000 125 56
3.760000 116 58
3.800000 108 63
3.840000 102 56
3.880000 101 53
3.920000 101 53
3.960000 100 52
4.000000 99 51
4.040000 100 51
4.080000 101 51
4.120000 99 52
4.160000 100 50
4.200000 101 51
4.240000 101 51
4.280000 101 50
4.320000 101 50
4.360000 101 51
4.400000 96 54
4.440000 75 56
4.480000 62 56
4.520000 47 56
4.560000 34 55
4.600000 23 55
4.640000 11 58
4.680000 2 63
4.720000 3 62
4.760000 5 58
4.800000 4 58
4.840000 3 57
4.880000 2 57
4.920000 2 56
4.960000 2 56
5.000000 2 56
5.040000 2 56
5.080000 2 56
5.120000 2 56
5.160000 2 56
5.200000 2 56
5.240000 2 56
5.280000 2 56
5.320000 2 56
5.360000 2 56
5.400000 2 56
5.440000 2 56
5.480000 2 56
5.520000 2 56
5.560000 2 56
