0.000000 320 56
0.040000 320 56
0.080000 320 56
0.120000 320 56
0.160000 320 56
0.200000 320 56
0.240000 320 56
0.280000 320 56
0.320000 320 56
0.360000 320 56
0.400000 320 56
0.440000 320 56
0.480000 320 56
0.520000 320 56
0.560000 320 56
0.600000 320 56
0.640000 320 56
0.680000 320 56
0.720000 320 56
0.760000 320 56
0.800000 320 56
0.840000 320 56
0.880000 320 56
0.920000 320 56
0.960000 320 56
1.000000 320 56
1.040000 320 56
1.080000 320 56
1.120000 320 56
1.160000 320 56
1.200000 320 56
1.240000 320 56
1.280000 320 56
1.320000 320 56
1.360000 320 56
1.400000 320 56
1.440000 320 56
1.480000 320 56
1.520000 320 56
1.560000 320 56
1.600000 320 56
1.640000 320 56
1.680000 320 56
1.720000 320 56
1.760000 320 56
1.800000 320 56
1.840000 320 56
1.880000 320 56
1.920000 320 56
1.960000 320 56
2.000000 320 56
2.040000 320 56
2.080000 320 56
2.120000 320 56
2.160000 320 56
2.200000 320 56
2.240000 320 56
2.280000 320 56
2.320000 320 56
2.360000 320 56
2.400000 320 56
2.440000 320 56
2.480000 320 56
2.520000 320 60
2.560000 320 72
2.600000 320 71
2.640000 307 66
2.680000 295 61
2.720000 279 59
2.760000 264 56
2.800000 252 56
2.840000 246 56
2.880000 244 52
2.920000 244 52
2.960000 244 52
3.000000 244 53
3.040000 245 52
3.080000 245 54
3.120000 246 53
3.160000 245 54
3.200000 245 53
3.240000 246 54
3.280000 245 56
3.320000 246 56
3.360000 242 61
3.400000 240 61
3.440000 231 67
3.480000 222 71
3.520000 212 70
3.560000 200 67
3.600000 185 61
3.640000 172 56
3.680000 154 54
3.720000 138 54
3.760000 123 54
3.800000 118 54
3.840000 116 52
3.880000 114 50
3.920000 116 51
3.960000 116 51
4.000000 116 51
4.040000 116 51
4.080000 116 54
4.120000 116 55
4.160000 116 54
4.200000 116 55
4.240000 116 56
4.280000 116 56
4.320000 115 59
4.360000 111 61
4.400000 105 67
4.440000 86 71
4.480000 75 67
4.520000 60 63
4.560000 50 57
4.600000 34 56
4.640000 23 56
4.680000 5 60
4.720000 4 60
4.760000 2 58
4.800000 1 58
4.840000 1 57
4.880000 1 57
4.920000 1 56
4.960000 1 56
5.000000 1 56
5.040000 1 56
5.080000 1 56
5.120000 1 56
5.160000 1 56
5.200000 1 56
5.240000 1 56
5.280000 1 56
5.320000 1 56
5.360000 1 56
5.400000 1 56
5.440000 1 56
5.480000 1 56
5.520000 1 56
5.560000 1 56
