0.000000 320 89
0.040000 320 89
0.080000 320 89
0.120000 320 89
0.160000 320 89
0.200000 320 89
0.240000 320 89
0.280000 320 89
0.320000 320 89
0.360000 320 89
0.400000 320 89
0.440000 320 89
0.480000 320 89
0.520000 320 89
0.560000 320 89
0.600000 320 89
0.640000 320 89
0.680000 320 89
0.720000 320 89
0.760000 320 89
0.800000 320 89
0.840000 320 89
0.880000 320 89
0.920000 320 89
0.960000 320 89
1.000000 320 89
1.040000 320 89
1.080000 320 89
1.120000 320 89
1.160000 320 89
1.200000 320 89
1.240000 320 89
1.280000 320 89
1.320000 320 89
1.360000 320 89
1.400000 320 89
1.440000 320 89
1.480000 320 89
1.520000 320 89
1.560000 320 89
1.600000 320 89
1.640000 320 89
1.680000 320 89
1.720000 320 89
1.760000 320 89
1.800000 320 89
1.840000 320 89
1.880000 320 89
1.920000 320 89
1.960000 320 89
2.000000 320 89
2.040000 320 89
2.080000 320 89
2.120000 320 89
2.160000 320 89
2.200000 320 89
2.240000 320 89
2.280000 320 89
2.320000 320 89
2.360000 320 89
2.400000 320 89
2.440000 320 89
2.480000 320 89
2.520000 315 90
2.560000 304 92
2.600000 295 93
2.640000 288 95
2.680000 283 96
2.720000 276 96
2.760000 272 93
2.800000 267 92
2.840000 261 91
2.880000 256 90
2.920000 251 89
2.960000 245 89
3.000000 241 88
3.040000 239 88
3.080000 236 89
3.120000 236 89
3.160000 236 88
3.200000 234 87
3.240000 231 87
3.280000 227 87
3.320000 225 87
3.360000 219 87
3.400000 210 87
3.440000 199 86
3.480000 190 87
3.520000 179 87
3.560000 169 91
3.600000 162 93
3.640000 153 93
3.680000 147 93
3.720000 142 91
3.760000 138 89
3.800000 132 89
3.840000 127 87
3.880000 121 87
3.920000 114 87
3.960000 111 87
4.000000 108 87
4.040000 107 87
4.080000 106 88
4.120000 105 89
4.160000 101 90
4.200000 101 87
4.240000 97 87
4.280000 94 87
4.320000 90 87
4.360000 81 87
4.400000 72 87
4.440000 51 89
4.480000 44 89
4.520000 38 92
4.560000 32 93
4.600000 27 92
4.640000 23 89
4.680000 19 89
4.720000 15 90
4.760000 10 87
4.800000 6 87
4.840000 2 87
4.880000 2 87
4.920000 2 89
4.960000 2 91
5.000000 2 91
5.040000 2 91
5.080000 2 91
5.120000 2 91
5.160000 2 91
5.200000 2 91
5.240000 2 91
5.280000 2 91
5.320000 2 91
5.360000 2 91
5.400000 2 91
5.440000 2 91
5.480000 2 91
5.520000 2 91
5.560000 2 91
