0.000000 298 61
0.040000 298 61
0.080000 298 61
0.120000 298 61
0.160000 298 61
0.200000 298 61
0.240000 298 61
0.280000 298 61
0.320000 298 61
0.360000 298 61
0.400000 298 61
0.440000 298 61
0.480000 298 61
0.520000 298 61
0.560000 298 61
0.600000 298 61
0.640000 298 61
0.680000 298 61
0.720000 298 61
0.760000 298 61
0.800000 298 61
0.840000 298 61
0.880000 298 61
0.920000 298 61
0.960000 298 61
1.000000 298 61
1.040000 298 61
1.080000 298 61
1.120000 298 61
1.160000 298 61
1.200000 298 61
1.240000 298 61
1.280000 298 61
1.320000 298 61
1.360000 298 61
1.400000 298 61
1.440000 298 61
1.480000 298 61
1.520000 298 61
1.560000 298 61
1.600000 298 61
1.640000 298 61
1.680000 298 61
1.720000 298 61
1.760000 298 61
1.800000 298 61
1.840000 298 61
1.880000 298 61
1.920000 298 61
1.960000 298 61
2.000000 298 61
2.040000 298 61
2.080000 298 61
2.120000 298 61
2.160000 298 61
2.200000 298 61
2.240000 298 61
2.280000 298 61
2.320000 298 61
2.360000 298 61
2.400000 298 61
2.440000 298 61
2.480000 299 59
2.520000 299 59
2.560000 299 58
2.600000 299 59
2.640000 298 61
2.680000 300 64
2.720000 299 61
2.760000 299 60
2.800000 299 59
2.840000 299 61
2.880000 298 66
2.920000 294 67
2.960000 290 70
3.000000 282 72
3.040000 271 71
3.080000 258 72
3.120000 249 69
3.160000 234 61
3.200000 220 60
3.240000 204 56
3.280000 189 56
3.320000 183 58
3.360000 181 55
3.400000 179 55
3.440000 179 55
3.480000 179 55
3.520000 180 55
3.560000 179 56
3.600000 184 54
3.640000 181 56
3.680000 181 54
3.720000 180 54
3.760000 179 56
3.800000 179 56
3.840000 178 59
3.880000 174 62
3.920000 169 67
3.960000 160 71
4.000000 149 72
4.040000 137 70
4.080000 122 69
4.120000 111 63
4.160000 96 61
4.200000 81 58
4.240000 72 62
4.280000 62 60
4.320000 58 57
4.360000 56 56
4.400000 55 56
4.440000 55 56
4.480000 57 57
4.520000 63 61
4.560000 59 60
4.600000 56 58
4.640000 55 58
4.680000 55 57
4.720000 55 58
4.760000 54 57
4.800000 54 61
4.840000 49 66
4.880000 41 71
4.920000 33 72
4.960000 33 72
5.000000 33 72
5.040000 33 72
5.080000 33 72
5.120000 33 72
5.160000 33 72
5.200000 33 72
5.240000 33 72
5.280000 33 72
5.320000 33 72
5.360000 33 72
5.400000 33 72
5.440000 33 72
5.480000 33 72
5.520000 33 72
5.560000 33 72
