0.000000 320 124
0.040000 320 124
0.080000 320 124
0.120000 320 124
0.160000 320 124
0.200000 320 124
0.240000 320 124
0.280000 320 124
0.320000 320 124
0.360000 320 124
0.400000 320 124
0.440000 320 124
0.480000 320 124
0.520000 320 124
0.560000 320 124
0.600000 320 124
0.640000 320 124
0.680000 320 124
0.720000 320 124
0.760000 320 124
0.800000 320 124
0.840000 320 124
0.880000 320 124
0.920000 320 124
0.960000 320 124
1.000000 320 124
1.040000 320 124
1.080000 320 124
1.120000 320 124
1.160000 320 124
1.200000 320 124
1.240000 320 124
1.280000 320 124
1.320000 320 124
1.360000 320 124
1.400000 320 124
1.440000 320 124
1.480000 320 124
1.520000 320 124
1.560000 320 124
1.600000 320 124
1.640000 320 124
1.680000 320 124
1.720000 320 124
1.760000 320 124
1.800000 320 124
1.840000 320 124
1.880000 320 124
1.920000 320 124
1.960000 320 124
2.000000 320 124
2.040000 320 124
2.080000 320 124
2.120000 320 124
2.160000 320 124
2.200000 320 124
2.240000 320 124
2.280000 320 124
2.320000 320 124
2.360000 320 124
2.400000 320 124
2.440000 320 124
2.480000 310 120
2.520000 305 122
2.560000 299 122
2.600000 297 124
2.640000 293 124
2.680000 288 124
2.720000 284 124
2.760000 281 124
2.800000 277 123
2.840000 272 122
2.880000 267 121
2.920000 261 121
2.960000 257 122
3.000000 248 121
3.040000 242 122
3.080000 236 122
3.120000 232 123
3.160000 226 122
3.200000 222 122
3.240000 218 122
3.280000 214 120
3.320000 208 120
3.360000 200 119
3.400000 195 118
3.440000 189 118
3.480000 184 119
3.520000 179 121
3.560000 175 123
3.600000 175 124
3.640000 170 124
3.680000 167 124
3.720000 161 122
3.760000 157 122
3.800000 152 119
3.840000 146 118
3.880000 139 118
3.920000 132 118
3.960000 121 119
4.000000 119 121
4.040000 111 121
4.080000 106 120
4.120000 100 121
4.160000 93 122
4.200000 90 122
4.240000 87 119
4.280000 84 119
4.320000 77 119
4.360000 73 119
4.400000 69 119
4.440000 59 122
4.480000 58 120
4.520000 54 121
4.560000 50 122
4.600000 47 121
4.640000 43 119
4.680000 36 121
4.720000 32 119
4.760000 28 119
4.800000 21 119
4.840000 18 118
4.880000 12 118
4.920000 8 119
4.960000 8 119
5.000000 8 119
5.040000 8 119
5.080000 8 119
5.120000 8 119
5.160000 8 119
5.200000 8 119
5.240000 8 119
5.280000 8 119
5.320000 8 119
5.360000 8 119
5.400000 8 119
5.440000 8 119
5.480000 8 119
5.520000 8 119
5.560000 8 119
