1.880000 315 159
1.920000 320 163
1.960000 314 163
2.000000 314 165
2.040000 310 160
2.080000 306 159
2.120000 301 159
2.160000 296 159
2.200000 293 156
2.240000 287 156
2.280000 283 157
2.320000 277 159
2.360000 271 162
2.400000 268 162
2.440000 262 164
2.480000 257 165
2.520000 252 163
2.560000 246 160
2.600000 242 160
2.640000 236 159
2.680000 229 160
2.720000 222 160
2.760000 216 160
2.800000 211 161
2.840000 207 163
2.880000 201 164
2.920000 196 165
2.960000 191 165
3.000000 185 164
3.040000 181 162
3.080000 174 161
3.120000 169 159
3.160000 163 159
3.200000 156 159
3.240000 151 159
3.280000 144 159
3.320000 138 160
3.360000 132 161
3.400000 129 163
3.440000 123 162
3.480000 118 163
3.520000 112 161
3.560000 107 161
3.600000 102 159
3.640000 96 158
3.680000 91 158
3.720000 85 159
3.760000 80 159
3.800000 74 159
3.840000 70 161
3.880000 64 161
3.920000 60 160
3.960000 55 160
4.000000 50 160
4.040000 45 159
4.080000 40 158
4.120000 34 156
4.160000 29 155
4.200000 23 155
4.240000 19 156
4.280000 14 159
4.320000 9 159
4.360000 6 159
4.440000 2 156
4.480000 2 154
