1.880000 314 63
1.920000 316 63
1.960000 320 66
2.000000 315 65
2.040000 317 64
2.080000 316 63
2.120000 315 65
2.160000 314 66
2.200000 313 69
2.240000 308 74
2.280000 300 76
2.320000 291 76
2.360000 281 72
2.400000 271 71
2.440000 253 62
2.480000 241 60
2.520000 226 58
2.560000 214 56
2.600000 206 56
2.640000 205 54
2.680000 204 53
2.720000 205 51
2.760000 205 52
2.800000 205 52
2.840000 205 52
2.880000 203 56
2.920000 205 55
2.960000 205 54
3.000000 205 52
3.040000 205 54
3.080000 205 55
3.120000 203 56
3.160000 201 60
3.200000 196 65
3.240000 188 70
3.280000 179 71
3.320000 167 70
3.360000 154 66
3.400000 142 63
3.440000 123 60
3.480000 110 56
3.520000 95 56
3.560000 85 57
3.600000 81 56
3.640000 80 54
3.680000 132 62
3.720000 79 54
3.760000 79 55
3.800000 79 55
3.840000 79 56
3.880000 81 59
3.920000 79 56
3.960000 79 56
4.000000 79 55
4.040000 79 56
4.080000 77 57
4.120000 75 60
4.160000 71 64
4.200000 65 69
4.240000 55 70
4.280000 45 70
4.320000 36 67
4.360000 28 66
4.400000 15 61
4.440000 2 57
4.520000 23 55
4.600000 22 58
