0.000000 309 161
0.040000 309 161
0.080000 309 161
0.120000 309 161
0.160000 309 161
0.200000 309 161
0.240000 309 161
0.280000 309 161
0.320000 309 161
0.360000 309 161
0.400000 309 161
0.440000 309 161
0.480000 309 161
0.520000 309 161
0.560000 309 161
0.600000 309 161
0.640000 309 161
0.680000 309 161
0.720000 309 161
0.760000 309 161
0.800000 309 161
0.840000 309 161
0.880000 309 161
0.920000 309 161
0.960000 309 161
1.000000 309 161
1.040000 309 161
1.080000 309 161
1.120000 309 161
1.160000 309 161
1.200000 309 161
1.240000 306 161
1.280000 301 161
1.320000 297 161
1.360000 293 163
1.400000 288 162
1.440000 284 163
1.480000 280 164
1.520000 277 165
1.560000 272 165
1.600000 267 165
1.640000 262 165
1.680000 257 164
1.720000 253 163
1.760000 247 163
1.800000 242 162
1.840000 238 163
1.880000 234 164
1.920000 228 165
1.960000 224 165
2.000000 219 166
2.040000 214 166
2.080000 209 165
2.120000 205 165
2.160000 199 164
2.200000 194 163
2.240000 189 162
2.280000 184 162
2.320000 179 164
2.360000 174 165
2.400000 169 165
2.440000 164 165
2.480000 159 165
2.520000 154 165
2.560000 149 164
2.600000 144 163
2.640000 138 163
2.680000 133 162
2.720000 127 163
2.760000 123 163
2.800000 118 164
2.840000 113 165
2.880000 108 165
2.920000 103 165
2.960000 98 165
3.000000 94 165
3.040000 88 163
3.080000 84 161
3.120000 80 161
3.160000 75 161
3.200000 70 161
3.240000 66 163
3.280000 61 163
3.320000 56 164
3.360000 53 163
3.400000 48 163
3.440000 44 161
3.480000 39 160
3.520000 34 159
3.560000 29 159
3.600000 25 158
3.640000 21 158
3.680000 16 159
3.720000 12 159
3.760000 8 159
3.800000 8 159
3.840000 8 159
3.880000 8 159
3.920000 8 159
3.960000 8 159
4.000000 8 159
4.040000 8 159
4.080000 8 159
4.120000 8 159
4.160000 8 159
4.200000 8 159
4.240000 8 159
4.280000 8 159
4.320000 8 159
4.360000 8 159
4.400000 8 159
4.440000 8 159
4.480000 8 159
4.520000 8 159
4.560000 8 159
4.600000 8 159
4.640000 8 159
4.680000 8 159
