0.000000 314 150
0.040000 314 150
0.080000 314 150
0.120000 314 150
0.160000 314 150
0.200000 314 150
0.240000 314 150
0.280000 314 150
0.320000 314 150
0.360000 314 150
0.400000 314 150
0.440000 314 150
0.480000 314 150
0.520000 314 150
0.560000 314 150
0.600000 314 150
0.640000 314 150
0.680000 314 150
0.720000 314 150
0.760000 314 150
0.800000 314 150
0.840000 314 150
0.880000 314 150
0.920000 314 150
0.960000 314 150
1.000000 314 150
1.040000 314 150
1.080000 314 150
1.120000 314 150
1.160000 314 150
1.200000 314 150
1.240000 309 150
1.280000 306 149
1.320000 302 149
1.360000 297 150
1.400000 293 150
1.440000 288 150
1.480000 284 150
1.520000 281 150
1.560000 277 152
1.600000 271 151
1.640000 267 150
1.680000 262 150
1.720000 257 150
1.760000 253 149
1.800000 247 148
1.840000 242 150
1.880000 237 150
1.920000 233 150
1.960000 229 152
2.000000 225 152
2.040000 221 151
2.080000 216 150
2.120000 211 150
2.160000 207 150
2.200000 204 150
2.240000 199 149
2.280000 193 149
2.320000 189 150
2.360000 184 150
2.400000 179 151
2.440000 174 153
2.480000 168 152
2.520000 163 150
2.560000 158 150
2.600000 153 150
2.640000 147 149
2.680000 142 149
2.720000 137 149
2.760000 132 149
2.800000 127 150
2.840000 122 150
2.880000 118 151
2.920000 115 152
2.960000 108 150
3.000000 105 150
3.040000 101 150
3.080000 97 149
3.120000 93 149
3.160000 88 149
3.200000 84 150
3.240000 79 151
3.280000 74 152
3.320000 70 150
3.360000 66 150
3.400000 62 150
3.440000 58 150
3.480000 53 149
3.520000 49 149
3.560000 44 148
3.600000 38 148
3.640000 34 148
3.680000 29 148
3.720000 25 149
3.760000 19 149
3.800000 11 149
3.840000 10 149
3.880000 9 148
3.920000 8 147
3.960000 2 150
4.000000 2 150
4.040000 2 150
4.080000 2 150
4.120000 2 150
4.160000 2 150
4.200000 2 150
4.240000 2 150
4.280000 2 150
4.320000 2 150
4.360000 2 150
4.400000 2 150
4.440000 2 150
4.480000 2 150
4.520000 2 150
4.560000 2 150
4.600000 2 150
4.640000 2 150
4.680000 2 150
