1.120000 320 128
1.160000 320 124
1.200000 312 124
1.240000 307 124
1.280000 303 128
1.320000 299 128
1.360000 295 128
1.400000 293 128
1.440000 289 128
1.480000 287 128
1.520000 283 127
1.560000 279 126
1.600000 275 124
1.640000 271 124
1.680000 266 124
1.720000 262 124
1.760000 257 124
1.800000 252 124
1.840000 247 126
1.880000 242 125
1.920000 240 125
1.960000 236 124
2.000000 232 125
2.040000 229 124
2.080000 225 124
2.120000 221 123
2.160000 216 123
2.200000 211 123
2.240000 205 122
2.280000 200 123
2.320000 195 123
2.360000 190 124
2.400000 186 124
2.440000 183 128
2.480000 179 128
2.520000 175 128
2.560000 171 128
2.600000 169 126
2.640000 164 124
2.680000 159 124
2.720000 155 123
2.760000 151 121
2.800000 145 120
2.840000 138 122
2.880000 132 123
2.920000 126 124
2.960000 122 124
3.000000 117 124
3.040000 114 124
3.080000 111 124
3.120000 107 124
3.160000 106 124
3.200000 101 124
3.240000 97 124
3.280000 94 123
3.320000 88 123
3.360000 83 122
3.400000 78 122
3.440000 75 123
3.480000 69 124
3.520000 66 124
3.560000 63 124
3.600000 59 126
3.640000 55 126
3.680000 51 124
3.720000 49 124
3.760000 44 124
3.800000 41 124
3.840000 38 122
3.880000 32 121
3.920000 28 122
3.960000 23 122
4.000000 18 121
4.040000 17 122
4.080000 13 123
4.120000 10 123
4.160000 7 123
4.200000 2 125
4.240000 2 126
4.280000 2 126
