2.200000 196 159
2.240000 192 159
2.280000 189 159
2.320000 184 158
2.360000 179 158
2.400000 174 159
2.440000 169 159
2.480000 164 159
2.520000 160 159
2.560000 158 160
2.600000 153 160
2.640000 148 159
2.680000 144 158
2.720000 140 157
2.760000 136 156
2.800000 131 156
2.840000 127 156
2.880000 121 158
2.920000 119 158
2.960000 112 155
3.000000 111 156
3.040000 106 146
3.080000 101 155
3.120000 96 157
3.160000 90 158
3.200000 86 155
3.240000 81 155
3.280000 79 152
3.320000 75 156
3.360000 68 154
3.400000 65 156
