0.000000 320 154
0.040000 320 154
0.080000 320 154
0.120000 320 154
0.160000 320 154
0.200000 320 154
0.240000 320 154
0.280000 320 154
0.320000 320 154
0.360000 320 154
0.400000 320 154
0.440000 320 154
0.480000 320 154
0.520000 320 154
0.560000 320 154
0.600000 320 154
0.640000 320 154
0.680000 320 154
0.720000 320 154
0.760000 320 154
0.800000 320 154
0.840000 320 154
0.880000 320 154
0.920000 320 154
0.960000 320 154
1.000000 320 154
1.040000 320 154
1.080000 320 154
1.120000 320 154
1.160000 320 154
1.200000 320 154
1.240000 320 154
1.280000 320 154
1.320000 320 154
1.360000 320 154
1.400000 320 154
1.440000 320 154
1.480000 320 154
1.520000 320 154
1.560000 320 154
1.600000 320 154
1.640000 320 154
1.680000 320 154
1.720000 320 154
1.760000 320 154
1.800000 320 154
1.840000 320 154
1.880000 320 154
1.920000 320 154
1.960000 320 154
2.000000 320 154
2.040000 320 154
2.080000 320 154
2.120000 312 154
2.160000 308 154
2.200000 303 154
2.240000 298 155
2.280000 294 155
2.320000 290 155
2.360000 286 156
2.400000 283 155
2.440000 277 155
2.480000 273 155
2.520000 268 154
2.560000 262 154
2.600000 257 154
2.640000 251 154
2.680000 247 155
2.720000 241 155
2.760000 236 155
2.800000 231 157
2.840000 229 156
2.880000 223 159
2.920000 216 155
2.960000 210 154
3.000000 205 154
3.040000 199 154
3.080000 194 154
3.120000 189 154
3.160000 184 155
3.200000 179 156
3.240000 173 156
3.280000 168 157
3.320000 164 157
3.360000 158 155
3.400000 153 154
3.440000 148 154
3.480000 143 154
3.520000 137 152
3.560000 131 152
3.600000 126 154
3.640000 120 154
3.680000 116 155
3.720000 112 155
3.760000 106 155
3.800000 99 155
3.840000 95 154
3.880000 88 153
3.920000 84 152
3.960000 77 150
4.000000 71 150
4.040000 66 150
4.080000 64 152
4.120000 60 153
4.160000 58 154
4.200000 52 154
4.240000 44 154
4.280000 42 154
4.320000 36 153
4.360000 34 151
4.400000 32 151
4.440000 27 151
4.480000 18 150
4.520000 12 150
4.560000 9 150
4.600000 7 153
4.640000 7 153
4.680000 7 153
4.720000 7 153
4.760000 7 153
4.800000 7 153
4.840000 7 153
4.880000 7 153
4.920000 7 153
4.960000 7 153
5.000000 7 153
5.040000 7 153
5.080000 7 153
