0.000000 297 61
0.040000 297 61
0.080000 297 61
0.120000 297 61
0.160000 297 61
0.200000 297 61
0.240000 297 61
0.280000 297 61
0.320000 297 61
0.360000 297 61
0.400000 297 61
0.440000 297 61
0.480000 297 61
0.520000 297 61
0.560000 297 61
0.600000 297 61
0.640000 297 61
0.680000 297 61
0.720000 297 61
0.760000 297 61
0.800000 297 61
0.840000 297 61
0.880000 297 61
0.920000 297 61
0.960000 297 61
1.000000 297 61
1.040000 297 61
1.080000 297 61
1.120000 297 61
1.160000 297 61
1.200000 297 61
1.240000 297 61
1.280000 297 61
1.320000 297 61
1.360000 297 61
1.400000 297 61
1.440000 297 61
1.480000 297 61
1.520000 297 61
1.560000 297 61
1.600000 297 61
1.640000 297 61
1.680000 297 61
1.720000 297 61
1.760000 297 61
1.800000 297 61
1.840000 297 61
1.880000 297 61
1.920000 297 61
1.960000 297 61
2.000000 297 61
2.040000 291 61
2.080000 288 58
2.120000 288 56
2.160000 288 56
2.200000 288 56
2.240000 288 57
2.280000 288 57
2.320000 288 56
2.360000 288 59
2.400000 288 57
2.440000 288 57
2.480000 288 58
2.520000 288 61
2.560000 286 62
2.600000 283 67
2.640000 279 70
2.680000 272 72
2.720000 262 71
2.760000 252 69
2.800000 241 66
2.840000 224 61
2.880000 210 57
2.920000 196 56
2.960000 184 56
3.000000 178 56
3.040000 175 54
3.080000 175 52
3.120000 174 52
3.160000 174 54
3.200000 174 54
3.240000 174 56
3.280000 179 58
3.320000 174 54
3.360000 174 54
3.400000 174 54
3.440000 174 56
3.480000 173 57
3.520000 171 61
3.560000 168 63
3.600000 162 65
3.640000 153 67
3.680000 142 67
3.720000 130 65
3.760000 117 61
3.800000 101 58
3.840000 86 56
3.880000 75 56
3.920000 65 56
3.960000 60 56
4.000000 60 54
4.040000 59 52
4.080000 58 52
4.120000 59 52
4.160000 58 55
4.200000 58 54
4.240000 60 55
4.280000 58 54
4.320000 59 55
4.360000 59 56
4.400000 10 56
4.440000 6 56
4.480000 55 60
4.520000 53 65
4.560000 39 67
4.600000 34 67
4.640000 29 67
4.680000 24 67
4.720000 20 66
4.760000 20 66
4.800000 20 66
4.840000 20 66
4.880000 20 66
4.920000 20 66
4.960000 20 66
5.000000 20 66
5.040000 20 66
5.080000 20 66
