0.000000 309 92
0.040000 309 92
0.080000 309 92
0.120000 309 92
0.160000 309 92
0.200000 309 92
0.240000 309 92
0.280000 309 92
0.320000 309 92
0.360000 309 92
0.400000 309 92
0.440000 309 92
0.480000 309 92
0.520000 309 92
0.560000 309 92
0.600000 309 92
0.640000 309 92
0.680000 309 92
0.720000 309 92
0.760000 309 92
0.800000 309 92
0.840000 309 92
0.880000 309 92
0.920000 309 92
0.960000 309 92
1.000000 309 92
1.040000 309 92
1.080000 309 92
1.120000 309 92
1.160000 309 92
1.200000 309 92
1.240000 309 92
1.280000 309 92
1.320000 309 92
1.360000 309 92
1.400000 309 92
1.440000 309 92
1.480000 309 92
1.520000 309 92
1.560000 309 92
1.600000 309 92
1.640000 309 92
1.680000 309 92
1.720000 309 92
1.760000 309 92
1.800000 309 92
1.840000 309 92
1.880000 309 92
1.920000 309 92
1.960000 309 92
2.000000 309 92
2.040000 304 92
2.080000 299 87
2.120000 294 87
2.160000 291 87
2.200000 288 89
2.240000 284 91
2.280000 283 91
2.320000 283 91
2.360000 282 92
2.400000 281 89
2.440000 279 88
2.480000 277 89
2.520000 273 89
2.560000 268 89
2.600000 262 90
2.640000 253 90
2.680000 242 89
2.720000 236 87
2.760000 226 89
2.800000 220 91
2.840000 212 92
2.880000 206 92
2.920000 201 88
2.960000 196 87
3.000000 191 86
3.040000 185 87
3.080000 180 86
3.120000 176 87
3.160000 173 87
3.200000 169 87
3.240000 165 87
3.280000 168 89
3.320000 166 87
3.360000 164 87
3.400000 163 87
3.440000 159 87
3.480000 155 87
3.520000 148 87
3.560000 142 87
3.600000 132 87
3.640000 121 87
3.680000 112 87
3.720000 106 87
3.760000 97 89
3.800000 91 91
3.840000 86 87
3.880000 82 87
3.920000 78 87
3.960000 71 87
4.000000 66 86
4.040000 62 87
4.080000 58 86
4.120000 55 86
4.160000 53 87
4.200000 49 87
4.240000 49 88
4.280000 49 87
4.320000 49 87
4.360000 47 87
4.400000 19 87
4.440000 14 85
4.480000 35 87
4.520000 29 87
4.560000 12 88
4.600000 9 88
4.640000 7 88
4.680000 4 88
4.720000 2 87
4.760000 2 87
4.800000 2 87
4.840000 2 87
4.880000 2 87
4.920000 2 87
4.960000 2 87
5.000000 2 87
5.040000 2 87
5.080000 2 87
