0.000000 303 92
0.040000 303 92
0.080000 303 92
0.120000 303 92
0.160000 303 92
0.200000 303 92
0.240000 303 92
0.280000 303 92
0.320000 303 92
0.360000 303 92
0.400000 303 92
0.440000 303 92
0.480000 303 92
0.520000 303 92
0.560000 303 92
0.600000 303 92
0.640000 303 92
0.680000 303 92
0.720000 303 92
0.760000 303 92
0.800000 303 92
0.840000 303 92
0.880000 303 92
0.920000 303 92
0.960000 303 92
1.000000 303 92
1.040000 303 92
1.080000 303 92
1.120000 303 92
1.160000 303 92
1.200000 303 92
1.240000 303 92
1.280000 303 92
1.320000 303 92
1.360000 303 92
1.400000 303 92
1.440000 301 91
1.480000 299 92
1.520000 298 93
1.560000 299 95
1.600000 298 95
1.640000 297 93
1.680000 294 93
1.720000 293 92
1.760000 289 90
1.800000 283 87
1.840000 276 87
1.880000 264 89
1.920000 257 87
1.960000 247 91
2.000000 241 92
2.040000 234 93
2.080000 227 92
2.120000 225 92
2.160000 217 90
2.200000 213 90
2.240000 206 87
2.280000 200 87
2.320000 196 87
2.360000 195 87
2.400000 194 87
2.440000 195 89
2.480000 194 91
2.520000 192 93
2.560000 190 93
2.600000 189 91
2.640000 185 89
2.680000 182 87
2.720000 175 87
2.760000 168 87
2.800000 157 86
2.840000 147 87
2.880000 138 87
2.920000 130 89
2.960000 121 92
3.000000 115 92
3.040000 109 92
3.080000 105 89
3.120000 100 89
3.160000 94 88
3.200000 88 87
3.240000 84 87
3.280000 81 87
3.320000 81 86
3.360000 81 88
3.400000 80 90
3.440000 80 90
3.480000 79 89
3.520000 75 91
3.560000 72 89
3.600000 68 88
3.640000 60 87
3.680000 53 87
3.720000 43 87
3.760000 35 87
3.800000 29 90
3.840000 23 91
3.880000 16 92
3.920000 7 91
3.960000 5 91
4.000000 4 91
4.040000 3 91
4.080000 2 92
4.120000 2 96
4.160000 2 96
4.200000 2 96
4.240000 2 96
