1.200000 320 158
1.240000 316 157
1.280000 314 158
1.320000 309 158
1.360000 307 158
1.400000 304 158
1.440000 301 159
1.480000 298 159
1.520000 294 159
1.560000 291 159
1.600000 288 159
1.640000 283 159
1.680000 279 159
1.720000 275 158
1.760000 272 158
1.800000 267 158
1.840000 262 159
1.880000 259 159
1.920000 256 159
1.960000 251 160
2.000000 247 160
2.040000 242 160
2.080000 240 160
2.120000 236 159
2.160000 231 159
2.200000 226 159
2.240000 221 158
2.280000 218 158
2.320000 214 158
2.360000 210 159
2.400000 205 159
2.440000 201 159
2.480000 197 159
2.520000 194 160
2.560000 189 160
2.600000 184 160
2.640000 180 159
2.680000 175 159
2.720000 171 158
2.760000 168 157
2.800000 163 158
2.840000 158 158
2.880000 153 158
2.920000 149 159
2.960000 144 159
3.000000 142 159
3.040000 137 159
3.080000 133 159
3.120000 128 159
3.160000 125 159
3.200000 121 158
3.240000 117 158
3.280000 112 158
3.320000 107 158
3.360000 103 158
3.400000 99 158
3.440000 95 159
3.480000 92 159
3.520000 90 160
3.560000 86 160
3.600000 81 159
3.640000 78 159
3.680000 75 159
3.720000 70 158
3.760000 65 158
3.800000 60 158
3.840000 58 158
3.880000 54 159
3.920000 52 159
3.960000 48 158
4.000000 44 159
4.040000 42 159
4.080000 38 159
4.120000 34 158
4.160000 31 156
4.200000 28 155
4.240000 23 155
4.280000 19 154
4.320000 16 154
4.360000 12 155
4.400000 8 154
4.440000 6 155
4.480000 2 154
