0.000000 320 58
0.040000 320 58
0.080000 320 58
0.120000 320 58
0.160000 320 58
0.200000 320 58
0.240000 320 58
0.280000 320 58
0.320000 320 58
0.360000 320 58
0.400000 320 58
0.440000 320 58
0.480000 320 58
0.520000 320 58
0.560000 320 58
0.600000 320 58
0.640000 320 58
0.680000 320 58
0.720000 320 58
0.760000 320 58
0.800000 320 58
0.840000 320 58
0.880000 320 58
0.920000 320 58
0.960000 320 58
1.000000 320 58
1.040000 320 66
1.080000 320 67
1.120000 310 70
1.160000 299 67
1.200000 283 61
1.240000 271 61
1.280000 255 57
1.320000 242 57
1.360000 236 56
1.400000 233 56
1.440000 232 56
1.480000 232 56
1.520000 233 56
1.560000 232 56
1.600000 232 56
1.640000 232 56
1.680000 232 56
1.720000 231 56
1.760000 231 57
1.800000 226 61
1.840000 220 65
1.880000 209 65
1.920000 194 61
1.960000 176 57
2.000000 163 56
2.040000 143 54
2.080000 127 55
2.120000 119 56
2.160000 116 53
2.200000 116 52
2.240000 116 53
2.280000 116 53
2.320000 116 54
2.360000 116 56
2.400000 116 55
2.440000 116 54
2.480000 114 56
2.520000 113 56
2.560000 110 58
2.600000 103 61
2.640000 94 64
2.680000 81 65
2.720000 66 61
2.760000 55 60
2.800000 40 58
2.840000 28 60
2.880000 18 61
2.920000 16 61
2.960000 14 61
3.000000 13 59
3.040000 13 59
3.080000 13 60
3.120000 13 61
3.160000 13 61
3.200000 13 61
3.240000 13 61
3.280000 13 61
3.320000 13 61
3.360000 13 61
3.400000 13 61
3.440000 13 61
3.480000 13 61
3.520000 13 61
3.560000 13 61
3.600000 13 61
