0.000000 298 124
0.040000 298 124
0.080000 298 124
0.120000 298 124
0.160000 298 124
0.200000 298 124
0.240000 298 124
0.280000 298 124
0.320000 298 124
0.360000 298 124
0.400000 298 124
0.440000 298 124
0.480000 298 124
0.520000 298 124
0.560000 298 124
0.600000 298 124
0.640000 298 124
0.680000 298 124
0.720000 298 124
0.760000 298 124
0.800000 298 124
0.840000 298 124
0.880000 298 124
0.920000 298 124
0.960000 298 124
1.000000 291 124
1.040000 286 124
1.080000 283 123
1.120000 281 120
1.160000 282 118
1.200000 283 117
1.240000 286 117
1.280000 284 114
1.320000 284 115
1.360000 283 115
1.400000 277 116
1.440000 271 114
1.480000 262 113
1.520000 251 113
1.560000 236 113
1.600000 225 113
1.640000 210 115
1.680000 195 118
1.720000 184 120
1.760000 176 123
1.800000 169 123
1.840000 164 120
1.880000 162 116
1.920000 163 113
1.960000 168 113
2.000000 168 114
2.040000 170 113
2.080000 170 115
2.120000 168 117
2.160000 164 117
2.200000 155 116
2.240000 144 113
2.280000 131 113
2.320000 117 113
2.360000 101 112
2.400000 86 113
2.440000 73 117
2.480000 69 124
2.520000 54 123
2.560000 46 124
2.600000 43 122
2.640000 39 119
2.680000 39 113
2.720000 43 113
2.760000 45 113
2.800000 45 113
2.840000 49 115
2.880000 47 113
2.920000 44 114
2.960000 39 115
3.000000 33 113
3.040000 18 113
3.080000 14 115
3.120000 10 116
3.160000 6 117
3.200000 2 118
3.240000 2 118
3.280000 2 118
3.320000 2 118
3.360000 2 118
3.400000 2 118
3.440000 2 118
3.480000 2 118
3.520000 2 118
3.560000 2 118
3.600000 2 118
