0.000000 305 124
0.040000 305 124
0.080000 305 124
0.120000 305 124
0.160000 305 124
0.200000 305 124
0.240000 305 124
0.280000 305 124
0.320000 305 124
0.360000 305 124
0.400000 305 124
0.440000 305 124
0.480000 305 124
0.520000 305 124
0.560000 305 124
0.600000 305 124
0.640000 305 124
0.680000 305 124
0.720000 305 124
0.760000 305 124
0.800000 305 124
0.840000 305 124
0.880000 305 124
0.920000 305 124
0.960000 305 124
1.000000 305 124
1.040000 305 124
1.080000 305 123
1.120000 301 125
1.160000 303 122
1.200000 302 121
1.240000 299 119
1.280000 297 120
1.320000 293 121
1.360000 262 127
1.400000 281 122
1.440000 265 124
1.480000 266 122
1.520000 260 123
1.560000 253 124
1.600000 247 123
1.640000 241 122
1.680000 234 122
1.720000 228 122
1.760000 224 122
1.800000 221 122
1.840000 220 122
1.880000 217 122
1.920000 216 123
1.960000 211 123
2.000000 210 121
2.040000 208 121
2.080000 206 119
2.120000 202 119
2.160000 177 124
2.200000 173 124
2.240000 174 124
2.280000 174 127
2.320000 174 120
2.360000 168 126
2.400000 160 120
2.440000 154 122
2.480000 145 123
2.520000 138 123
2.560000 131 122
2.600000 127 122
2.640000 122 122
2.680000 119 121
2.720000 118 120
2.760000 117 119
2.800000 116 119
2.840000 115 121
2.880000 112 120
2.920000 110 119
2.960000 106 119
3.000000 103 119
3.040000 100 118
3.080000 90 123
3.120000 91 119
3.160000 84 123
3.200000 76 121
3.240000 70 119
3.280000 65 123
3.320000 57 123
3.360000 49 122
3.400000 44 122
3.440000 38 122
3.480000 34 121
3.520000 30 120
3.560000 29 120
3.600000 27 119
3.640000 26 119
3.680000 29 121
3.720000 27 118
3.760000 24 119
3.800000 23 121
3.840000 21 118
3.880000 18 119
3.920000 10 121
3.960000 10 121
4.000000 8 118
4.040000 8 118
4.080000 8 118
4.120000 8 118
4.160000 8 118
4.200000 8 118
4.240000 8 118
4.280000 8 118
4.320000 8 118
4.360000 8 118
4.400000 8 118
4.440000 8 118
4.480000 8 118
4.520000 8 118
