0.000000 309 169
0.040000 309 169
0.080000 309 169
0.120000 309 169
0.160000 309 169
0.200000 309 169
0.240000 309 169
0.280000 309 169
0.320000 309 169
0.360000 309 169
0.400000 309 169
0.440000 309 169
0.480000 309 169
0.520000 309 169
0.560000 309 169
0.600000 309 169
0.640000 309 169
0.680000 309 169
0.720000 309 169
0.760000 309 169
0.800000 309 169
0.840000 309 169
0.880000 309 169
0.920000 309 169
0.960000 309 169
1.000000 304 170
1.040000 301 171
1.080000 297 171
1.120000 294 171
1.160000 288 171
1.200000 286 170
1.240000 282 170
1.280000 277 170
1.320000 273 171
1.360000 269 171
1.400000 266 172
1.440000 262 172
1.480000 257 173
1.520000 253 174
1.560000 249 172
1.600000 245 171
1.640000 241 171
1.680000 236 170
1.720000 231 170
1.760000 227 171
1.800000 223 171
1.840000 219 172
1.880000 215 173
1.920000 210 174
1.960000 205 175
2.000000 201 174
2.040000 197 174
2.080000 192 172
2.120000 188 171
2.160000 184 171
2.200000 179 171
2.240000 174 171
2.280000 170 174
2.320000 166 174
2.360000 161 174
2.400000 157 174
2.440000 153 174
2.480000 148 172
2.520000 143 171
2.560000 138 171
2.600000 134 170
2.640000 130 171
2.680000 127 171
2.720000 121 172
2.760000 117 172
2.800000 112 172
2.840000 109 174
2.880000 105 172
2.920000 101 171
2.960000 96 171
3.000000 92 170
3.040000 88 170
3.080000 82 171
3.120000 80 171
3.160000 75 171
3.200000 71 171
3.240000 68 172
3.280000 64 173
3.320000 60 171
3.360000 55 171
3.400000 51 170
3.440000 49 170
3.480000 44 170
3.520000 40 170
3.560000 38 170
3.600000 34 170
3.640000 29 170
3.680000 27 170
3.720000 23 170
3.760000 19 170
3.800000 16 170
3.840000 12 169
3.880000 8 167
3.920000 6 166
3.960000 1 165
4.000000 2 166
4.040000 2 165
4.080000 2 165
4.120000 2 165
4.160000 2 165
4.200000 2 165
4.240000 2 165
4.280000 2 165
4.320000 2 165
4.360000 2 165
4.400000 2 165
4.440000 2 165
4.480000 2 165
4.520000 2 165
