0.000000 313 159
0.040000 313 159
0.080000 313 159
0.120000 313 159
0.160000 313 159
0.200000 313 159
0.240000 313 159
0.280000 313 159
0.320000 313 159
0.360000 313 159
0.400000 313 159
0.440000 313 159
0.480000 313 159
0.520000 313 159
0.560000 313 159
0.600000 313 159
0.640000 313 159
0.680000 313 159
0.720000 313 159
0.760000 313 159
0.800000 313 159
0.840000 313 159
0.880000 313 159
0.920000 313 159
0.960000 313 159
1.000000 309 159
1.040000 305 160
1.080000 301 159
1.120000 298 159
1.160000 294 159
1.200000 289 157
1.240000 286 156
1.280000 283 156
1.320000 278 156
1.360000 274 158
1.400000 271 159
1.440000 268 159
1.480000 264 160
1.520000 260 161
1.560000 257 160
1.600000 255 159
1.640000 247 159
1.680000 245 159
1.720000 240 157
1.760000 235 158
1.800000 231 159
1.840000 226 159
1.880000 222 159
1.920000 218 159
1.960000 215 160
2.000000 210 160
2.040000 205 159
2.080000 200 159
2.120000 195 156
2.160000 192 158
2.200000 189 158
2.240000 184 159
2.280000 178 159
2.320000 173 159
2.360000 169 159
2.400000 164 159
2.440000 160 159
2.480000 157 159
2.520000 153 159
2.560000 147 156
2.600000 143 158
2.640000 139 158
2.680000 133 157
2.720000 131 158
2.760000 127 159
2.800000 121 159
2.840000 119 159
2.880000 112 159
2.920000 108 158
2.960000 105 157
3.000000 101 157
3.040000 96 157
3.080000 92 157
3.120000 86 158
3.160000 83 158
3.200000 81 159
3.240000 80 159
3.280000 71 159
3.320000 69 159
3.360000 64 158
3.400000 60 156
3.440000 58 155
3.480000 53 154
3.520000 50 155
3.560000 45 155
3.600000 43 156
3.640000 38 156
3.680000 34 157
3.720000 29 156
3.760000 27 156
3.800000 23 156
3.840000 18 155
3.880000 16 154
3.920000 18 154
3.960000 14 154
4.000000 7 154
4.040000 6 154
4.080000 6 154
4.120000 6 154
4.160000 6 154
4.200000 6 154
4.240000 6 154
4.280000 6 154
4.320000 6 154
4.360000 6 154
4.400000 6 154
4.440000 6 154
4.480000 6 154
4.520000 6 154
