0.000000 305 128
0.040000 305 128
0.080000 305 128
0.120000 305 128
0.160000 305 128
0.200000 305 128
0.240000 305 128
0.280000 305 128
0.320000 305 128
0.360000 305 128
0.400000 305 128
0.440000 305 128
0.480000 305 128
0.520000 305 128
0.560000 305 128
0.600000 305 128
0.640000 305 128
0.680000 305 128
0.720000 305 128
0.760000 305 128
0.800000 305 128
0.840000 305 128
0.880000 305 128
0.920000 305 128
0.960000 305 128
1.000000 302 128
1.040000 299 127
1.080000 296 127
1.120000 288 128
1.160000 283 128
1.200000 277 128
1.240000 272 127
1.280000 268 126
1.320000 264 126
1.360000 262 126
1.400000 258 124
1.440000 257 124
1.480000 257 124
1.520000 250 124
1.560000 247 124
1.600000 244 123
1.640000 241 123
1.680000 233 122
1.720000 230 123
1.760000 225 123
1.800000 221 123
1.840000 215 122
1.880000 213 123
1.920000 211 124
1.960000 209 125
2.000000 199 126
2.040000 192 126
2.080000 186 126
2.120000 180 124
2.160000 177 124
2.200000 173 124
2.240000 169 124
2.280000 167 125
2.320000 166 126
2.360000 164 127
2.400000 158 122
2.440000 152 122
2.480000 145 123
2.520000 138 123
2.560000 132 123
2.600000 127 123
2.640000 123 122
2.680000 121 123
2.720000 118 122
2.760000 116 122
2.800000 112 122
2.840000 109 123
2.880000 106 123
2.920000 103 124
2.960000 95 124
3.000000 90 124
3.040000 81 122
3.080000 78 122
3.120000 75 122
3.160000 72 122
3.200000 70 122
3.240000 67 122
3.280000 64 122
3.320000 55 122
3.360000 49 122
3.400000 45 123
3.440000 40 123
3.480000 35 122
3.520000 61 120
3.560000 29 122
3.600000 29 122
3.640000 25 122
3.680000 24 122
3.720000 23 121
3.760000 20 122
3.800000 17 122
3.840000 11 122
3.880000 12 122
3.920000 13 122
3.960000 14 122
4.000000 10 119
4.040000 7 120
4.080000 7 120
4.120000 7 120
4.160000 7 120
4.200000 7 120
4.240000 7 120
4.280000 7 120
4.320000 7 120
4.360000 7 120
4.400000 7 120
4.440000 7 120
4.480000 7 120
4.520000 7 120
