0.000000 320 117
0.040000 320 117
0.080000 320 117
0.120000 320 117
0.160000 320 117
0.200000 320 117
0.240000 320 117
0.280000 320 117
0.320000 320 117
0.360000 320 117
0.400000 320 117
0.440000 320 117
0.480000 320 117
0.520000 320 117
0.560000 320 117
0.600000 320 117
0.640000 320 117
0.680000 320 117
0.720000 320 117
0.760000 320 117
0.800000 320 117
0.840000 320 117
0.880000 320 117
0.920000 320 117
0.960000 320 117
1.000000 320 117
1.040000 320 117
1.080000 320 117
1.120000 320 117
1.160000 320 117
1.200000 320 117
1.240000 320 117
1.280000 320 117
1.320000 320 117
1.360000 320 117
1.400000 320 117
1.440000 320 117
1.480000 320 117
1.520000 320 117
1.560000 320 117
1.600000 320 117
1.640000 320 117
1.680000 320 117
1.720000 320 117
1.760000 320 117
1.800000 320 117
1.840000 320 117
1.880000 320 117
1.920000 320 117
1.960000 320 117
2.000000 320 117
2.040000 320 117
2.080000 320 117
2.120000 320 117
2.160000 320 117
2.200000 320 117
2.240000 320 117
2.280000 320 117
2.320000 320 117
2.360000 320 117
2.400000 320 117
2.440000 320 117
2.480000 320 117
2.520000 320 117
2.560000 320 117
2.600000 320 117
2.640000 320 117
2.680000 320 117
2.720000 320 117
2.760000 320 117
2.800000 320 117
2.840000 320 117
2.880000 320 117
2.920000 320 117
2.960000 320 117
3.000000 320 117
3.040000 320 117
3.080000 320 117
3.120000 320 117
3.160000 320 117
3.200000 320 117
3.240000 318 122
3.280000 315 122
3.320000 313 121
3.360000 311 121
3.400000 304 120
3.440000 299 119
3.480000 296 121
3.520000 294 120
3.560000 293 121
3.600000 288 119
3.640000 285 119
3.680000 282 117
3.720000 278 117
3.760000 270 117
3.800000 266 118
3.840000 262 119
3.880000 258 119
3.920000 253 119
3.960000 252 120
4.000000 247 119
4.040000 245 119
4.080000 241 119
4.120000 237 119
4.160000 235 119
4.200000 231 119
4.240000 225 118
4.280000 221 119
4.320000 215 118
4.360000 211 118
4.400000 208 118
4.440000 205 119
4.480000 200 119
4.520000 199 119
4.560000 195 119
4.600000 192 119
4.640000 188 117
4.680000 184 116
4.720000 179 115
4.760000 175 114
4.800000 170 116
4.840000 168 119
4.880000 158 118
4.920000 153 118
4.960000 151 118
5.000000 151 119
5.040000 149 119
5.080000 144 119
5.120000 138 119
5.160000 136 119
5.200000 127 118
5.240000 124 118
5.280000 116 118
5.320000 112 118
5.360000 111 118
5.400000 106 118
5.440000 105 119
5.480000 95 119
5.520000 98 119
5.560000 93 116
5.600000 90 115
5.640000 86 115
5.680000 80 116
5.720000 76 118
5.760000 70 118
5.800000 64 115
5.840000 58 118
5.880000 59 118
5.920000 54 115
5.960000 53 119
6.000000 49 118
6.040000 44 117
6.080000 44 117
6.120000 38 115
6.160000 35 117
6.200000 31 117
6.240000 28 117
6.280000 27 118
6.320000 23 119
6.360000 19 119
6.400000 18 119
6.440000 13 118
6.480000 12 118
6.520000 12 118
6.560000 12 118
6.600000 12 118
6.640000 12 118
6.680000 12 118
6.720000 12 118
6.760000 12 118
6.800000 12 118
6.840000 12 118
6.880000 12 118
6.920000 12 118
6.960000 12 118
7.000000 12 118
