0.000000 308 95
0.040000 308 95
0.080000 308 95
0.120000 308 95
0.160000 308 95
0.200000 308 95
0.240000 308 95
0.280000 308 95
0.320000 308 95
0.360000 308 95
0.400000 308 95
0.440000 308 95
0.480000 308 95
0.520000 308 95
0.560000 308 95
0.600000 308 95
0.640000 308 95
0.680000 308 95
0.720000 308 95
0.760000 308 95
0.800000 308 95
0.840000 308 95
0.880000 308 95
0.920000 308 95
0.960000 308 95
1.000000 308 95
1.040000 308 95
1.080000 308 95
1.120000 308 95
1.160000 308 95
1.200000 308 95
1.240000 308 95
1.280000 308 95
1.320000 308 95
1.360000 308 95
1.400000 308 95
1.440000 308 95
1.480000 308 95
1.520000 308 95
1.560000 308 95
1.600000 308 95
1.640000 308 95
1.680000 308 95
1.720000 308 95
1.760000 308 95
1.800000 308 95
1.840000 308 95
1.880000 308 95
1.920000 308 95
1.960000 308 95
2.000000 308 95
2.040000 308 95
2.080000 308 95
2.120000 308 95
2.160000 308 95
2.200000 308 95
2.240000 308 95
2.280000 308 95
2.320000 308 95
2.360000 308 95
2.400000 308 95
2.440000 308 95
2.480000 308 95
2.520000 308 95
2.560000 308 95
2.600000 308 95
2.640000 308 95
2.680000 308 95
2.720000 308 95
2.760000 308 95
2.800000 308 95
2.840000 308 95
2.880000 308 95
2.920000 308 95
2.960000 308 95
3.000000 308 95
3.040000 308 95
3.080000 308 95
3.120000 308 95
3.160000 308 95
3.200000 308 95
3.240000 304 92
3.280000 302 92
3.320000 301 92
3.360000 300 92
3.400000 298 91
3.440000 297 91
3.480000 296 91
3.520000 294 92
3.560000 294 93
3.600000 293 92
3.640000 292 89
3.680000 290 87
3.720000 288 87
3.760000 279 87
3.800000 271 89
3.840000 263 89
3.880000 257 87
3.920000 248 89
3.960000 251 92
4.000000 236 93
4.040000 231 92
4.080000 228 92
4.120000 225 91
4.160000 221 90
4.200000 241 87
4.240000 212 89
4.280000 210 89
4.320000 206 87
4.360000 205 87
4.400000 205 87
4.440000 201 87
4.480000 201 90
4.520000 201 88
4.560000 200 88
4.600000 199 87
4.640000 196 87
4.680000 194 87
4.720000 190 87
4.760000 185 86
4.800000 178 87
4.840000 169 87
4.880000 155 87
4.920000 153 87
4.960000 144 87
5.000000 147 88
5.040000 147 87
5.080000 146 87
5.120000 144 86
5.160000 121 87
5.200000 112 87
5.240000 127 85
5.280000 107 87
5.320000 106 87
5.360000 105 86
5.400000 101 89
5.440000 101 88
5.480000 101 87
5.520000 101 87
5.560000 99 85
5.600000 96 85
5.640000 92 86
5.680000 87 86
5.720000 80 87
5.760000 70 87
5.800000 64 87
5.840000 55 87
5.880000 54 87
5.920000 49 89
5.960000 50 90
6.000000 51 87
6.040000 34 89
6.080000 31 89
6.120000 44 86
6.160000 24 87
6.200000 23 87
6.240000 21 87
6.280000 19 87
6.320000 18 87
6.360000 18 91
6.400000 18 89
6.440000 16 87
6.480000 14 87
6.520000 12 87
6.560000 10 86
6.600000 8 86
6.640000 6 85
6.680000 4 85
6.720000 2 84
6.760000 2 84
6.800000 2 84
6.840000 2 84
6.880000 2 84
6.920000 2 84
6.960000 2 84
7.000000 2 84
