3.160000 127 165
3.200000 121 165
3.240000 117 165
3.280000 112 165
3.320000 107 166
3.360000 101 166
3.400000 97 166
3.440000 92 166
3.480000 89 165
3.520000 84 164
3.560000 80 162
3.600000 75 162
3.640000 70 162
3.680000 66 163
3.720000 62 163
3.760000 58 164
3.800000 53 164
3.840000 49 165
3.880000 44 165
3.920000 40 165
3.960000 37 164
4.000000 32 163
4.040000 25 161
4.080000 22 160
4.120000 20 160
4.160000 17 160
4.200000 13 159
4.240000 12 159
4.280000 12 159
4.320000 12 159
4.360000 12 159
4.400000 12 159
4.440000 12 159
