3.160000 158 52
3.200000 157 52
3.240000 150 54
3.280000 139 54
3.320000 127 54
3.360000 114 55
3.400000 102 56
3.440000 87 57
3.480000 75 60
3.520000 68 63
3.560000 63 65
3.600000 64 62
3.640000 74 55
3.680000 67 55
3.720000 72 52
3.760000 61 54
3.800000 54 55
3.840000 52 55
3.880000 51 57
3.920000 50 56
3.960000 47 55
4.000000 46 55
4.040000 48 57
4.080000 50 56
4.120000 50 55
4.160000 47 54
4.200000 46 53
4.240000 37 54
4.280000 30 56
4.320000 20 59
4.360000 14 60
4.400000 10 59
4.440000 6 58
