3.040000 218 53
3.080000 217 54
3.120000 218 55
3.160000 218 54
3.200000 218 56
3.240000 218 56
3.280000 217 54
3.320000 217 55
3.360000 216 56
3.400000 216 56
3.440000 216 58
3.480000 212 61
3.520000 206 66
3.560000 199 68
3.600000 190 69
3.640000 179 67
3.680000 169 66
3.720000 158 57
3.760000 145 57
3.800000 131 52
3.840000 118 52
3.880000 110 52
3.920000 107 52
3.960000 107 51
4.000000 107 51
4.040000 107 52
4.080000 107 52
4.120000 107 52
4.160000 107 52
4.200000 107 54
4.240000 107 53
4.280000 107 52
4.320000 107 53
4.360000 107 54
4.400000 106 56
4.440000 102 58
4.480000 99 62
4.520000 90 66
4.560000 82 68
4.600000 75 67
4.640000 64 67
4.680000 54 59
4.720000 44 57
4.760000 31 56
4.800000 19 56
4.840000 13 56
4.880000 10 56
