3.040000 217 159
3.080000 212 159
3.120000 208 159
3.160000 203 159
3.200000 199 160
3.240000 194 160
3.280000 189 159
3.320000 184 159
3.360000 181 158
3.400000 175 156
3.440000 171 156
3.480000 166 156
3.520000 161 156
3.560000 157 158
3.600000 153 158
3.640000 147 158
3.680000 143 159
3.720000 137 159
3.760000 133 159
3.800000 130 159
3.840000 125 158
3.880000 121 157
3.920000 116 157
3.960000 111 157
4.000000 106 157
4.040000 101 158
4.080000 96 159
4.120000 94 159
4.160000 89 160
4.200000 84 160
4.240000 80 160
4.280000 75 160
4.320000 70 159
4.360000 66 159
4.400000 64 159
4.440000 59 159
4.480000 55 159
4.520000 50 159
4.560000 46 160
4.600000 43 161
4.640000 38 161
4.680000 33 161
4.720000 31 160
4.760000 28 160
4.800000 23 159
4.840000 18 159
4.880000 16 157
