3.040000 231 87
3.080000 223 87
3.120000 216 87
3.160000 205 88
3.200000 197 91
3.240000 190 91
3.280000 185 91
3.320000 182 88
3.360000 179 87
3.400000 176 87
3.440000 171 85
3.480000 168 86
3.520000 163 87
3.560000 158 87
3.600000 155 86
3.640000 157 87
3.680000 157 87
3.720000 154 89
3.760000 153 87
3.800000 149 87
3.840000 147 87
3.880000 144 87
3.920000 140 87
3.960000 136 87
4.000000 127 87
4.040000 118 85
4.080000 110 85
4.120000 102 86
4.160000 92 88
4.200000 85 90
4.240000 80 90
4.280000 75 91
4.320000 71 89
4.360000 70 87
4.400000 66 86
4.440000 61 85
4.480000 58 85
4.520000 53 86
4.560000 51 85
4.600000 51 87
4.640000 49 87
4.680000 49 91
4.720000 49 91
4.760000 45 90
4.800000 44 89
4.840000 40 87
4.880000 38 87
