0.000000 307 133
0.040000 307 133
0.080000 307 133
0.120000 307 133
0.160000 307 133
0.200000 307 133
0.240000 307 133
0.280000 307 133
0.320000 307 133
0.360000 307 133
0.400000 307 133
0.440000 307 133
0.480000 307 133
0.520000 307 133
0.560000 307 133
0.600000 307 133
0.640000 307 133
0.680000 307 133
0.720000 307 133
0.760000 307 133
0.800000 307 133
0.840000 307 133
0.880000 307 133
0.920000 307 133
0.960000 307 133
1.000000 307 133
1.040000 307 133
1.080000 307 133
1.120000 307 133
1.160000 307 133
1.200000 307 133
1.240000 307 133
1.280000 307 133
1.320000 307 133
1.360000 307 133
1.400000 307 133
1.440000 307 133
1.480000 307 133
1.520000 307 133
1.560000 307 133
1.600000 307 133
1.640000 307 133
1.680000 307 133
1.720000 307 133
1.760000 307 133
1.800000 320 133
1.840000 315 133
1.880000 312 133
1.920000 308 133
1.960000 303 132
2.000000 298 132
2.040000 293 130
2.080000 288 130
2.120000 283 130
2.160000 280 131
2.200000 277 132
2.240000 273 132
2.280000 272 131
2.320000 268 130
2.360000 267 133
2.400000 264 132
2.440000 262 133
2.480000 260 133
2.520000 257 133
2.560000 253 130
2.600000 250 132
2.640000 245 132
2.680000 240 132
2.720000 235 130
2.760000 230 131
2.800000 223 131
2.840000 219 132
2.880000 212 132
2.920000 206 133
2.960000 200 132
3.000000 194 130
3.040000 189 130
3.080000 184 129
3.120000 179 129
3.160000 175 128
3.200000 173 130
3.240000 170 132
3.280000 168 132
3.320000 166 132
3.360000 164 133
3.400000 162 133
3.440000 158 131
3.480000 155 132
3.520000 153 130
3.560000 148 130
3.600000 143 130
3.640000 138 130
3.680000 133 130
3.720000 128 130
3.760000 123 130
3.800000 116 131
3.840000 111 130
3.880000 105 130
3.920000 100 130
3.960000 94 129
4.000000 90 130
4.040000 85 129
4.080000 81 129
4.120000 78 129
4.160000 75 128
4.200000 73 129
4.240000 70 130
4.280000 69 132
4.320000 66 131
4.360000 65 131
4.400000 64 130
4.440000 60 130
4.480000 58 129
4.520000 55 129
4.560000 50 129
4.600000 47 129
4.640000 43 129
4.680000 38 130
4.720000 32 130
4.760000 27 129
4.800000 23 129
4.840000 18 129
4.880000 12 129
4.920000 8 128
4.960000 2 129
5.000000 2 130
5.040000 2 130
5.080000 2 131
5.120000 2 133
5.160000 2 133
5.200000 2 133
5.240000 2 133
5.280000 2 133
5.320000 2 133
5.360000 2 133
5.400000 2 133
5.440000 2 133
5.480000 2 133
5.520000 2 133
5.560000 2 133
5.600000 2 133
5.640000 2 133
5.680000 2 133
