0.000000 304 58
0.040000 304 58
0.080000 304 58
0.120000 304 58
0.160000 304 58
0.200000 304 58
0.240000 304 58
0.280000 304 58
0.320000 304 58
0.360000 304 58
0.400000 304 58
0.440000 304 58
0.480000 304 58
0.520000 304 58
0.560000 304 58
0.600000 304 58
0.640000 304 58
0.680000 304 58
0.720000 304 58
0.760000 304 58
0.800000 304 58
0.840000 304 58
0.880000 304 58
0.920000 304 58
0.960000 304 58
1.000000 304 58
1.040000 304 58
1.080000 304 58
1.120000 304 58
1.160000 304 58
1.200000 304 58
1.240000 304 58
1.280000 304 58
1.320000 304 58
1.360000 304 58
1.400000 304 58
1.440000 304 58
1.480000 304 58
1.520000 304 58
1.560000 304 58
1.600000 304 58
1.640000 304 58
1.680000 304 58
1.720000 304 58
1.760000 304 57
1.800000 305 57
1.840000 305 59
1.880000 305 59
1.920000 305 57
1.960000 305 57
2.000000 305 57
2.040000 305 59
2.080000 305 60
2.120000 304 61
2.160000 303 63
2.200000 299 67
2.240000 294 69
2.280000 288 67
2.320000 278 67
2.360000 268 62
2.400000 257 56
2.440000 242 55
2.480000 231 53
2.520000 220 54
2.560000 215 54
2.600000 215 54
2.640000 214 52
2.680000 214 52
2.720000 214 52
2.760000 215 53
2.800000 214 53
2.840000 215 55
2.880000 214 54
2.920000 215 52
2.960000 215 52
3.000000 215 52
3.040000 215 54
3.080000 214 56
3.120000 213 56
3.160000 210 61
3.200000 205 65
3.240000 198 65
3.280000 188 64
3.320000 175 61
3.360000 165 53
3.400000 151 52
3.440000 138 51
3.480000 127 51
3.520000 122 51
3.560000 121 51
3.600000 121 51
3.640000 121 51
3.680000 157 66
3.720000 121 51
3.760000 121 51
3.800000 121 53
3.840000 121 51
3.880000 121 51
3.920000 121 51
3.960000 121 51
4.000000 121 52
4.040000 121 54
4.080000 118 56
4.120000 116 60
4.160000 110 63
4.200000 102 64
4.240000 93 65
4.280000 80 56
4.320000 73 54
4.360000 60 54
4.400000 49 53
4.440000 40 55
4.480000 36 55
4.520000 35 54
4.560000 35 54
4.600000 36 54
4.640000 69 66
4.680000 36 54
4.720000 36 54
4.760000 38 55
4.800000 36 56
4.840000 37 56
4.880000 37 55
4.920000 37 54
4.960000 37 55
5.000000 34 58
5.040000 31 60
5.080000 28 61
5.120000 25 63
5.160000 22 64
5.200000 19 65
5.240000 19 65
5.280000 19 65
5.320000 19 65
5.360000 19 65
5.400000 19 65
5.440000 19 65
5.480000 19 65
5.520000 19 65
5.560000 19 65
5.600000 19 65
5.640000 19 65
5.680000 19 65
