0.000000 300 119
0.040000 300 119
0.080000 300 119
0.120000 300 119
0.160000 300 119
0.200000 300 119
0.240000 300 119
0.280000 300 119
0.320000 300 119
0.360000 300 119
0.400000 300 119
0.440000 300 119
0.480000 300 119
0.520000 300 119
0.560000 300 119
0.600000 300 119
0.640000 300 119
0.680000 300 119
0.720000 300 119
0.760000 300 119
0.800000 300 119
0.840000 300 119
0.880000 300 119
0.920000 300 119
0.960000 300 119
1.000000 300 119
1.040000 300 119
1.080000 300 119
1.120000 300 119
1.160000 300 119
1.200000 300 119
1.240000 300 119
1.280000 300 119
1.320000 300 119
1.360000 300 119
1.400000 300 119
1.440000 300 119
1.480000 300 119
1.520000 300 119
1.560000 300 119
1.600000 300 119
1.640000 300 119
1.680000 300 119
1.720000 300 119
1.760000 299 119
1.800000 297 120
1.840000 295 120
1.880000 293 119
1.920000 291 119
1.960000 289 118
2.000000 287 118
2.040000 282 118
2.080000 277 119
2.120000 272 119
2.160000 268 119
2.200000 261 118
2.240000 258 119
2.280000 256 119
2.320000 253 119
2.360000 251 119
2.400000 242 120
2.440000 236 122
2.480000 230 122
2.520000 225 123
2.560000 220 123
2.600000 216 123
2.640000 213 122
2.680000 210 122
2.720000 210 120
2.760000 205 119
2.800000 203 119
2.840000 201 119
2.880000 197 118
2.920000 193 118
2.960000 189 118
3.000000 186 118
3.040000 182 118
3.080000 179 118
3.120000 175 118
3.160000 172 118
3.200000 168 118
3.240000 161 118
3.280000 158 118
3.320000 155 118
3.360000 152 118
3.400000 143 119
3.440000 138 120
3.480000 132 121
3.520000 128 121
3.560000 124 121
3.600000 121 121
3.640000 117 120
3.680000 113 120
3.720000 110 120
3.760000 107 120
3.800000 104 120
3.840000 101 120
3.880000 98 120
3.920000 86 120
3.960000 83 120
4.000000 80 120
4.040000 77 120
4.080000 75 120
4.120000 72 120
4.160000 69 120
4.200000 67 120
4.240000 64 120
4.280000 61 120
4.320000 58 120
4.360000 56 120
4.400000 53 120
4.440000 50 120
4.480000 44 119
4.520000 34 118
4.560000 33 118
4.600000 32 118
4.640000 31 118
4.680000 30 118
4.720000 29 118
4.760000 28 118
4.800000 28 118
4.840000 27 118
4.880000 26 118
4.920000 25 118
4.960000 24 118
5.000000 23 118
5.040000 19 116
5.080000 17 116
5.120000 12 116
5.160000 12 116
5.200000 12 116
5.240000 12 116
5.280000 12 116
5.320000 12 116
5.360000 12 116
5.400000 12 116
5.440000 12 116
5.480000 12 116
5.520000 12 116
5.560000 12 116
5.600000 12 116
5.640000 12 116
5.680000 12 116
