0.000000 320 137
0.040000 320 137
0.080000 320 137
0.120000 320 137
0.160000 320 137
0.200000 320 137
0.240000 320 137
0.280000 320 137
0.320000 320 137
0.360000 320 137
0.400000 320 137
0.440000 320 137
0.480000 320 137
0.520000 320 137
0.560000 320 137
0.600000 320 137
0.640000 320 137
0.680000 320 137
0.720000 320 137
0.760000 320 137
0.800000 320 137
0.840000 320 137
0.880000 314 139
0.920000 309 136
0.960000 305 137
1.000000 303 134
1.040000 297 134
1.080000 292 134
1.120000 288 134
1.160000 283 135
1.200000 279 135
1.240000 277 138
1.280000 273 139
1.320000 271 139
1.360000 268 138
1.400000 264 138
1.440000 257 137
1.480000 257 135
1.520000 251 134
1.560000 246 134
1.600000 237 135
1.640000 231 135
1.680000 227 138
1.720000 220 135
1.760000 215 136
1.800000 210 134
1.840000 205 134
1.880000 200 134
1.920000 195 134
1.960000 190 133
2.000000 184 133
2.040000 179 132
2.080000 174 132
2.120000 172 134
2.160000 168 135
2.200000 164 137
2.240000 159 136
2.280000 158 137
2.320000 155 138
2.360000 152 138
2.400000 147 136
2.440000 142 135
2.480000 136 134
2.520000 127 134
2.560000 122 133
2.600000 116 134
2.640000 111 134
2.680000 106 134
2.720000 101 134
2.760000 94 135
2.800000 90 135
2.840000 84 134
2.880000 79 133
2.920000 74 134
2.960000 69 134
3.000000 64 134
3.040000 60 134
3.080000 56 134
3.120000 54 133
3.160000 52 134
3.200000 48 134
3.240000 44 135
3.280000 43 135
3.320000 38 134
3.360000 34 134
3.400000 29 134
3.440000 24 133
3.480000 22 134
3.520000 18 133
3.560000 13 133
3.600000 8 132
3.640000 2 138
3.680000 2 135
3.720000 2 135
3.760000 2 135
3.800000 2 135
3.840000 2 135
3.880000 2 135
3.920000 2 135
3.960000 2 135
4.000000 2 135
