0.000000 320 72
0.040000 320 72
0.080000 320 72
0.120000 320 72
0.160000 320 72
0.200000 320 72
0.240000 320 72
0.280000 320 72
0.320000 320 72
0.360000 320 72
0.400000 320 72
0.440000 320 72
0.480000 320 72
0.520000 320 72
0.560000 320 72
0.600000 320 72
0.640000 320 72
0.680000 320 72
0.720000 320 72
0.760000 320 72
0.800000 320 72
0.840000 320 72
0.880000 314 68
0.920000 316 67
0.960000 316 67
1.000000 320 70
1.040000 316 70
1.080000 314 72
1.120000 312 76
1.160000 305 77
1.200000 271 61
1.240000 288 74
1.280000 278 71
1.320000 267 65
1.360000 253 61
1.400000 240 61
1.440000 227 60
1.480000 221 60
1.520000 220 59
1.560000 220 59
1.600000 220 59
1.640000 220 59
1.680000 220 59
1.720000 220 60
1.760000 220 61
1.800000 220 60
1.840000 220 59
1.880000 220 59
1.920000 220 60
1.960000 220 61
2.000000 219 65
2.040000 214 67
2.080000 206 72
2.120000 199 72
2.160000 189 71
2.200000 179 67
2.240000 164 61
2.280000 152 60
2.320000 138 56
2.360000 124 56
2.400000 115 57
2.440000 111 57
2.480000 110 56
2.520000 108 56
2.560000 108 56
2.600000 108 56
2.640000 108 56
2.680000 107 56
2.720000 108 58
2.760000 108 57
2.800000 108 57
2.840000 110 57
2.880000 110 57
2.920000 109 59
2.960000 107 61
3.000000 104 66
3.040000 96 71
3.080000 88 71
3.120000 80 71
3.160000 70 67
3.200000 59 63
3.240000 49 59
3.280000 36 57
3.320000 26 56
3.360000 17 60
3.400000 12 61
3.440000 8 60
3.480000 9 59
3.520000 45 72
3.560000 35 69
3.600000 26 66
3.640000 17 63
3.680000 8 60
3.720000 7 62
3.760000 7 62
3.800000 7 62
3.840000 7 62
3.880000 7 62
3.920000 7 62
3.960000 7 62
4.000000 7 62
