0.000000 320 118
0.040000 320 118
0.080000 320 118
0.120000 320 118
0.160000 320 118
0.200000 320 118
0.240000 320 118
0.280000 320 118
0.320000 320 118
0.360000 320 118
0.400000 320 118
0.440000 320 118
0.480000 320 118
0.520000 320 118
0.560000 320 118
0.600000 320 118
0.640000 320 118
0.680000 320 118
0.720000 320 118
0.760000 320 118
0.800000 320 118
0.840000 320 118
0.880000 320 118
0.920000 320 118
0.960000 320 118
1.000000 320 118
1.040000 320 118
1.080000 320 118
1.120000 320 118
1.160000 320 118
1.200000 320 118
1.240000 320 118
1.280000 320 118
1.320000 320 118
1.360000 320 118
1.400000 320 118
1.440000 320 118
1.480000 320 118
1.520000 320 118
1.560000 320 118
1.600000 320 118
1.640000 320 118
1.680000 320 118
1.720000 320 118
1.760000 320 119
1.800000 320 113
1.840000 313 113
1.880000 304 115
1.920000 293 115
1.960000 283 118
2.000000 275 123
2.040000 266 123
2.080000 258 124
2.120000 252 125
2.160000 248 124
2.200000 246 123
2.240000 245 120
2.280000 246 119
2.320000 246 118
2.360000 248 117
2.400000 251 114
2.440000 250 115
2.480000 247 115
2.520000 246 115
2.560000 244 113
2.600000 241 113
2.640000 231 113
2.680000 222 113
2.720000 213 112
2.760000 204 114
2.800000 189 113
2.840000 178 113
2.880000 167 118
2.920000 155 119
2.960000 148 123
3.000000 142 124
3.040000 136 124
3.080000 132 122
3.120000 131 119
3.160000 131 117
3.200000 131 115
3.240000 134 117
3.280000 135 113
3.320000 137 116
3.360000 136 113
3.400000 134 113
3.440000 132 113
3.480000 127 113
3.520000 119 113
3.560000 111 111
3.600000 101 111
3.640000 87 113
3.680000 77 108
3.720000 66 113
3.760000 55 116
3.800000 45 118
3.840000 40 120
3.880000 33 120
3.920000 28 121
3.960000 25 120
4.000000 23 118
4.040000 23 118
4.080000 23 114
4.120000 24 113
4.160000 27 113
4.200000 25 113
4.240000 29 113
4.280000 29 113
4.320000 28 110
4.360000 2 116
4.400000 1 116
4.440000 1 115
4.480000 1 114
4.520000 1 113
4.560000 1 113
4.600000 1 113
4.640000 1 113
4.680000 1 113
4.720000 1 113
4.760000 1 113
4.800000 1 113
4.840000 1 113
4.880000 1 113
4.920000 1 113
4.960000 1 113
5.000000 1 113
5.040000 1 113
5.080000 1 113
