0.000000 303 95
0.040000 303 95
0.080000 303 95
0.120000 303 95
0.160000 303 95
0.200000 303 95
0.240000 303 95
0.280000 303 95
0.320000 303 95
0.360000 303 95
0.400000 303 95
0.440000 303 95
0.480000 303 95
0.520000 303 95
0.560000 303 95
0.600000 303 95
0.640000 303 95
0.680000 303 95
0.720000 303 95
0.760000 303 95
0.800000 303 95
0.840000 303 95
0.880000 303 95
0.920000 303 95
0.960000 303 95
1.000000 303 95
1.040000 303 95
1.080000 303 95
1.120000 303 95
1.160000 303 95
1.200000 303 95
1.240000 303 95
1.280000 303 95
1.320000 303 95
1.360000 303 95
1.400000 299 93
1.440000 294 92
1.480000 291 92
1.520000 287 92
1.560000 282 92
1.600000 279 92
1.640000 277 92
1.680000 276 92
1.720000 273 93
1.760000 273 92
1.800000 272 92
1.840000 270 92
1.880000 268 90
1.920000 265 90
1.960000 261 90
2.000000 254 90
2.040000 246 90
2.080000 238 90
2.120000 231 91
2.160000 221 91
2.200000 216 92
2.240000 210 93
2.280000 205 92
2.320000 194 89
2.360000 189 87
2.400000 184 87
2.440000 179 87
2.480000 173 87
2.520000 169 87
2.560000 168 87
2.600000 165 87
2.640000 164 89
2.680000 163 88
2.720000 162 87
2.760000 159 87
2.800000 158 87
2.840000 153 87
2.880000 148 87
2.920000 142 87
2.960000 132 86
3.000000 123 87
3.040000 115 87
3.080000 107 87
3.120000 101 88
3.160000 93 91
3.200000 86 91
3.240000 82 91
3.280000 79 89
3.320000 73 87
3.360000 68 87
3.400000 63 88
3.440000 58 88
3.480000 55 88
3.520000 54 87
3.560000 52 87
3.600000 50 91
3.640000 49 89
3.680000 48 89
3.720000 47 87
3.760000 44 87
3.800000 43 87
3.840000 38 87
3.880000 33 87
3.920000 27 87
3.960000 12 88
4.000000 9 89
4.040000 7 89
4.080000 4 90
4.120000 2 90
4.160000 2 90
4.200000 2 90
4.240000 2 90
4.280000 2 90
4.320000 2 90
