1.880000 320 161
1.920000 314 162
1.960000 311 162
2.000000 308 163
2.040000 303 164
2.080000 298 165
2.120000 294 165
2.160000 292 166
2.200000 288 166
2.240000 283 165
2.280000 277 165
2.320000 271 165
2.360000 267 164
2.400000 258 163
2.440000 254 163
2.480000 251 164
2.520000 246 165
2.560000 238 165
2.600000 236 165
2.640000 231 167
2.680000 226 168
2.720000 220 167
2.760000 214 165
2.800000 209 165
2.840000 202 164
2.880000 195 165
2.920000 190 164
2.960000 184 164
3.000000 179 165
3.040000 174 165
3.080000 169 168
3.120000 164 168
3.160000 159 169
3.200000 154 167
3.240000 148 166
3.280000 143 165
3.320000 137 165
3.360000 132 165
3.400000 126 164
3.440000 121 164
3.480000 115 165
3.520000 111 165
3.560000 106 165
3.600000 101 165
3.640000 96 165
3.680000 90 165
3.720000 84 164
3.760000 79 162
3.800000 71 160
3.840000 66 160
3.880000 61 159
3.920000 55 160
3.960000 53 160
4.000000 49 161
4.040000 44 161
4.080000 41 163
4.120000 38 164
4.160000 33 163
4.200000 29 164
4.240000 25 161
4.280000 22 161
4.320000 18 160
4.360000 12 159
4.400000 8 159
4.440000 6 159
4.480000 2 159
4.520000 2 159
