1.840000 279 72
1.880000 274 70
1.920000 274 66
1.960000 273 63
2.000000 273 63
2.040000 273 63
2.080000 273 63
2.120000 273 63
2.160000 273 65
2.240000 274 63
2.280000 273 63
2.320000 273 63
2.360000 273 63
2.400000 273 62
2.440000 272 61
2.480000 271 61
2.520000 262 66
2.560000 251 66
2.600000 238 66
2.640000 222 69
2.680000 207 61
2.720000 190 61
2.760000 173 64
2.800000 163 67
2.840000 158 67
2.880000 155 61
2.920000 154 59
2.960000 153 58
3.000000 153 58
3.040000 153 58
3.080000 154 59
3.120000 155 60
3.200000 153 59
3.240000 153 59
3.280000 154 59
3.320000 154 59
3.360000 154 58
3.400000 153 57
3.440000 153 58
3.480000 144 60
3.520000 132 61
3.560000 117 59
3.600000 102 64
3.640000 86 60
3.680000 73 62
3.720000 59 64
3.760000 47 68
3.800000 42 68
3.840000 39 65
3.880000 39 61
3.920000 39 61
3.960000 38 61
4.000000 38 61
4.040000 38 61
4.080000 38 61
4.120000 42 56
4.160000 41 61
4.200000 38 61
4.240000 39 61
4.280000 38 61
4.320000 38 61
4.360000 38 61
4.400000 39 59
4.440000 38 61
4.480000 31 64
4.520000 23 64
