1.840000 293 65
1.880000 290 63
1.920000 288 62
1.960000 288 62
2.000000 288 62
2.040000 288 62
2.080000 288 62
2.120000 288 65
2.160000 288 67
2.200000 288 65
2.240000 288 63
2.280000 289 63
2.320000 288 64
2.360000 288 66
2.400000 288 67
2.440000 284 70
2.480000 278 76
2.520000 270 80
2.560000 262 78
2.600000 248 77
2.640000 236 75
2.680000 220 66
2.720000 205 63
2.760000 190 61
2.800000 177 60
2.840000 173 59
2.880000 171 57
2.920000 170 57
2.960000 170 57
3.000000 170 57
3.040000 170 57
3.080000 170 59
3.120000 173 57
3.160000 169 61
3.200000 170 59
3.240000 170 59
3.280000 170 59
3.320000 170 60
3.360000 169 61
3.400000 166 66
3.440000 159 72
3.480000 149 76
3.520000 138 77
3.560000 127 73
3.600000 115 70
3.640000 96 65
3.680000 86 63
3.720000 72 61
3.760000 59 61
3.800000 54 61
3.840000 53 60
3.880000 53 59
3.920000 51 61
3.960000 52 60
4.000000 53 60
4.040000 51 61
4.080000 53 58
4.120000 53 61
4.160000 52 61
4.200000 53 61
4.240000 53 61
4.280000 51 61
4.320000 50 61
4.360000 50 63
4.400000 47 68
4.440000 41 74
4.480000 33 77
4.520000 25 78
