2.800000 264 154
2.840000 262 154
2.880000 257 154
2.920000 254 154
2.960000 251 155
3.000000 247 157
3.040000 246 159
3.080000 242 158
3.120000 240 159
3.160000 237 159
3.200000 233 158
3.240000 231 158
3.280000 227 156
3.320000 223 155
3.360000 220 155
3.400000 216 155
3.440000 212 155
3.480000 209 156
3.520000 205 156
3.560000 201 157
3.600000 199 158
3.640000 195 159
3.680000 194 159
3.720000 189 159
3.760000 186 158
3.800000 183 158
3.840000 179 156
3.880000 176 156
3.920000 173 155
3.960000 169 155
4.000000 165 156
4.040000 162 156
4.080000 158 156
4.120000 154 156
