2.960000 320 139
3.000000 320 138
3.040000 315 139
3.080000 314 140
3.120000 309 139
3.160000 309 139
3.200000 307 139
3.240000 304 139
3.280000 301 139
3.320000 299 137
3.360000 296 136
3.400000 293 135
3.440000 288 135
3.480000 283 135
3.520000 279 135
3.560000 274 135
3.600000 269 135
3.640000 264 137
3.680000 258 137
3.720000 254 139
3.760000 249 139
3.800000 242 137
3.840000 236 137
3.880000 231 138
3.920000 226 136
3.960000 221 135
4.000000 218 135
4.040000 214 134
4.080000 210 137
4.120000 205 137
4.160000 204 139
4.200000 200 139
4.240000 199 139
4.280000 195 139
4.320000 194 139
4.360000 189 138
4.400000 184 137
4.440000 181 135
4.480000 176 135
4.520000 171 134
4.560000 165 134
4.600000 160 134
4.640000 153 134
4.680000 147 135
4.720000 141 137
4.760000 134 138
4.800000 127 134
4.840000 122 135
4.880000 117 137
4.920000 112 138
4.960000 108 138
5.000000 105 136
5.040000 100 135
5.080000 95 134
5.120000 92 135
5.160000 90 138
5.200000 88 139
5.240000 86 138
5.280000 84 138
5.320000 81 137
5.360000 79 137
5.400000 75 135
5.440000 71 134
5.480000 68 133
5.520000 61 133
5.560000 57 133
5.600000 51 133
5.640000 45 134
5.680000 40 134
5.720000 34 133
5.760000 30 134
5.800000 26 134
5.840000 22 134
5.880000 18 134
5.920000 12 134
5.960000 8 134
6.000000 7 134
6.080000 2 133
6.160000 2 135
