2.960000 312 124
3.000000 308 123
3.040000 305 123
3.080000 305 123
3.120000 303 122
3.160000 303 123
3.200000 303 122
3.240000 300 120
3.280000 299 120
3.320000 296 119
3.360000 294 118
3.400000 292 117
3.440000 288 117
3.480000 284 116
3.520000 279 114
3.560000 273 115
3.600000 268 117
3.640000 262 118
3.680000 253 118
3.720000 245 119
3.760000 237 121
3.800000 230 122
3.840000 222 123
3.880000 216 124
3.920000 210 123
3.960000 206 123
4.000000 204 122
4.040000 200 120
4.080000 199 119
4.120000 197 119
4.160000 195 120
4.200000 195 119
4.240000 194 120
4.280000 194 118
4.320000 190 118
4.360000 188 118
4.400000 184 116
4.440000 180 115
4.480000 176 114
4.520000 171 113
4.560000 165 113
4.600000 158 114
4.640000 153 115
4.680000 143 115
4.720000 133 117
4.760000 124 118
4.800000 115 118
4.840000 107 120
4.880000 101 123
4.920000 96 124
4.960000 91 124
5.000000 86 124
5.040000 84 123
5.080000 81 119
5.120000 81 119
5.160000 81 119
5.200000 81 119
5.240000 80 119
5.280000 79 118
5.320000 76 118
5.360000 75 117
5.400000 73 115
5.440000 70 114
5.480000 66 113
5.520000 61 113
5.560000 56 113
5.600000 49 113
5.640000 43 113
5.680000 35 113
5.720000 29 113
5.760000 22 117
5.800000 15 117
5.840000 9 119
5.920000 2 121
5.960000 2 124
6.000000 2 124
6.080000 2 118
