0.000000 312 133
0.040000 312 133
0.080000 312 133
0.120000 312 133
0.160000 312 133
0.200000 312 133
0.240000 312 133
0.280000 312 133
0.320000 312 133
0.360000 312 133
0.400000 312 133
0.440000 312 133
0.480000 312 133
0.520000 312 133
0.560000 312 133
0.600000 312 133
0.640000 312 133
0.680000 312 133
0.720000 312 133
0.760000 312 133
0.800000 312 133
0.840000 312 133
0.880000 312 133
0.920000 312 133
0.960000 312 133
1.000000 312 133
1.040000 312 133
1.080000 312 133
1.120000 312 133
1.160000 312 133
1.200000 312 133
1.240000 312 133
1.280000 312 133
1.320000 312 133
1.360000 312 133
1.400000 312 133
1.440000 312 133
1.480000 305 130
1.520000 300 130
1.560000 297 129
1.600000 288 129
1.640000 285 130
1.680000 282 131
1.720000 279 131
1.760000 276 132
1.800000 273 133
1.840000 264 134
1.880000 258 133
1.920000 255 134
1.960000 248 134
2.000000 243 134
2.040000 240 134
2.080000 236 134
2.120000 231 133
2.160000 227 133
2.200000 225 133
2.240000 218 131
2.280000 216 131
2.320000 212 131
2.360000 209 131
2.400000 207 131
2.440000 205 131
2.480000 196 131
2.520000 205 130
2.560000 200 130
2.600000 188 130
2.640000 183 131
2.680000 173 133
2.720000 169 133
2.760000 165 133
2.800000 161 133
2.840000 153 133
2.880000 147 134
2.920000 143 133
2.960000 138 133
3.000000 133 133
3.040000 127 132
3.080000 123 132
3.120000 118 130
3.160000 116 130
3.200000 106 132
3.240000 105 132
3.280000 104 132
3.320000 103 132
3.360000 96 131
3.400000 105 133
3.440000 102 131
3.480000 99 130
3.520000 95 129
3.560000 90 129
3.600000 79 129
3.640000 73 130
3.680000 67 130
3.720000 55 131
3.760000 53 132
3.800000 52 132
3.840000 50 132
3.880000 43 131
3.920000 38 131
3.960000 34 131
4.000000 29 132
4.040000 28 132
4.080000 21 129
4.120000 16 128
4.160000 15 129
4.200000 14 130
4.240000 14 131
4.280000 12 130
4.320000 10 130
4.360000 9 130
4.400000 7 130
4.440000 6 129
4.480000 6 129
4.520000 6 129
4.560000 6 129
4.600000 6 129
4.640000 6 129
4.680000 6 129
4.720000 6 129
4.760000 6 129
