0.000000 303 164
0.040000 303 164
0.080000 303 164
0.120000 303 164
0.160000 303 164
0.200000 303 164
0.240000 303 164
0.280000 303 164
0.320000 303 164
0.360000 303 164
0.400000 303 164
0.440000 303 164
0.480000 303 164
0.520000 303 164
0.560000 303 164
0.600000 303 164
0.640000 303 164
0.680000 303 164
0.720000 303 164
0.760000 303 164
0.800000 303 164
0.840000 303 164
0.880000 303 164
0.920000 303 164
0.960000 303 164
1.000000 303 164
1.040000 303 164
1.080000 303 164
1.120000 303 164
1.160000 303 164
1.200000 303 164
1.240000 303 164
1.280000 303 164
1.320000 303 164
1.360000 303 164
1.400000 303 164
1.440000 303 164
1.480000 303 164
1.520000 303 164
1.560000 303 164
1.600000 298 164
1.640000 294 165
1.680000 288 166
1.720000 286 166
1.760000 282 168
1.800000 277 167
1.840000 272 167
1.880000 268 166
1.920000 263 165
1.960000 260 165
2.000000 255 165
2.040000 250 165
2.080000 246 165
2.120000 240 167
2.160000 236 168
2.200000 231 169
2.240000 227 169
2.280000 222 169
2.320000 217 169
2.360000 213 167
2.400000 209 165
2.440000 205 164
2.480000 200 162
2.520000 194 163
2.560000 189 165
2.600000 184 165
2.640000 179 166
2.680000 175 165
2.720000 170 167
2.760000 165 167
2.800000 161 167
2.840000 157 167
2.880000 152 165
2.920000 147 165
2.960000 143 164
3.000000 138 164
3.040000 133 164
3.080000 129 165
3.120000 125 165
3.160000 121 165
3.200000 116 166
3.240000 111 167
3.280000 106 165
3.320000 101 165
3.360000 97 164
3.400000 94 162
3.440000 90 161
3.480000 84 161
3.520000 80 163
3.560000 71 165
3.600000 68 165
3.640000 66 165
3.680000 63 165
3.720000 58 165
3.760000 55 165
3.800000 49 164
3.840000 45 164
3.880000 42 164
3.920000 39 163
3.960000 36 163
4.000000 30 162
4.040000 27 162
4.080000 24 162
4.120000 21 162
4.160000 18 161
4.200000 16 161
4.240000 13 161
4.280000 10 160
4.320000 7 160
4.360000 4 160
4.400000 2 159
4.440000 2 159
4.480000 2 159
4.520000 2 159
4.560000 2 159
4.600000 2 159
4.640000 2 159
4.680000 2 159
4.720000 2 159
4.760000 2 159
4.800000 2 159
4.840000 2 159
4.880000 2 159
4.920000 2 159
4.960000 2 159
