1.040000 309 141
1.080000 308 141
1.120000 301 139
1.160000 303 139
1.200000 300 139
1.240000 298 139
1.280000 294 138
1.320000 290 139
1.360000 279 139
1.400000 277 139
1.440000 271 139
1.480000 267 139
1.520000 262 141
1.560000 259 139
1.600000 255 139
1.640000 251 139
1.680000 246 139
1.720000 241 135
1.760000 236 137
1.800000 231 137
1.840000 227 139
1.880000 224 139
1.920000 221 139
1.960000 215 139
2.000000 210 139
2.040000 206 139
2.080000 204 139
2.120000 196 138
2.160000 190 139
2.200000 185 137
2.240000 183 139
2.280000 179 140
2.320000 175 137
2.360000 171 139
2.400000 166 139
2.440000 162 138
2.480000 158 138
2.520000 153 135
2.560000 146 136
2.600000 141 136
2.640000 138 137
2.680000 133 135
2.720000 130 135
2.760000 125 135
2.800000 122 137
2.840000 118 139
2.880000 116 137
2.920000 111 136
2.960000 106 135
3.000000 101 137
3.040000 97 135
3.080000 92 137
3.120000 90 138
3.160000 85 138
3.200000 80 136
3.240000 75 137
3.280000 73 139
3.320000 68 139
3.360000 60 137
3.400000 54 136
3.440000 49 135
3.480000 45 135
3.520000 43 135
3.560000 43 137
3.600000 38 137
3.640000 34 137
3.680000 34 136
3.720000 32 135
3.760000 28 136
3.800000 27 136
3.840000 23 135
3.880000 18 134
3.920000 13 134
3.960000 10 136
4.000000 7 133
