2.320000 320 116
2.360000 320 114
2.400000 309 115
2.440000 304 118
2.480000 299 119
2.520000 295 119
2.560000 292 118
2.600000 288 119
2.640000 287 118
2.680000 283 119
2.720000 279 119
2.760000 277 118
2.800000 273 118
2.840000 268 118
2.880000 262 118
2.920000 257 119
2.960000 252 118
3.000000 247 117
3.040000 242 118
3.080000 240 118
3.120000 236 118
3.160000 231 117
3.200000 227 118
3.240000 223 117
3.280000 216 117
3.320000 215 118
3.360000 210 114
3.400000 203 115
3.440000 195 114
3.480000 189 115
3.520000 184 115
3.560000 181 114
3.600000 177 118
3.640000 169 118
3.680000 168 117
3.720000 164 117
3.760000 162 113
3.800000 155 113
3.840000 150 112
3.880000 145 113
3.920000 138 113
3.960000 132 113
4.000000 128 117
4.040000 123 117
4.080000 119 115
4.120000 116 114
4.160000 111 115
4.200000 106 117
4.240000 101 117
4.280000 99 115
4.320000 94 115
4.360000 90 113
4.400000 85 113
4.440000 80 113
4.480000 75 114
4.520000 70 115
4.560000 65 113
4.600000 61 115
4.640000 57 113
4.680000 54 116
4.720000 53 118
4.760000 53 117
4.800000 44 117
4.840000 43 117
4.880000 38 113
4.920000 34 113
4.960000 30 113
5.000000 27 115
5.040000 22 115
5.080000 18 115
5.120000 12 115
5.160000 12 114
5.200000 8 113
5.240000 6 113
5.280000 2 114
5.320000 2 117
5.360000 2 118
5.480000 2 118
