2.280000 320 159
2.320000 320 158
2.360000 313 158
2.400000 309 158
2.440000 304 159
2.480000 300 159
2.520000 297 159
2.560000 294 159
2.600000 288 159
2.640000 286 159
2.680000 282 159
2.720000 278 158
2.760000 273 156
2.800000 268 156
2.840000 265 156
2.880000 260 155
2.920000 256 156
2.960000 251 158
3.000000 247 158
3.040000 242 159
3.080000 238 160
3.120000 235 160
3.160000 231 160
3.200000 226 160
3.240000 221 160
3.280000 219 160
3.320000 214 159
3.360000 209 159
3.400000 204 159
3.440000 199 159
3.480000 194 159
3.520000 189 159
3.560000 184 160
3.600000 179 161
3.640000 174 161
3.680000 170 161
3.720000 165 161
3.760000 161 160
3.800000 157 159
3.840000 151 159
3.880000 147 158
3.920000 142 159
3.960000 136 159
4.000000 131 159
4.040000 126 159
4.080000 122 159
4.120000 117 159
4.160000 113 160
4.200000 110 159
4.240000 106 159
4.280000 101 159
4.320000 97 157
4.360000 94 156
4.400000 89 154
4.440000 84 154
4.480000 80 155
4.520000 75 155
4.560000 70 156
4.600000 66 156
4.640000 64 155
4.680000 59 158
4.720000 55 159
4.760000 51 159
4.800000 49 159
4.840000 44 158
4.880000 40 157
4.920000 36 156
4.960000 33 155
5.000000 29 155
5.040000 24 155
5.080000 21 156
5.120000 18 154
5.160000 13 155
5.200000 10 155
5.240000 7 155
5.280000 1 155
5.320000 2 155
5.360000 2 154
5.400000 2 152
