2.200000 292 61
2.240000 283 63
2.280000 277 66
2.320000 273 65
2.360000 273 61
2.400000 272 57
2.440000 272 57
2.480000 271 57
2.520000 271 57
2.560000 271 56
2.600000 272 58
2.640000 270 57
2.680000 274 57
2.720000 269 56
2.760000 270 56
2.800000 270 56
2.840000 270 56
2.880000 271 56
2.920000 271 56
2.960000 269 56
3.000000 265 58
3.040000 253 57
3.080000 242 56
3.120000 230 62
3.160000 215 55
3.200000 200 53
3.240000 186 56
3.280000 216 51
3.320000 166 61
3.360000 164 61
3.400000 161 57
3.440000 158 54
3.480000 160 52
3.520000 159 52
3.560000 158 52
3.600000 159 52
3.640000 162 54
3.720000 161 55
3.760000 123 51
3.800000 158 52
3.840000 158 51
3.880000 158 51
3.920000 158 51
3.960000 158 51
4.000000 157 51
4.040000 148 52
4.080000 138 54
4.120000 125 51
4.160000 101 50
4.200000 98 55
4.240000 86 52
4.280000 72 56
4.320000 62 59
4.360000 55 61
4.400000 49 61
4.440000 49 58
4.480000 47 56
4.520000 47 56
4.560000 48 56
4.600000 47 56
4.640000 48 55
4.680000 49 56
4.720000 48 55
4.760000 36 51
4.800000 48 54
4.840000 48 54
4.880000 49 54
4.920000 48 54
4.960000 48 54
5.000000 47 52
5.040000 47 51
5.080000 45 51
5.120000 42 54
5.200000 22 57
5.240000 7 59
5.360000 2 56
