2.400000 310 145
2.440000 310 146
2.480000 309 144
2.520000 303 144
2.560000 299 143
2.880000 268 144
2.920000 265 145
2.960000 262 145
3.000000 260 144
3.040000 256 144
3.080000 250 143
3.120000 246 143
3.160000 242 144
3.200000 237 144
3.240000 231 144
3.280000 228 143
3.480000 207 145
3.520000 201 143
3.560000 195 143
3.600000 190 141
3.640000 209 145
3.880000 162 145
3.920000 158 145
3.960000 153 144
4.000000 149 143
4.040000 146 143
4.080000 140 143
4.120000 135 141
4.400000 122 145
4.440000 121 145
4.480000 117 145
4.520000 112 144
4.560000 108 144
4.600000 103 144
4.640000 97 143
4.680000 93 144
4.720000 88 144
4.920000 65 141
4.960000 60 139
5.040000 52 139
5.080000 49 139
5.160000 40 139
5.200000 38 141
5.240000 34 141
5.280000 34 144
5.320000 32 143
5.360000 29 143
5.400000 26 143
5.440000 23 141
5.480000 19 140
5.520000 17 140
5.560000 12 139
5.600000 8 139
