0.000000 320 97
0.040000 320 97
0.080000 320 97
0.120000 320 97
0.160000 320 97
0.200000 320 97
0.240000 320 97
0.280000 320 97
0.320000 320 97
0.360000 320 97
0.400000 320 97
0.440000 320 97
0.480000 320 97
0.520000 320 97
0.560000 320 97
0.600000 320 97
0.640000 320 97
0.680000 320 97
0.720000 320 97
0.760000 320 97
0.800000 320 97
0.840000 320 97
0.880000 320 97
0.920000 320 97
0.960000 320 97
1.000000 320 97
1.040000 320 97
1.080000 320 97
1.120000 320 97
1.160000 320 97
1.200000 320 97
1.240000 320 97
1.280000 320 97
1.320000 320 97
1.360000 320 97
1.400000 320 97
1.440000 320 97
1.480000 320 97
1.520000 320 97
1.560000 320 97
1.600000 314 93
1.640000 313 91
1.680000 310 93
1.720000 305 93
1.760000 297 94
1.800000 292 95
1.840000 308 92
1.880000 283 93
1.920000 303 88
1.960000 299 89
2.000000 296 89
2.040000 267 90
2.080000 282 90
2.120000 261 91
2.160000 264 89
2.200000 257 90
2.240000 257 92
2.280000 257 91
2.320000 256 91
2.360000 252 91
2.400000 251 88
2.440000 247 88
2.480000 244 87
2.520000 236 87
2.560000 227 87
2.600000 219 87
2.640000 209 87
2.680000 201 87
2.720000 196 91
2.760000 185 93
2.800000 200 87
2.840000 175 91
2.880000 172 87
2.920000 191 85
2.960000 163 87
3.000000 158 87
3.040000 153 87
3.080000 153 87
3.120000 149 87
3.160000 144 87
3.200000 145 92
3.240000 146 89
3.280000 144 87
3.320000 142 87
3.360000 138 87
3.400000 137 87
3.440000 132 86
3.480000 122 87
3.520000 96 87
3.560000 105 87
3.600000 92 87
3.640000 90 87
3.680000 87 91
3.720000 77 93
3.760000 70 91
3.800000 84 87
3.840000 64 88
3.880000 59 87
3.920000 55 87
3.960000 50 88
4.000000 48 87
4.040000 44 87
4.080000 43 87
4.120000 42 92
4.160000 43 92
4.200000 23 92
4.240000 39 88
4.280000 38 87
4.320000 34 88
4.360000 32 88
4.400000 27 89
4.440000 13 90
4.480000 10 90
4.520000 7 89
4.560000 4 89
4.600000 2 88
4.640000 2 88
4.680000 2 88
4.720000 2 88
4.760000 2 88
4.800000 2 88
