0.000000 314 158
0.040000 314 158
0.080000 314 158
0.120000 314 158
0.160000 314 158
0.200000 314 158
0.240000 314 158
0.280000 314 158
0.320000 314 158
0.360000 314 158
0.400000 314 158
0.440000 314 158
0.480000 314 158
0.520000 314 158
0.560000 314 158
0.600000 314 158
0.640000 314 158
0.680000 314 158
0.720000 314 158
0.760000 314 158
0.800000 314 158
0.840000 314 158
0.880000 314 158
0.920000 314 158
0.960000 314 158
1.000000 314 158
1.040000 314 158
1.080000 314 158
1.120000 314 158
1.160000 314 158
1.200000 314 158
1.240000 314 158
1.280000 314 158
1.320000 314 158
1.360000 314 158
1.400000 314 158
1.440000 314 158
1.480000 314 158
1.520000 314 158
1.560000 314 158
1.600000 314 158
1.640000 312 159
1.680000 311 159
1.720000 309 159
1.760000 305 159
1.800000 303 159
1.840000 299 159
1.880000 297 157
1.920000 293 159
1.960000 288 158
2.000000 283 158
2.040000 277 158
2.080000 273 159
2.120000 268 159
2.160000 267 159
2.200000 262 159
2.240000 257 159
2.280000 251 159
2.320000 245 159
2.360000 242 158
2.400000 238 158
2.440000 232 156
2.480000 228 156
2.520000 223 156
2.560000 220 156
2.600000 214 156
2.640000 210 157
2.680000 205 158
2.720000 200 159
2.760000 196 159
2.800000 192 159
2.840000 187 159
2.880000 179 158
2.920000 177 158
2.960000 173 158
3.000000 165 158
3.040000 159 159
3.080000 154 159
3.120000 150 159
3.160000 146 159
3.200000 142 159
3.240000 138 159
3.280000 132 159
3.320000 127 158
3.360000 122 157
3.400000 117 156
3.440000 112 155
3.480000 107 155
3.520000 101 156
3.560000 97 156
3.600000 91 156
3.640000 91 157
3.680000 86 157
3.720000 84 158
3.760000 78 156
3.800000 75 156
3.840000 74 155
3.880000 68 155
3.920000 65 154
3.960000 61 154
4.000000 55 154
4.040000 49 155
4.080000 45 155
4.120000 40 156
4.160000 36 157
4.200000 29 155
4.240000 29 155
4.280000 23 154
4.320000 23 154
4.360000 19 154
4.400000 10 156
4.440000 8 156
4.480000 6 155
4.520000 4 155
4.560000 2 154
4.600000 2 154
4.640000 2 154
4.680000 2 154
4.720000 2 154
4.760000 2 154
4.800000 2 154
