0.000000 320 61
0.040000 320 61
0.080000 320 61
0.120000 320 61
0.160000 320 61
0.200000 320 61
0.240000 320 61
0.280000 320 61
0.320000 320 61
0.360000 320 61
0.400000 320 61
0.440000 320 61
0.480000 320 61
0.520000 320 61
0.560000 320 61
0.600000 320 61
0.640000 320 61
0.680000 320 61
0.720000 320 61
0.760000 320 61
0.800000 320 61
0.840000 320 61
0.880000 320 61
0.920000 320 61
0.960000 320 61
1.000000 320 61
1.040000 320 61
1.080000 320 61
1.120000 320 61
1.160000 320 61
1.200000 320 61
1.240000 320 61
1.280000 320 61
1.320000 320 61
1.360000 320 61
1.400000 320 61
1.440000 320 61
1.480000 320 61
1.520000 320 61
1.560000 320 61
1.600000 320 61
1.640000 320 61
1.680000 320 61
1.720000 320 61
1.760000 306 60
1.800000 294 58
1.840000 284 57
1.880000 273 58
1.920000 262 61
1.960000 251 61
2.000000 247 62
2.040000 246 61
2.080000 244 56
2.120000 244 57
2.160000 244 56
2.200000 244 56
2.240000 244 56
2.280000 244 56
2.320000 242 57
2.360000 242 56
2.400000 242 56
2.440000 243 56
2.480000 243 56
2.520000 242 56
2.560000 242 56
2.600000 242 55
2.640000 241 56
2.680000 234 56
2.720000 225 56
2.760000 209 56
2.800000 197 56
2.840000 184 56
2.880000 171 58
2.920000 162 61
2.960000 154 61
3.000000 150 61
3.040000 149 59
3.080000 148 57
3.120000 147 56
3.160000 148 56
3.200000 148 56
3.240000 149 56
3.280000 148 56
3.320000 148 55
3.360000 148 56
3.400000 148 56
3.440000 148 56
3.480000 147 56
3.520000 147 55
3.560000 147 54
3.600000 146 54
3.640000 142 56
3.680000 132 55
3.720000 119 55
3.760000 101 55
3.800000 92 54
3.840000 80 56
3.880000 69 58
3.920000 59 61
3.960000 54 61
4.000000 51 60
4.040000 51 58
4.080000 51 57
4.120000 51 56
4.160000 51 56
4.200000 50 56
4.240000 50 56
4.280000 51 56
4.320000 50 56
4.360000 50 56
4.400000 50 56
4.440000 50 56
4.480000 49 55
4.520000 49 55
4.560000 49 54
4.600000 47 54
4.640000 39 56
4.680000 29 56
4.720000 16 56
4.760000 2 60
4.800000 3 60
4.840000 4 60
4.880000 5 60
4.920000 7 58
4.960000 7 58
5.000000 7 58
5.040000 7 58
5.080000 7 57
5.120000 7 57
5.160000 7 57
5.200000 7 57
5.240000 7 57
