3.920000 320 122
3.960000 320 119
4.000000 320 117
4.040000 314 115
4.080000 304 118
4.120000 300 117
4.160000 293 117
4.200000 290 118
4.240000 287 118
4.280000 282 118
4.320000 278 117
4.360000 276 118
4.400000 273 118
4.440000 270 119
4.480000 266 118
4.520000 262 118
4.560000 257 117
4.600000 252 118
4.640000 247 117
4.680000 242 118
4.720000 236 117
4.760000 231 117
4.800000 227 117
4.840000 225 117
4.880000 220 117
4.920000 216 117
4.960000 212 117
5.000000 205 117
5.040000 204 117
5.080000 199 113
5.120000 194 113
5.160000 184 113
5.200000 180 114
5.240000 175 116
5.280000 171 117
5.320000 169 117
5.360000 163 118
5.400000 158 119
5.440000 154 119
5.480000 152 118
5.520000 147 117
5.560000 143 115
5.600000 139 115
5.640000 133 115
5.680000 127 115
5.720000 121 116
5.760000 118 117
5.800000 112 117
5.840000 110 115
5.880000 106 117
5.920000 101 118
5.960000 96 117
6.000000 92 118
6.040000 87 117
6.080000 84 115
6.120000 80 113
6.160000 75 114
6.200000 69 113
6.240000 65 114
6.280000 60 115
6.320000 55 114
6.360000 53 116
6.400000 49 117
6.440000 47 118
6.480000 40 118
6.520000 38 117
6.560000 34 117
6.600000 32 114
6.640000 28 113
6.680000 23 113
6.720000 18 114
6.760000 12 115
6.800000 8 114
6.840000 8 117
6.920000 2 117
