3.920000 320 159
3.960000 320 159
4.000000 317 158
4.040000 312 158
4.080000 308 157
4.120000 303 158
4.160000 298 159
4.200000 294 159
4.240000 292 159
4.280000 288 159
4.320000 284 159
4.360000 283 159
4.400000 278 159
4.440000 273 159
4.480000 271 158
4.520000 267 157
4.560000 262 156
4.600000 257 156
4.640000 252 157
4.680000 247 158
4.720000 242 159
4.760000 236 159
4.800000 232 159
4.840000 227 160
4.880000 223 160
4.920000 218 159
4.960000 211 160
5.000000 207 160
5.040000 204 160
5.080000 199 159
5.120000 194 159
5.160000 187 159
5.200000 182 159
5.240000 179 160
5.280000 173 159
5.320000 171 160
5.360000 168 161
5.400000 162 162
5.440000 158 161
5.480000 154 160
5.520000 149 160
5.560000 144 159
5.600000 139 159
5.640000 134 159
5.680000 129 159
5.720000 124 159
5.760000 122 159
5.800000 117 159
5.840000 112 159
5.880000 107 159
5.920000 101 159
5.960000 96 159
6.000000 91 157
6.040000 86 156
6.080000 81 155
6.120000 76 155
6.160000 71 154
6.200000 66 154
6.240000 61 154
6.280000 58 155
6.320000 54 155
6.360000 50 156
6.400000 47 156
6.440000 44 157
6.480000 42 157
6.520000 39 156
6.560000 35 157
6.600000 33 155
6.640000 28 155
6.680000 25 154
6.720000 18 154
6.760000 14 154
6.800000 12 154
6.840000 8 155
6.880000 6 155
6.920000 2 154
7.000000 2 154
7.040000 2 153
7.080000 2 152
