0.000000 291 61
0.040000 291 61
0.080000 291 61
0.120000 291 61
0.160000 291 61
0.200000 291 61
0.240000 291 61
0.280000 291 61
0.320000 291 61
0.360000 291 61
0.400000 291 61
0.440000 291 61
0.480000 291 61
0.520000 291 61
0.560000 291 61
0.600000 291 61
0.640000 291 61
0.680000 291 61
0.720000 291 61
0.760000 291 61
0.800000 291 61
0.840000 291 61
0.880000 291 61
0.920000 291 61
0.960000 291 61
1.000000 291 61
1.040000 291 61
1.080000 291 61
1.120000 291 61
1.160000 291 61
1.200000 291 61
1.240000 291 61
1.280000 291 61
1.320000 291 61
1.360000 291 61
1.400000 291 61
1.440000 291 61
1.480000 291 61
1.520000 291 61
1.560000 291 61
1.600000 291 61
1.640000 291 61
1.680000 291 61
1.720000 291 61
1.760000 291 61
1.800000 291 61
1.840000 291 61
1.880000 291 61
1.920000 291 61
1.960000 291 61
2.000000 288 58
2.040000 288 57
2.080000 288 57
2.120000 288 57
2.160000 288 56
2.200000 288 56
2.240000 288 56
2.280000 288 56
2.320000 288 56
2.360000 288 56
2.400000 288 56
2.440000 288 56
2.480000 288 56
2.520000 288 56
2.560000 286 56
2.600000 281 56
2.640000 273 57
2.680000 262 57
2.720000 242 58
2.760000 236 56
2.800000 224 56
2.840000 210 58
2.880000 203 59
2.920000 199 58
2.960000 195 55
3.000000 195 54
3.040000 195 53
3.080000 195 53
3.120000 195 52
3.160000 195 52
3.200000 195 52
3.240000 194 52
3.280000 195 52
3.320000 195 52
3.360000 195 52
3.400000 195 52
3.440000 195 51
3.480000 195 51
3.520000 196 50
3.560000 194 52
3.600000 184 54
3.640000 173 55
3.680000 157 56
3.720000 142 55
3.760000 132 51
3.800000 118 50
3.840000 105 51
3.880000 95 54
3.920000 91 54
3.960000 91 51
4.000000 91 51
4.040000 91 51
4.080000 91 51
4.120000 91 50
4.160000 91 50
4.200000 91 50
4.240000 91 51
4.280000 91 51
4.320000 91 50
4.360000 91 50
4.400000 91 50
4.440000 91 50
4.480000 91 50
4.520000 90 49
4.560000 86 50
4.600000 79 53
4.640000 67 56
4.680000 51 56
4.720000 44 54
4.760000 32 55
4.800000 21 56
4.840000 12 58
4.880000 8 60
4.920000 7 56
4.960000 7 56
5.000000 7 56
5.040000 6 56
5.080000 6 56
5.120000 6 56
5.160000 6 56
5.200000 6 55
5.240000 6 55
5.280000 5 55
5.320000 5 55
5.360000 5 54
5.400000 5 54
5.440000 5 53
5.480000 5 53
5.520000 5 52
5.560000 5 52
5.600000 5 52
5.640000 5 52
5.680000 5 52
