0.000000 291 60
0.040000 291 60
0.080000 291 60
0.120000 291 60
0.160000 291 60
0.200000 291 60
0.240000 291 60
0.280000 291 60
0.320000 291 60
0.360000 291 60
0.400000 291 60
0.440000 291 60
0.480000 291 60
0.520000 291 60
0.560000 291 60
0.600000 291 60
0.640000 291 60
0.680000 291 60
0.720000 291 60
0.760000 291 60
0.800000 291 60
0.840000 291 60
0.880000 291 60
0.920000 291 60
0.960000 291 60
1.000000 291 60
1.040000 291 60
1.080000 291 60
1.120000 291 60
1.160000 291 60
1.200000 291 60
1.240000 291 60
1.280000 291 60
1.320000 291 60
1.360000 291 60
1.400000 291 60
1.440000 291 60
1.480000 291 60
1.520000 291 60
1.560000 291 60
1.600000 291 60
1.640000 291 60
1.680000 291 60
1.720000 291 60
1.760000 291 60
1.800000 291 60
1.840000 291 60
1.880000 291 60
1.920000 291 60
1.960000 291 60
2.000000 288 57
2.040000 293 59
2.080000 299 60
2.120000 305 61
2.160000 308 65
2.200000 295 66
2.240000 286 61
2.280000 273 61
2.320000 262 61
2.360000 250 63
2.400000 246 63
2.440000 244 61
2.480000 242 59
2.520000 242 59
2.560000 242 58
2.600000 242 59
2.640000 242 59
2.680000 244 61
2.720000 243 61
2.760000 243 61
2.800000 243 61
2.840000 242 60
2.880000 242 59
2.920000 242 59
2.960000 242 59
3.000000 242 58
3.040000 241 57
3.080000 234 60
3.120000 223 59
3.160000 215 61
3.200000 196 57
3.240000 186 56
3.280000 173 56
3.320000 159 58
3.360000 149 61
3.400000 144 61
3.440000 144 57
3.480000 144 56
3.520000 143 56
3.560000 143 56
3.600000 142 56
3.640000 142 56
3.680000 142 56
3.720000 145 56
3.760000 148 57
3.800000 142 56
3.840000 142 56
3.880000 142 56
3.920000 143 56
3.960000 143 55
4.000000 143 55
4.040000 142 52
4.080000 134 55
4.120000 124 56
4.160000 112 56
4.200000 99 59
4.240000 87 55
4.280000 77 56
4.320000 64 60
4.360000 55 61
4.400000 50 61
4.440000 49 58
4.480000 49 57
4.520000 49 57
4.560000 49 57
4.600000 49 58
4.640000 49 57
4.680000 49 57
4.720000 50 57
4.760000 50 57
4.800000 49 56
4.840000 49 57
4.880000 49 57
4.920000 49 57
4.960000 50 56
5.000000 49 56
5.040000 45 57
5.080000 38 58
5.120000 24 58
5.160000 6 56
5.200000 6 56
5.240000 6 56
5.280000 6 56
5.320000 5 54
5.360000 5 54
5.400000 5 54
5.440000 5 54
5.480000 5 54
5.520000 5 54
5.560000 5 54
5.600000 5 54
5.640000 5 54
5.680000 5 54
