0.000000 310 137
0.040000 310 137
0.080000 310 137
0.120000 310 137
0.160000 310 137
0.200000 310 137
0.240000 310 137
0.280000 310 137
0.320000 310 137
0.360000 310 137
0.400000 310 137
0.440000 310 137
0.480000 310 137
0.520000 310 137
0.560000 310 137
0.600000 310 137
0.640000 310 137
0.680000 310 137
0.720000 310 137
0.760000 310 137
0.800000 310 137
0.840000 310 137
0.880000 310 137
0.920000 310 137
0.960000 310 137
1.000000 310 137
1.040000 310 137
1.080000 310 137
1.120000 310 137
1.160000 310 137
1.200000 310 137
1.240000 310 137
1.280000 310 137
1.320000 310 137
1.360000 310 137
1.400000 310 137
1.440000 310 137
1.480000 310 137
1.520000 310 137
1.560000 310 137
1.600000 310 137
1.640000 310 137
1.680000 310 137
1.720000 310 137
1.760000 310 137
1.800000 310 137
1.840000 310 137
1.880000 310 137
1.920000 310 137
1.960000 307 138
2.000000 305 139
2.040000 303 140
2.080000 301 140
2.120000 299 141
2.160000 296 142
2.200000 294 143
2.240000 292 143
2.280000 288 145
2.320000 285 145
2.360000 280 144
2.400000 275 149
2.440000 271 153
2.480000 267 157
2.520000 260 160
2.560000 257 159
2.600000 255 154
2.640000 252 154
2.680000 247 152
2.720000 245 150
2.760000 241 149
2.800000 236 148
2.840000 232 146
2.880000 229 145
2.920000 225 145
2.960000 220 145
3.000000 216 145
3.040000 214 145
3.080000 205 145
3.120000 202 145
3.160000 200 145
3.200000 198 145
3.240000 194 145
3.280000 189 145
3.320000 184 146
3.360000 179 145
3.400000 173 143
3.440000 169 143
3.480000 164 145
3.520000 160 145
3.560000 152 144
3.600000 149 145
3.640000 147 145
3.680000 145 145
3.720000 142 145
3.760000 140 145
3.800000 135 148
3.840000 131 145
3.880000 127 146
3.920000 123 146
3.960000 120 145
4.000000 109 144
4.040000 105 144
4.080000 102 144
4.120000 98 144
4.160000 95 144
4.200000 92 144
4.240000 85 144
4.280000 87 145
4.320000 90 145
4.360000 92 145
4.400000 90 145
4.440000 84 144
4.480000 80 144
4.520000 77 144
4.560000 73 144
4.600000 70 144
4.640000 66 144
4.680000 63 144
4.720000 59 144
4.760000 52 144
4.800000 49 144
4.840000 47 144
4.880000 45 144
4.920000 38 143
4.960000 28 141
5.000000 26 142
5.040000 25 142
5.080000 23 142
5.120000 22 143
5.160000 20 143
5.200000 19 143
5.240000 16 142
5.280000 12 143
5.320000 12 143
5.360000 12 143
5.400000 12 143
5.440000 12 143
5.480000 12 143
5.520000 12 143
5.560000 12 143
5.600000 12 143
5.640000 12 143
5.680000 12 143
