0.000000 313 160
0.040000 313 160
0.080000 313 160
0.120000 313 160
0.160000 313 160
0.200000 313 160
0.240000 313 160
0.280000 313 160
0.320000 313 160
0.360000 313 160
0.400000 313 160
0.440000 313 160
0.480000 313 160
0.520000 313 160
0.560000 313 160
0.600000 313 160
0.640000 313 160
0.680000 313 160
0.720000 313 160
0.760000 313 160
0.800000 313 160
0.840000 313 160
0.880000 313 160
0.920000 313 160
0.960000 313 160
1.000000 313 160
1.040000 313 160
1.080000 313 160
1.120000 313 160
1.160000 313 160
1.200000 313 160
1.240000 313 160
1.280000 313 160
1.320000 313 160
1.360000 313 160
1.400000 313 160
1.440000 313 160
1.480000 313 160
1.520000 313 160
1.560000 313 160
1.600000 313 160
1.640000 313 160
1.680000 313 160
1.720000 313 160
1.760000 313 160
1.800000 313 160
1.840000 313 160
1.880000 313 160
1.920000 313 160
1.960000 313 160
2.000000 310 161
2.040000 308 163
2.080000 304 164
2.120000 301 165
2.160000 298 165
2.200000 297 166
2.240000 293 165
2.280000 290 166
2.320000 287 165
2.360000 283 165
2.400000 280 165
2.440000 276 165
2.480000 272 166
2.520000 268 168
2.560000 267 169
2.600000 262 169
2.640000 258 169
2.680000 252 169
2.720000 246 167
2.760000 242 167
2.800000 236 166
2.840000 233 165
2.880000 230 165
2.920000 225 165
2.960000 221 165
3.000000 217 165
3.040000 214 165
3.080000 210 168
3.120000 207 168
3.160000 205 170
3.200000 200 170
3.240000 195 170
3.280000 193 170
3.320000 188 170
3.360000 184 170
3.400000 179 169
3.440000 174 169
3.480000 170 169
3.520000 166 169
3.560000 162 170
3.600000 158 170
3.640000 153 170
3.680000 149 170
3.720000 145 170
3.760000 142 170
3.800000 136 170
3.840000 132 169
3.880000 128 168
3.920000 123 167
3.960000 119 167
4.000000 114 167
4.040000 111 169
4.080000 107 169
4.120000 103 170
4.160000 100 170
4.200000 105 170
4.240000 101 170
4.280000 97 170
4.320000 94 170
4.360000 90 169
4.400000 85 169
4.440000 81 167
4.480000 76 168
4.520000 71 169
4.560000 69 169
4.600000 65 170
4.640000 62 170
4.680000 58 169
4.720000 54 170
4.760000 45 169
4.800000 44 168
4.840000 39 167
4.880000 38 165
4.920000 34 165
4.960000 30 165
5.000000 28 165
5.040000 23 165
5.080000 22 165
5.120000 18 166
5.160000 17 165
5.200000 14 165
5.240000 12 164
5.280000 5 164
5.320000 5 164
5.360000 5 164
5.400000 5 164
5.440000 5 164
5.480000 5 164
5.520000 5 164
5.560000 5 164
5.600000 5 164
5.640000 5 164
5.680000 5 164
