1.640000 320 119
1.680000 320 118
1.720000 317 116
1.760000 310 116
1.800000 304 117
1.840000 299 119
1.880000 295 119
1.920000 293 119
1.960000 288 120
2.000000 283 119
2.040000 278 118
2.080000 273 118
2.120000 271 118
2.160000 266 117
2.200000 260 116
2.240000 255 117
2.280000 249 118
2.320000 245 119
2.360000 240 118
2.400000 234 118
2.440000 230 118
2.480000 226 117
2.520000 222 117
2.560000 219 116
2.600000 214 115
2.640000 208 113
2.680000 203 114
2.720000 196 115
2.760000 190 117
2.800000 184 114
2.840000 179 118
2.880000 174 118
2.920000 168 119
2.960000 162 118
3.000000 158 118
3.040000 153 116
3.080000 148 115
3.120000 143 113
3.160000 137 113
3.200000 131 114
3.240000 123 114
3.280000 118 114
3.320000 114 114
3.360000 111 117
3.400000 107 117
3.440000 101 118
3.480000 97 115
3.520000 93 117
3.560000 86 116
3.600000 81 115
3.640000 75 115
3.680000 70 115
3.720000 66 115
3.760000 62 115
3.800000 60 117
3.840000 53 117
3.880000 48 118
3.920000 43 118
3.960000 39 117
4.000000 34 114
4.040000 34 115
4.080000 30 113
4.120000 23 115
4.160000 17 114
4.200000 12 114
4.240000 5 113
4.280000 2 118
4.320000 2 117
