0.960000 307 65
1.040000 309 66
1.080000 307 66
1.120000 307 66
1.160000 306 66
1.200000 305 66
1.240000 305 66
1.280000 305 66
1.320000 304 66
1.360000 304 67
1.400000 303 68
1.440000 299 71
1.480000 293 72
1.520000 286 75
1.560000 277 74
1.600000 268 71
1.640000 253 67
1.680000 245 62
1.720000 232 61
1.760000 217 59
1.800000 205 59
1.840000 196 61
1.880000 194 59
1.920000 192 58
1.960000 191 57
2.000000 190 57
2.040000 190 57
2.080000 190 57
2.120000 190 56
2.160000 190 57
2.200000 190 59
2.240000 190 58
2.280000 190 57
2.320000 190 58
2.360000 190 58
2.400000 189 59
2.440000 188 61
2.480000 184 62
2.520000 179 66
2.560000 171 69
2.600000 162 71
2.640000 152 71
2.680000 138 70
2.720000 127 61
2.760000 116 61
2.800000 101 59
2.840000 90 57
2.880000 79 60
2.920000 71 61
2.960000 69 59
3.000000 68 59
3.040000 68 59
3.080000 67 59
3.120000 68 59
3.160000 68 59
3.200000 68 59
3.240000 69 58
3.280000 68 61
3.320000 68 60
3.360000 66 60
3.400000 66 60
3.440000 65 60
3.480000 65 61
3.520000 64 61
3.560000 60 64
3.600000 55 67
3.640000 49 71
3.680000 40 72
3.720000 32 72
3.760000 23 72
3.800000 13 66
3.840000 7 66
3.920000 16 64
4.040000 14 65
