0.960000 294 60
1.040000 298 60
1.080000 294 60
1.120000 296 61
1.160000 295 61
1.200000 294 61
1.240000 294 61
1.280000 294 60
1.320000 294 59
1.360000 293 59
1.400000 294 59
1.440000 293 58
1.480000 289 60
1.520000 281 61
1.560000 272 61
1.600000 260 59
1.640000 239 57
1.680000 232 56
1.720000 218 56
1.760000 204 56
1.800000 190 61
1.840000 184 63
1.880000 179 61
1.920000 179 56
1.960000 178 55
2.000000 177 55
2.040000 177 55
2.080000 177 55
2.120000 177 54
2.160000 177 54
2.200000 178 55
2.240000 178 54
2.280000 177 54
2.320000 177 54
2.360000 177 53
2.400000 176 53
2.440000 175 52
2.480000 176 53
2.520000 174 53
2.560000 169 56
2.600000 158 56
2.640000 146 56
2.680000 132 57
2.720000 115 56
2.760000 105 55
2.800000 90 54
2.840000 78 58
2.880000 68 65
2.920000 60 65
2.960000 58 61
3.000000 58 59
3.040000 56 56
3.080000 55 56
3.120000 55 56
3.160000 55 56
3.200000 55 56
3.240000 55 56
3.280000 57 56
3.320000 53 56
3.360000 55 56
3.400000 55 56
3.440000 55 56
3.480000 55 56
3.520000 54 54
3.560000 53 54
3.600000 53 56
3.640000 47 56
3.680000 36 57
3.720000 25 60
3.760000 18 60
3.800000 8 58
3.920000 8 61
4.040000 7 59
