0.000000 320 98
0.040000 320 98
0.080000 320 98
0.120000 320 98
0.160000 320 98
0.200000 320 98
0.240000 320 98
0.280000 320 98
0.320000 320 98
0.360000 320 98
0.400000 320 98
0.440000 320 98
0.480000 320 98
0.520000 320 98
0.560000 320 98
0.600000 320 98
0.640000 320 98
0.680000 320 98
0.720000 320 98
0.760000 320 98
0.800000 320 98
0.840000 320 97
0.880000 320 93
0.920000 315 94
0.960000 310 94
1.000000 305 95
1.040000 299 95
1.080000 298 93
1.120000 296 93
1.160000 294 93
1.200000 294 96
1.240000 294 94
1.280000 292 93
1.320000 290 93
1.360000 288 93
1.400000 284 93
1.440000 281 93
1.480000 276 92
1.520000 268 91
1.560000 261 91
1.600000 252 91
1.640000 245 92
1.680000 237 93
1.720000 231 94
1.760000 225 95
1.800000 220 95
1.840000 215 93
1.880000 214 93
1.920000 212 93
1.960000 208 92
2.000000 201 91
2.040000 195 89
2.080000 194 91
2.120000 190 91
2.160000 188 90
2.200000 184 90
2.240000 184 92
2.280000 182 91
2.320000 180 91
2.360000 179 89
2.400000 176 91
2.440000 174 89
2.480000 172 89
2.520000 168 88
2.560000 163 87
2.600000 157 87
2.640000 148 87
2.680000 138 87
2.720000 128 87
2.760000 122 89
2.800000 113 91
2.840000 107 92
2.880000 101 93
2.920000 96 92
2.960000 92 89
3.000000 90 87
3.040000 88 87
3.080000 82 87
3.120000 79 87
3.160000 75 87
3.200000 70 87
3.240000 66 88
3.280000 66 87
3.320000 64 88
3.360000 62 89
3.400000 60 92
3.440000 58 92
3.480000 58 88
3.520000 56 87
3.560000 55 87
3.600000 51 87
3.640000 48 86
3.680000 42 87
3.720000 34 87
3.760000 27 87
3.800000 18 87
3.840000 12 87
3.880000 2 91
3.920000 2 91
3.960000 2 90
4.000000 3 91
4.040000 5 93
4.080000 4 92
4.120000 3 91
4.160000 3 90
4.200000 2 89
4.240000 2 87
4.280000 2 87
4.320000 2 87
4.360000 2 87
4.400000 2 87
4.440000 2 87
4.480000 2 87
4.520000 2 87
