0.000000 320 164
0.040000 320 164
0.080000 320 164
0.120000 320 164
0.160000 320 164
0.200000 320 164
0.240000 320 164
0.280000 320 164
0.320000 320 164
0.360000 320 164
0.400000 320 164
0.440000 320 164
0.480000 320 164
0.520000 320 164
0.560000 320 164
0.600000 320 164
0.640000 320 164
0.680000 320 164
0.720000 320 164
0.760000 320 164
0.800000 320 164
0.840000 320 164
0.880000 320 164
0.920000 316 165
0.960000 315 165
1.000000 320 165
1.040000 314 165
1.080000 312 165
1.120000 309 165
1.160000 305 166
1.200000 299 167
1.240000 298 168
1.280000 293 168
1.320000 289 166
1.360000 283 166
1.400000 280 165
1.440000 277 165
1.480000 271 165
1.520000 267 166
1.560000 262 167
1.600000 259 167
1.640000 257 169
1.680000 252 169
1.720000 249 169
1.760000 246 169
1.800000 242 169
1.840000 237 169
1.880000 233 167
1.920000 229 166
1.960000 222 165
2.000000 220 165
2.040000 215 165
2.080000 207 165
2.120000 205 166
2.160000 199 168
2.200000 195 169
2.240000 190 169
2.280000 185 169
2.320000 181 169
2.360000 178 169
2.400000 172 169
2.440000 167 167
2.480000 162 166
2.520000 157 166
2.560000 152 166
2.600000 147 166
2.640000 143 166
2.680000 138 168
2.720000 136 169
2.760000 132 169
2.800000 125 169
2.840000 121 169
2.880000 118 169
2.920000 113 167
2.960000 109 167
3.000000 105 167
3.040000 99 165
3.080000 96 165
3.120000 90 165
3.160000 86 165
3.200000 82 165
3.240000 79 165
3.280000 75 165
3.320000 70 166
3.360000 62 166
3.400000 59 166
3.440000 54 166
3.480000 49 165
3.520000 44 165
3.560000 39 163
3.600000 34 161
3.640000 30 161
3.680000 27 161
3.720000 23 161
3.760000 19 163
3.800000 16 165
3.840000 12 164
3.880000 10 165
3.920000 8 165
3.960000 6 165
4.000000 2 165
4.040000 2 165
4.080000 2 161
4.120000 2 161
4.160000 2 161
4.200000 2 161
4.240000 2 161
4.280000 2 161
4.320000 2 161
4.360000 2 161
4.400000 2 161
4.440000 2 161
4.480000 2 161
4.520000 2 161
