0.000000 302 134
0.040000 302 134
0.080000 302 134
0.120000 302 134
0.160000 302 134
0.200000 302 134
0.240000 302 134
0.280000 302 134
0.320000 302 134
0.360000 302 134
0.400000 302 134
0.440000 302 134
0.480000 302 134
0.520000 302 134
0.560000 302 134
0.600000 302 134
0.640000 302 134
0.680000 302 134
0.720000 302 134
0.760000 302 134
0.800000 302 134
0.840000 302 134
0.880000 302 134
0.920000 301 134
0.960000 296 130
1.000000 294 128
1.040000 294 128
1.080000 291 128
1.120000 289 128
1.160000 287 128
1.200000 284 128
1.240000 282 128
1.280000 280 128
1.320000 272 129
1.360000 261 129
1.400000 258 129
1.440000 256 129
1.480000 253 129
1.520000 248 129
1.560000 245 129
1.600000 243 129
1.640000 241 129
1.680000 239 129
1.720000 231 128
1.760000 224 129
1.800000 216 130
1.840000 210 130
1.880000 205 132
1.920000 199 133
1.960000 195 132
2.000000 190 130
2.040000 189 129
2.080000 186 128
2.120000 184 128
2.160000 181 128
2.200000 179 127
2.240000 176 127
2.280000 174 126
2.320000 171 126
2.360000 160 123
2.400000 183 126
2.440000 179 125
2.480000 175 124
2.520000 173 124
2.560000 168 123
2.600000 154 122
2.640000 145 124
2.680000 137 125
2.720000 120 126
2.760000 117 126
2.800000 115 126
2.840000 113 126
2.880000 105 128
2.920000 98 132
2.960000 117 120
3.000000 116 120
3.040000 112 119
3.080000 75 129
3.120000 74 129
3.160000 70 126
3.200000 70 126
3.240000 70 126
3.280000 71 126
3.320000 71 125
3.360000 72 125
3.400000 72 125
3.440000 70 124
3.480000 69 124
3.520000 66 124
3.560000 64 124
3.600000 60 123
3.640000 57 122
3.680000 53 121
3.720000 48 120
3.760000 40 120
3.800000 28 121
3.840000 25 123
3.880000 23 124
3.920000 21 125
3.960000 18 127
4.000000 16 128
4.040000 14 129
4.080000 12 130
4.120000 12 130
4.160000 12 130
4.200000 12 130
4.240000 12 130
4.280000 12 130
4.320000 12 130
4.360000 12 130
4.400000 12 130
4.440000 12 130
4.480000 12 130
4.520000 12 130
