0.000000 294 58
0.040000 294 58
0.080000 294 58
0.120000 294 58
0.160000 294 58
0.200000 294 58
0.240000 294 58
0.280000 294 58
0.320000 294 58
0.360000 294 58
0.400000 294 58
0.440000 294 58
0.480000 294 58
0.520000 294 58
0.560000 294 58
0.600000 294 58
0.640000 294 58
0.680000 294 58
0.720000 294 58
0.760000 294 58
0.800000 294 58
0.840000 294 58
0.880000 294 58
0.920000 294 58
0.960000 294 58
1.000000 294 58
1.040000 294 58
1.080000 294 58
1.120000 294 58
1.160000 294 58
1.200000 294 58
1.240000 294 58
1.280000 294 58
1.320000 294 58
1.360000 294 58
1.400000 294 58
1.440000 294 58
1.480000 294 58
1.520000 294 58
1.560000 294 58
1.600000 294 58
1.640000 294 58
1.680000 294 58
1.720000 294 58
1.760000 294 58
1.800000 294 58
1.840000 294 58
1.880000 294 58
1.920000 294 58
1.960000 294 58
2.000000 294 58
2.040000 294 58
2.080000 294 58
2.120000 294 58
2.160000 294 58
2.200000 294 58
2.240000 294 58
2.280000 294 58
2.320000 294 58
2.360000 294 58
2.400000 294 58
2.440000 294 58
2.480000 294 58
2.520000 294 58
2.560000 294 58
2.600000 294 58
2.640000 294 58
2.680000 294 58
2.720000 294 58
2.760000 294 58
2.800000 294 58
2.840000 294 58
2.880000 294 58
2.920000 294 58
2.960000 294 58
3.000000 296 59
3.040000 315 72
3.080000 295 59
3.120000 297 61
3.160000 295 60
3.200000 296 60
3.240000 295 59
3.280000 295 60
3.320000 296 61
3.360000 294 61
3.400000 294 65
3.440000 290 66
3.480000 247 56
3.520000 248 56
3.560000 269 68
3.600000 257 65
3.640000 247 57
3.680000 233 59
3.720000 221 56
3.760000 210 56
3.800000 205 56
3.840000 201 55
3.880000 201 54
3.920000 201 52
3.960000 201 52
4.000000 201 53
4.040000 201 54
4.080000 202 54
4.120000 203 56
4.160000 203 53
4.200000 203 54
4.240000 203 54
4.280000 203 55
4.320000 203 56
4.360000 201 58
4.400000 199 60
4.440000 195 63
4.480000 188 67
4.520000 179 67
4.560000 169 66
4.600000 154 58
4.640000 144 55
4.680000 132 54
4.720000 117 54
4.760000 107 54
4.800000 101 54
4.840000 101 52
4.880000 101 51
4.920000 102 51
4.960000 102 51
5.000000 132 68
5.040000 122 67
5.080000 111 66
5.120000 103 54
5.160000 75 56
5.200000 103 53
5.240000 101 55
5.280000 102 56
5.320000 100 58
5.360000 96 61
5.400000 90 65
5.440000 83 66
5.480000 75 67
5.520000 64 65
5.560000 51 56
5.600000 40 56
5.640000 29 56
5.680000 21 56
5.720000 16 57
5.760000 14 56
5.800000 14 56
5.840000 14 56
5.880000 13 56
5.920000 13 56
5.960000 34 68
6.000000 14 56
6.040000 13 56
6.080000 13 56
6.120000 12 56
6.160000 14 56
6.200000 14 56
6.240000 14 57
6.280000 13 59
6.320000 13 59
6.360000 13 59
6.400000 13 59
6.440000 13 59
