0.000000 284 65
0.040000 284 65
0.080000 284 65
0.120000 284 65
0.160000 284 65
0.200000 284 65
0.240000 284 65
0.280000 284 65
0.320000 284 65
0.360000 284 65
0.400000 284 65
0.440000 284 65
0.480000 284 65
0.520000 284 65
0.560000 284 65
0.600000 284 65
0.640000 284 65
0.680000 284 65
0.720000 284 65
0.760000 284 65
0.800000 284 65
0.840000 284 65
0.880000 284 65
0.920000 284 65
0.960000 284 65
1.000000 284 65
1.040000 284 65
1.080000 284 65
1.120000 284 65
1.160000 284 65
1.200000 284 65
1.240000 284 65
1.280000 284 65
1.320000 284 65
1.360000 284 65
1.400000 284 65
1.440000 284 65
1.480000 284 65
1.520000 284 65
1.560000 284 65
1.600000 284 65
1.640000 284 65
1.680000 284 65
1.720000 284 65
1.760000 284 65
1.800000 284 65
1.840000 284 65
1.880000 284 65
1.920000 284 65
1.960000 284 65
2.000000 284 65
2.040000 284 65
2.080000 284 65
2.120000 284 65
2.160000 284 65
2.200000 284 65
2.240000 284 65
2.280000 284 65
2.320000 284 65
2.360000 284 65
2.400000 284 65
2.440000 284 65
2.480000 284 65
2.520000 284 65
2.560000 284 65
2.600000 284 65
2.640000 284 65
2.680000 284 65
2.720000 284 65
2.760000 284 65
2.800000 284 65
2.840000 291 66
2.880000 298 66
2.920000 305 67
2.960000 312 67
3.000000 313 64
3.040000 283 57
3.080000 301 65
3.120000 283 61
3.160000 275 61
3.200000 262 63
3.240000 249 65
3.280000 243 67
3.320000 240 66
3.360000 236 61
3.400000 235 60
3.440000 235 57
3.480000 279 56
3.520000 271 56
3.560000 235 57
3.600000 236 58
3.640000 234 57
3.680000 238 59
3.720000 236 58
3.760000 235 58
3.800000 236 58
3.840000 236 57
3.880000 236 57
3.920000 235 56
3.960000 233 56
4.000000 226 58
4.040000 216 59
4.080000 205 59
4.120000 188 56
4.160000 179 56
4.200000 164 57
4.240000 153 61
4.280000 144 62
4.320000 142 61
4.360000 138 58
4.400000 138 56
4.440000 137 56
4.480000 137 56
4.520000 137 56
4.560000 137 56
4.600000 138 56
4.640000 138 56
4.680000 138 56
4.720000 137 55
4.760000 137 56
4.800000 138 56
4.840000 137 55
4.880000 137 55
4.920000 136 54
4.960000 133 54
5.000000 89 54
5.040000 88 54
5.080000 89 55
5.120000 76 56
5.160000 88 52
5.200000 55 62
5.240000 49 65
5.280000 47 61
5.320000 45 58
5.360000 45 58
5.400000 45 58
5.440000 45 58
5.480000 45 58
5.520000 46 56
5.560000 48 56
5.600000 49 57
5.640000 45 57
5.680000 45 57
5.720000 45 56
5.760000 46 56
5.800000 45 56
5.840000 45 56
5.880000 39 58
5.920000 30 58
5.960000 22 57
6.000000 6 57
6.040000 6 57
6.080000 6 57
6.120000 6 57
6.160000 6 57
6.200000 6 57
6.240000 6 56
6.280000 6 56
6.320000 6 56
6.360000 6 56
6.400000 6 56
6.440000 6 56
