0.000000 283 65
0.040000 283 65
0.080000 283 65
0.120000 283 65
0.160000 283 65
0.200000 283 65
0.240000 283 65
0.280000 283 65
0.320000 283 65
0.360000 283 65
0.400000 283 65
0.440000 283 65
0.480000 283 65
0.520000 283 65
0.560000 283 65
0.600000 283 65
0.640000 283 65
0.680000 283 65
0.720000 283 65
0.760000 283 65
0.800000 283 65
0.840000 283 65
0.880000 283 65
0.920000 283 65
0.960000 283 65
1.000000 283 65
1.040000 283 65
1.080000 283 65
1.120000 283 65
1.160000 283 65
1.200000 283 65
1.240000 283 65
1.280000 283 65
1.320000 283 65
1.360000 283 65
1.400000 283 65
1.440000 283 65
1.480000 283 65
1.520000 283 65
1.560000 283 65
1.600000 283 65
1.640000 283 65
1.680000 283 65
1.720000 283 65
1.760000 283 65
1.800000 283 65
1.840000 283 65
1.880000 283 65
1.920000 283 65
1.960000 283 65
2.000000 283 65
2.040000 283 65
2.080000 283 65
2.120000 283 65
2.160000 283 65
2.200000 283 65
2.240000 283 65
2.280000 280 61
2.320000 279 59
2.360000 278 59
2.400000 278 59
2.440000 278 59
2.480000 279 59
2.520000 278 58
2.560000 278 59
2.600000 278 59
2.640000 234 67
2.680000 227 70
2.720000 223 66
2.760000 220 61
2.800000 220 59
2.840000 273 61
2.880000 264 60
2.920000 220 58
2.960000 224 59
3.000000 216 56
3.040000 199 55
3.080000 184 57
3.120000 171 61
3.160000 164 65
3.200000 161 61
3.240000 158 58
3.280000 158 56
3.320000 158 56
3.360000 158 56
3.400000 158 56
3.440000 157 56
3.480000 155 56
3.520000 157 55
3.560000 158 55
3.600000 158 55
3.640000 157 55
3.680000 157 54
3.720000 97 59
3.760000 157 53
3.800000 147 55
3.840000 132 56
3.880000 116 56
3.920000 96 56
3.960000 84 52
4.000000 69 54
4.040000 54 59
4.080000 45 63
4.120000 40 65
4.160000 40 61
4.200000 39 58
4.240000 38 56
4.280000 38 56
4.320000 38 56
4.360000 63 61
4.400000 38 56
4.440000 38 57
4.480000 38 56
4.520000 38 56
4.560000 38 56
4.600000 38 56
4.640000 38 56
4.680000 38 56
4.720000 38 56
4.760000 31 58
4.800000 19 58
4.840000 19 58
4.880000 19 58
4.920000 19 58
4.960000 19 58
5.000000 19 58
5.040000 19 58
5.080000 19 58
5.120000 19 58
5.160000 19 58
5.200000 19 58
5.240000 19 58
5.280000 19 58
5.320000 19 58
5.360000 19 58
5.400000 19 58
5.440000 19 58
5.480000 19 58
5.520000 19 58
5.560000 19 58
5.600000 19 58
5.640000 19 58
5.680000 19 58
5.720000 19 58
5.760000 19 58
5.800000 19 58
