0.000000 320 154
0.040000 320 154
0.080000 320 154
0.120000 320 154
0.160000 320 154
0.200000 320 154
0.240000 320 154
0.280000 320 154
0.320000 320 154
0.360000 320 154
0.400000 320 154
0.440000 320 154
0.480000 320 154
0.520000 320 154
0.560000 320 154
0.600000 320 154
0.640000 320 154
0.680000 320 154
0.720000 320 154
0.760000 320 154
0.800000 320 154
0.840000 320 154
0.880000 320 154
0.920000 320 154
0.960000 320 154
1.000000 320 154
1.040000 320 154
1.080000 320 154
1.120000 320 154
1.160000 320 154
1.200000 320 154
1.240000 320 154
1.280000 320 154
1.320000 320 154
1.360000 320 154
1.400000 320 154
1.440000 320 154
1.480000 320 154
1.520000 320 154
1.560000 320 154
1.600000 320 154
1.640000 320 154
1.680000 320 154
1.720000 320 154
1.760000 320 154
1.800000 320 154
1.840000 320 154
1.880000 320 154
1.920000 320 154
1.960000 320 154
2.000000 320 154
2.040000 320 154
2.080000 320 154
2.120000 320 154
2.160000 320 154
2.200000 320 154
2.240000 320 154
2.280000 320 154
2.320000 309 154
2.360000 305 154
2.400000 300 155
2.440000 296 156
2.480000 293 157
2.520000 288 158
2.560000 283 158
2.600000 278 156
2.640000 273 155
2.680000 268 155
2.720000 262 155
2.760000 257 155
2.800000 251 155
2.840000 247 156
2.880000 242 156
2.920000 236 158
2.960000 231 159
3.000000 227 159
3.040000 221 158
3.080000 216 158
3.120000 211 156
3.160000 206 155
3.200000 200 155
3.240000 195 155
3.280000 189 156
3.320000 183 157
3.360000 178 158
3.400000 173 159
3.440000 168 159
3.480000 163 159
3.520000 157 159
3.560000 153 159
3.600000 147 158
3.640000 142 156
3.680000 136 156
3.720000 131 156
3.760000 125 156
3.800000 120 158
3.840000 114 159
3.880000 110 159
3.920000 105 159
3.960000 101 159
4.000000 95 159
4.040000 89 156
4.080000 84 155
4.120000 79 155
4.160000 73 154
4.200000 69 154
4.240000 64 154
4.280000 58 155
4.320000 54 156
4.360000 49 157
4.400000 44 156
4.440000 40 155
4.480000 36 154
4.520000 32 154
4.560000 28 153
4.600000 23 152
4.640000 18 151
4.680000 14 151
4.720000 10 150
4.760000 1 151
4.800000 2 152
4.840000 2 152
4.880000 2 152
4.920000 2 152
4.960000 2 152
5.000000 2 152
5.040000 2 152
5.080000 2 152
5.120000 2 152
5.160000 2 152
5.200000 2 152
5.240000 2 152
5.280000 2 152
5.320000 2 152
5.360000 2 152
5.400000 2 152
5.440000 2 152
5.480000 2 152
5.520000 2 152
5.560000 2 152
5.600000 2 152
5.640000 2 152
5.680000 2 152
5.720000 2 152
5.760000 2 152
5.800000 2 152
