1.400000 305 61
1.440000 305 61
1.480000 305 61
1.520000 304 61
1.560000 308 63
1.600000 304 63
1.640000 305 61
1.680000 305 62
1.720000 305 63
1.760000 304 65
1.800000 303 67
1.840000 298 71
1.880000 289 76
1.920000 281 74
1.960000 268 72
2.000000 257 69
2.040000 245 64
2.080000 231 60
2.120000 218 57
2.160000 208 57
2.200000 205 58
2.240000 204 56
2.280000 202 56
2.320000 202 56
2.360000 203 56
2.400000 202 56
2.440000 204 55
2.480000 202 56
2.520000 201 56
2.560000 201 56
2.600000 202 57
2.640000 201 57
2.680000 200 60
2.720000 198 61
2.760000 191 66
2.800000 184 70
2.840000 175 71
2.880000 164 70
2.920000 153 67
2.960000 138 65
3.000000 126 61
3.040000 112 57
3.080000 100 56
3.120000 90 58
3.160000 87 56
3.200000 86 56
3.240000 86 56
3.280000 86 56
3.320000 86 56
3.360000 85 56
3.400000 87 56
3.440000 87 56
3.480000 87 56
3.520000 86 58
3.560000 86 60
3.600000 86 61
3.640000 84 66
3.680000 75 70
3.720000 69 71
3.760000 60 71
3.800000 48 66
3.840000 40 65
3.880000 23 61
3.920000 17 61
4.040000 2 67
