1.400000 310 155
1.440000 306 155
1.480000 303 155
1.520000 299 156
1.560000 294 156
1.600000 291 156
1.640000 287 156
1.680000 282 155
1.720000 277 154
1.760000 272 154
1.800000 267 153
1.840000 262 153
1.880000 258 154
1.920000 253 155
1.960000 249 156
2.000000 245 159
2.040000 240 159
2.080000 236 159
2.120000 231 157
2.160000 225 155
2.200000 220 155
2.240000 215 154
2.280000 208 154
2.320000 204 154
2.360000 199 155
2.400000 194 156
2.440000 189 159
2.480000 184 159
2.520000 179 159
2.560000 174 158
2.600000 169 155
2.640000 164 154
2.680000 158 154
2.720000 153 153
2.760000 147 152
2.800000 142 154
2.840000 137 154
2.880000 133 157
2.920000 127 158
2.960000 123 157
3.000000 121 158
3.040000 120 158
3.080000 116 156
3.120000 112 154
3.160000 107 154
3.200000 102 153
3.240000 97 154
3.280000 90 154
3.320000 86 155
3.360000 83 156
3.400000 79 157
3.440000 73 158
3.480000 64 154
3.520000 56 154
3.560000 54 153
3.600000 49 151
3.640000 44 150
3.680000 39 151
3.720000 35 153
3.760000 33 154
3.800000 29 155
3.840000 28 155
3.880000 23 155
3.920000 21 154
3.960000 18 152
4.000000 14 150
4.040000 10 149
4.080000 6 149
4.120000 2 149
