3.880000 132 113
3.920000 125 113
3.960000 117 114
4.000000 108 114
4.040000 100 115
4.080000 90 115
4.120000 81 118
4.160000 75 120
4.200000 68 122
4.240000 60 122
4.280000 56 124
4.320000 54 124
4.360000 49 123
4.400000 45 120
4.440000 44 119
4.480000 44 118
4.520000 44 117
4.560000 44 117
4.600000 43 117
4.640000 42 118
4.680000 39 117
4.720000 38 117
4.760000 35 115
4.800000 33 114
4.840000 29 113
4.880000 23 113
4.920000 10 113
4.960000 8 114
5.000000 6 115
5.040000 4 116
5.080000 2 120
5.120000 2 120
5.160000 2 120
