1.640000 308 177
1.680000 303 178
1.720000 298 177
1.760000 294 176
1.800000 288 176
1.840000 283 176
1.880000 279 177
1.920000 276 179
1.960000 271 180
2.000000 267 180
2.040000 262 180
2.080000 258 180
2.120000 254 180
2.160000 251 180
2.200000 245 180
2.240000 241 179
2.280000 236 179
2.320000 231 178
2.360000 226 178
2.400000 221 180
2.440000 216 181
2.480000 211 181
2.520000 206 182
2.560000 201 182
2.600000 197 181
2.640000 192 180
2.680000 187 180
2.720000 181 180
2.760000 176 178
2.800000 170 179
2.840000 165 179
2.880000 160 180
2.920000 157 180
2.960000 151 181
3.000000 145 181
3.040000 141 182
3.080000 136 181
3.120000 131 180
3.160000 126 180
3.200000 121 180
3.240000 116 178
3.280000 110 178
3.320000 105 178
3.360000 101 178
3.400000 95 180
3.440000 90 180
3.480000 85 181
3.520000 80 181
3.560000 75 180
3.600000 70 180
3.640000 65 178
3.680000 61 176
3.720000 56 176
3.760000 53 175
3.800000 49 176
3.840000 44 176
3.880000 40 176
3.920000 36 176
3.960000 32 177
4.000000 29 178
4.040000 23 177
4.080000 19 176
4.120000 16 176
4.160000 12 174
4.200000 8 173
4.280000 2 171
