1.600000 307 69
1.640000 296 66
1.680000 286 66
1.720000 279 66
1.760000 277 65
1.800000 275 61
1.840000 274 61
1.880000 273 61
1.920000 273 61
1.960000 273 61
2.000000 273 63
2.040000 277 67
2.080000 275 61
2.120000 274 61
2.160000 273 61
2.200000 273 62
2.240000 272 65
2.280000 270 66
2.320000 268 67
2.360000 261 72
2.400000 253 72
2.440000 242 74
2.480000 231 72
2.520000 221 71
2.560000 207 66
2.600000 194 65
2.640000 179 62
2.680000 169 63
2.720000 163 61
2.760000 161 61
2.800000 158 60
2.840000 158 61
2.880000 158 60
2.920000 158 59
2.960000 158 59
3.000000 158 61
3.040000 158 63
3.080000 158 61
3.120000 158 61
3.160000 158 60
3.200000 157 61
3.240000 156 61
3.280000 153 62
3.320000 149 65
3.360000 142 69
3.400000 133 71
3.440000 122 71
3.480000 112 69
3.520000 101 68
3.560000 86 63
3.600000 75 61
3.640000 63 61
3.680000 54 61
3.720000 49 61
3.760000 48 59
3.800000 45 60
3.840000 45 58
3.880000 45 60
3.920000 45 59
3.960000 45 61
4.000000 44 61
4.040000 46 59
4.080000 45 59
4.120000 45 59
4.160000 44 58
4.200000 44 59
4.240000 44 61
4.280000 40 61
4.320000 38 66
4.360000 31 69
4.400000 23 71
