0.000000 297 93
0.040000 297 93
0.080000 297 93
0.120000 297 93
0.160000 297 93
0.200000 297 93
0.240000 297 93
0.280000 297 93
0.320000 297 93
0.360000 297 93
0.400000 297 93
0.440000 297 93
0.480000 297 93
0.520000 297 93
0.560000 297 93
0.600000 297 93
0.640000 297 93
0.680000 297 93
0.720000 297 93
0.760000 297 93
0.800000 297 93
0.840000 297 93
0.880000 297 93
0.920000 297 93
0.960000 297 93
1.000000 297 93
1.040000 297 93
1.080000 297 93
1.120000 297 93
1.160000 297 93
1.200000 297 93
1.240000 297 93
1.280000 297 93
1.320000 297 93
1.360000 297 93
1.400000 297 93
1.440000 297 93
1.480000 297 93
1.520000 297 93
1.560000 297 93
1.600000 297 93
1.640000 297 93
1.680000 297 93
1.720000 297 93
1.760000 297 93
1.800000 297 93
1.840000 297 93
1.880000 297 93
1.920000 297 93
1.960000 297 93
2.000000 297 93
2.040000 297 93
2.080000 297 93
2.120000 297 93
2.160000 297 93
2.200000 297 93
2.240000 297 93
2.280000 297 93
2.320000 297 93
2.360000 297 93
2.400000 297 93
2.440000 297 93
2.480000 297 93
2.520000 297 93
2.560000 297 93
2.600000 297 93
2.640000 293 92
2.680000 288 90
2.720000 283 90
2.760000 276 89
2.800000 271 88
2.840000 267 87
2.880000 262 88
2.920000 262 87
2.960000 261 87
3.000000 261 89
3.040000 258 88
3.080000 257 88
3.120000 254 87
3.160000 251 87
3.200000 246 87
3.240000 240 87
3.280000 231 86
3.320000 221 83
3.360000 210 83
3.400000 197 87
3.440000 189 87
3.480000 179 91
3.520000 169 92
3.560000 163 92
3.600000 157 92
3.640000 153 87
3.680000 148 87
3.720000 142 86
3.760000 134 86
3.800000 127 83
3.840000 125 87
3.880000 122 87
3.920000 121 89
3.960000 119 91
4.000000 118 88
4.040000 116 88
4.080000 112 87
4.120000 110 85
4.160000 106 86
4.200000 98 87
4.240000 91 82
4.280000 81 82
4.320000 69 85
4.360000 58 87
4.400000 51 87
4.440000 43 89
4.480000 34 91
4.520000 29 91
4.560000 26 88
4.600000 23 87
4.640000 18 87
4.680000 12 87
4.720000 2 87
4.760000 2 88
4.800000 2 88
4.840000 2 89
4.880000 2 89
4.920000 2 89
4.960000 2 89
5.000000 2 89
5.040000 2 89
5.080000 2 89
5.120000 2 89
5.160000 2 89
5.200000 2 89
5.240000 2 89
5.280000 2 89
5.320000 2 89
5.360000 2 89
5.400000 2 89
5.440000 2 89
5.480000 2 89
5.520000 2 89
5.560000 2 89
5.600000 2 89
5.640000 2 89
5.680000 2 89
5.720000 2 89
5.760000 2 89
5.800000 2 89
5.840000 2 89
5.880000 2 89
5.920000 2 89
5.960000 2 89
6.000000 2 89
6.040000 2 89
6.080000 2 89
6.120000 2 89
6.160000 2 89
6.200000 2 89
6.240000 2 89
