0.000000 314 119
0.040000 314 119
0.080000 314 119
0.120000 314 119
0.160000 314 119
0.200000 314 119
0.240000 314 119
0.280000 314 119
0.320000 314 119
0.360000 314 119
0.400000 314 119
0.440000 314 119
0.480000 314 119
0.520000 314 119
0.560000 314 119
0.600000 314 119
0.640000 314 119
0.680000 314 119
0.720000 314 119
0.760000 314 119
0.800000 314 119
0.840000 314 119
0.880000 314 119
0.920000 314 119
0.960000 314 119
1.000000 314 119
1.040000 314 119
1.080000 314 119
1.120000 314 119
1.160000 314 119
1.200000 314 119
1.240000 314 119
1.280000 314 119
1.320000 314 119
1.360000 314 119
1.400000 314 119
1.440000 314 119
1.480000 314 119
1.520000 314 119
1.560000 314 119
1.600000 314 119
1.640000 314 119
1.680000 314 119
1.720000 314 119
1.760000 314 119
1.800000 314 119
1.840000 314 119
1.880000 314 119
1.920000 314 119
1.960000 314 119
2.000000 314 119
2.040000 314 119
2.080000 314 119
2.120000 314 119
2.160000 314 119
2.200000 314 119
2.240000 314 119
2.280000 314 119
2.320000 314 119
2.360000 314 119
2.400000 314 119
2.440000 314 119
2.480000 314 119
2.520000 314 119
2.560000 314 119
2.600000 308 119
2.640000 304 118
2.680000 300 116
2.720000 295 117
2.760000 289 116
2.800000 283 115
2.840000 278 115
2.880000 272 115
2.920000 266 117
2.960000 262 118
3.000000 258 118
3.040000 253 118
3.080000 249 118
3.120000 245 115
3.160000 240 114
3.200000 233 113
3.240000 226 113
3.280000 220 114
3.320000 210 113
3.360000 205 114
3.400000 201 117
3.440000 195 118
3.480000 190 119
3.520000 184 120
3.560000 179 119
3.600000 174 117
3.640000 169 115
3.680000 163 113
3.720000 155 113
3.760000 148 113
3.800000 142 113
3.840000 133 113
3.880000 128 117
3.920000 124 118
3.960000 121 119
4.000000 116 118
4.040000 110 117
4.080000 105 114
4.120000 101 113
4.160000 95 113
4.200000 90 114
4.240000 81 113
4.280000 74 113
4.320000 69 114
4.360000 65 116
4.400000 60 118
4.440000 55 118
4.480000 51 118
4.520000 48 118
4.560000 43 117
4.600000 38 114
4.640000 33 113
4.680000 27 113
4.720000 19 115
4.760000 13 114
4.800000 7 115
4.840000 2 118
4.880000 2 118
4.920000 2 118
4.960000 2 118
5.000000 2 118
5.040000 2 118
5.080000 2 118
5.120000 2 118
5.160000 2 118
5.200000 2 118
5.240000 2 118
5.280000 2 118
5.320000 2 118
5.360000 2 118
5.400000 2 118
5.440000 2 118
5.480000 2 118
5.520000 2 118
5.560000 2 118
5.600000 2 118
5.640000 2 118
5.680000 2 118
5.720000 2 118
5.760000 2 118
5.800000 2 118
5.840000 2 118
5.880000 2 118
5.920000 2 118
5.960000 2 118
6.000000 2 118
6.040000 2 118
6.080000 2 118
6.120000 2 118
6.160000 2 118
6.200000 2 118
6.240000 2 118
