0.000000 312 138
0.040000 312 138
0.080000 312 138
0.120000 312 138
0.160000 312 138
0.200000 312 138
0.240000 312 138
0.280000 312 138
0.320000 312 138
0.360000 312 138
0.400000 312 138
0.440000 312 138
0.480000 312 138
0.520000 312 138
0.560000 312 138
0.600000 312 138
0.640000 312 138
0.680000 312 138
0.720000 312 138
0.760000 312 138
0.800000 312 138
0.840000 312 138
0.880000 312 138
0.920000 312 138
0.960000 312 138
1.000000 312 138
1.040000 312 138
1.080000 312 138
1.120000 312 138
1.160000 312 138
1.200000 312 138
1.240000 312 138
1.280000 312 138
1.320000 312 138
1.360000 312 138
1.400000 312 138
1.440000 312 138
1.480000 312 138
1.520000 312 138
1.560000 312 138
1.600000 312 138
1.640000 312 138
1.680000 312 138
1.720000 312 138
1.760000 312 138
1.800000 312 138
1.840000 312 138
1.880000 312 138
1.920000 312 138
1.960000 312 138
2.000000 312 138
2.040000 312 138
2.080000 312 138
2.120000 312 138
2.160000 312 138
2.200000 312 138
2.240000 312 138
2.280000 312 138
2.320000 312 138
2.360000 312 138
2.400000 312 138
2.440000 312 138
2.480000 312 138
2.520000 312 138
2.560000 305 135
2.600000 299 134
2.640000 294 133
2.680000 288 134
2.720000 283 134
2.760000 277 134
2.800000 272 134
2.840000 268 133
2.880000 265 134
2.920000 259 135
2.960000 257 135
3.000000 253 135
3.040000 250 136
3.080000 248 136
3.120000 246 137
3.160000 244 137
3.200000 242 138
3.240000 240 138
3.280000 234 137
3.320000 226 138
3.360000 214 135
3.400000 207 135
3.440000 201 135
3.480000 195 135
3.520000 188 135
3.560000 182 135
3.600000 170 134
3.640000 162 133
3.680000 153 132
3.720000 147 132
3.760000 142 133
3.800000 136 132
3.840000 132 133
3.880000 120 134
3.920000 120 135
3.960000 120 135
4.000000 120 135
4.040000 118 135
4.080000 116 135
4.120000 114 135
4.160000 108 134
4.200000 102 134
4.240000 96 135
4.280000 90 135
4.320000 76 134
4.360000 70 134
4.400000 64 134
4.440000 58 134
4.480000 52 133
4.520000 46 133
4.560000 40 133
4.600000 31 130
4.640000 26 130
4.680000 18 128
4.720000 9 128
4.760000 9 128
4.800000 9 128
4.840000 9 128
4.880000 9 128
4.920000 9 128
4.960000 9 128
5.000000 9 128
5.040000 9 128
5.080000 9 128
5.120000 9 128
5.160000 9 128
5.200000 9 128
5.240000 9 128
5.280000 9 128
5.320000 9 128
5.360000 9 128
5.400000 9 128
5.440000 9 128
5.480000 9 128
5.520000 9 128
5.560000 9 128
5.600000 9 128
5.640000 9 128
5.680000 9 128
5.720000 9 128
5.760000 9 128
5.800000 9 128
5.840000 9 128
5.880000 9 128
5.920000 9 128
5.960000 9 128
6.000000 9 128
6.040000 9 128
6.080000 9 128
6.120000 9 128
6.160000 9 128
6.200000 9 128
6.240000 9 128
