0.000000 294 62
0.040000 294 62
0.080000 294 62
0.120000 294 62
0.160000 294 62
0.200000 294 62
0.240000 294 62
0.280000 294 62
0.320000 294 62
0.360000 294 62
0.400000 294 62
0.440000 294 62
0.480000 294 62
0.520000 294 62
0.560000 294 62
0.600000 294 62
0.640000 294 62
0.680000 294 62
0.720000 294 62
0.760000 294 62
0.800000 294 62
0.840000 294 62
0.880000 294 62
0.920000 294 62
0.960000 294 62
1.000000 294 62
1.040000 294 62
1.080000 294 62
1.120000 294 62
1.160000 294 62
1.200000 294 62
1.240000 294 62
1.280000 294 62
1.320000 294 62
1.360000 294 62
1.400000 294 62
1.440000 294 62
1.480000 294 62
1.520000 294 62
1.560000 294 62
1.600000 294 62
1.640000 294 62
1.680000 294 62
1.720000 294 62
1.760000 294 62
1.800000 294 62
1.840000 294 62
1.880000 294 62
1.920000 294 62
1.960000 294 62
2.000000 294 62
2.040000 294 62
2.080000 294 62
2.120000 294 62
2.160000 294 62
2.200000 294 62
2.240000 294 62
2.280000 294 62
2.320000 295 62
2.360000 320 64
2.400000 304 64
2.440000 294 61
2.480000 284 58
2.520000 270 59
2.560000 260 61
2.600000 252 63
2.640000 251 61
2.680000 251 61
2.720000 251 57
2.760000 251 56
2.800000 251 56
2.840000 251 56
2.880000 251 56
2.920000 250 56
2.960000 251 56
3.000000 251 56
3.040000 250 56
3.080000 205 63
3.120000 251 56
3.160000 251 56
3.200000 250 56
3.240000 248 56
3.280000 246 56
3.320000 236 56
3.360000 225 57
3.400000 211 58
3.440000 195 57
3.480000 183 56
3.520000 168 56
3.560000 154 58
3.600000 145 61
3.640000 140 61
3.680000 141 57
3.720000 139 56
3.760000 138 56
3.800000 138 55
3.840000 179 58
3.880000 138 56
3.920000 138 56
3.960000 138 56
4.000000 138 56
4.040000 110 61
4.080000 138 56
4.120000 90 67
4.160000 138 54
4.200000 86 61
4.240000 142 54
4.280000 140 56
4.320000 131 56
4.360000 118 57
4.400000 105 57
4.440000 91 58
4.480000 81 56
4.520000 65 56
4.560000 85 56
4.600000 86 56
4.640000 37 61
4.680000 35 61
4.720000 34 56
4.760000 86 56
4.800000 84 56
4.840000 33 55
4.880000 34 56
4.920000 33 56
4.960000 34 56
5.000000 33 56
5.040000 32 56
5.080000 33 56
5.120000 33 56
5.160000 33 55
5.200000 2 61
5.240000 34 54
5.280000 36 54
5.320000 34 56
5.360000 25 58
5.400000 16 60
5.440000 16 60
5.480000 16 60
5.520000 16 60
5.560000 16 60
5.600000 16 60
5.640000 16 60
5.680000 16 60
5.720000 16 60
5.760000 16 60
5.800000 16 60
5.840000 16 60
5.880000 16 60
5.920000 16 60
5.960000 16 60
6.000000 16 60
6.040000 16 60
