0.000000 320 150
0.040000 320 150
0.080000 320 150
0.120000 320 150
0.160000 320 150
0.200000 320 150
0.240000 320 150
0.280000 320 150
0.320000 320 150
0.360000 320 150
0.400000 320 150
0.440000 320 150
0.480000 320 150
0.520000 320 150
0.560000 320 150
0.600000 320 150
0.640000 320 150
0.680000 320 150
0.720000 320 150
0.760000 320 150
0.800000 320 150
0.840000 320 150
0.880000 320 150
0.920000 320 150
0.960000 320 150
1.000000 320 150
1.040000 320 150
1.080000 320 150
1.120000 320 150
1.160000 320 150
1.200000 320 150
1.240000 320 150
1.280000 320 150
1.320000 320 150
1.360000 320 150
1.400000 320 150
1.440000 320 150
1.480000 320 150
1.520000 320 150
1.560000 320 150
1.600000 320 150
1.640000 320 150
1.680000 320 150
1.720000 320 150
1.760000 320 150
1.800000 320 150
1.840000 320 150
1.880000 320 150
1.920000 320 150
1.960000 320 150
2.000000 320 150
2.040000 320 150
2.080000 320 150
2.120000 320 150
2.160000 320 150
2.200000 320 150
2.240000 314 150
2.280000 313 151
2.320000 313 152
2.360000 313 153
2.400000 313 154
2.440000 310 154
2.480000 307 154
2.520000 303 154
2.560000 299 154
2.600000 297 152
2.640000 294 151
2.680000 289 151
2.720000 284 152
2.760000 281 153
2.800000 277 154
2.840000 272 154
2.880000 268 154
2.920000 263 154
2.960000 261 154
3.000000 256 154
3.040000 251 154
3.080000 247 154
3.120000 244 152
3.160000 240 152
3.200000 234 151
3.240000 230 153
3.280000 225 154
3.320000 221 154
3.360000 216 154
3.400000 210 154
3.440000 206 155
3.480000 204 155
3.520000 199 154
3.560000 194 154
3.600000 189 153
3.640000 184 152
3.680000 179 151
3.720000 173 152
3.760000 168 153
3.800000 163 152
3.840000 159 154
3.880000 153 154
3.920000 149 154
3.960000 146 154
4.000000 142 154
4.040000 137 154
4.080000 132 152
4.120000 128 151
4.160000 123 150
4.200000 118 150
4.240000 113 150
4.280000 109 151
4.320000 105 152
4.360000 101 153
4.400000 95 154
4.440000 92 152
4.480000 90 154
4.520000 85 154
4.560000 81 152
4.600000 78 151
4.640000 71 150
4.680000 66 149
4.720000 64 149
4.760000 59 150
4.800000 55 149
4.840000 49 150
4.880000 44 149
4.920000 39 150
4.960000 35 150
5.000000 32 150
5.040000 28 150
5.080000 25 150
5.120000 22 149
5.160000 18 149
5.200000 14 148
5.240000 10 147
5.280000 7 148
5.320000 1 149
5.360000 2 149
5.400000 2 148
5.440000 2 148
5.480000 2 148
5.520000 2 148
5.560000 2 148
5.600000 2 148
5.640000 2 148
5.680000 2 148
5.720000 2 148
5.760000 2 148
5.800000 2 148
5.840000 2 148
5.880000 2 148
5.920000 2 148
5.960000 2 148
6.000000 2 148
6.040000 2 148
