0.000000 314 133
0.040000 314 133
0.080000 314 133
0.120000 314 133
0.160000 314 133
0.200000 314 133
0.240000 314 133
0.280000 314 133
0.320000 314 133
0.360000 314 133
0.400000 314 133
0.440000 314 133
0.480000 314 133
0.520000 314 133
0.560000 314 133
0.600000 314 133
0.640000 314 133
0.680000 314 133
0.720000 314 133
0.760000 314 133
0.800000 314 133
0.840000 314 133
0.880000 314 133
0.920000 314 133
0.960000 314 133
1.000000 314 133
1.040000 314 133
1.080000 314 133
1.120000 314 133
1.160000 314 133
1.200000 314 133
1.240000 314 133
1.280000 314 133
1.320000 314 133
1.360000 314 133
1.400000 314 133
1.440000 314 133
1.480000 314 133
1.520000 314 133
1.560000 314 133
1.600000 314 133
1.640000 314 133
1.680000 314 133
1.720000 314 133
1.760000 314 133
1.800000 314 133
1.840000 314 133
1.880000 314 133
1.920000 314 133
1.960000 314 133
2.000000 314 133
2.040000 314 133
2.080000 314 133
2.120000 314 133
2.160000 314 133
2.200000 314 133
2.240000 312 133
2.280000 310 133
2.320000 308 133
2.360000 306 133
2.400000 304 133
2.440000 298 134
2.480000 294 134
2.520000 290 133
2.560000 288 133
2.600000 283 133
2.640000 281 134
2.680000 273 133
2.720000 270 134
2.760000 267 134
2.800000 264 134
2.840000 261 134
2.880000 258 135
2.920000 255 135
2.960000 252 135
3.000000 246 133
3.040000 240 131
3.080000 236 132
3.120000 231 132
3.160000 225 133
3.200000 221 133
3.240000 216 133
3.280000 211 132
3.320000 208 135
3.360000 205 134
3.400000 202 133
3.440000 200 132
3.480000 197 131
3.520000 190 132
3.560000 184 132
3.600000 180 130
3.640000 177 130
3.680000 168 128
3.720000 164 129
3.760000 160 130
3.800000 156 131
3.840000 153 132
3.880000 149 133
3.920000 145 134
3.960000 136 131
4.000000 133 132
4.040000 127 132
4.080000 119 133
4.120000 116 133
4.160000 114 133
4.200000 112 133
4.240000 104 132
4.280000 98 132
4.320000 92 132
4.360000 89 132
4.400000 86 132
4.440000 83 131
4.480000 81 131
4.520000 78 131
4.560000 75 130
4.600000 72 130
4.640000 68 127
4.680000 69 129
4.720000 65 129
4.760000 57 129
4.800000 52 130
4.840000 48 130
4.880000 44 130
4.920000 39 130
4.960000 35 131
5.000000 31 131
5.040000 26 131
5.080000 22 131
5.120000 17 132
5.160000 29 129
5.200000 1 130
5.240000 23 128
5.280000 18 128
5.320000 14 128
5.360000 14 128
5.400000 14 128
5.440000 14 128
5.480000 14 128
5.520000 14 128
5.560000 14 128
5.600000 14 128
5.640000 14 128
5.680000 14 128
5.720000 14 128
5.760000 14 128
5.800000 14 128
5.840000 14 128
5.880000 14 128
5.920000 14 128
5.960000 14 128
6.000000 14 128
6.040000 14 128
