0.000000 314 92
0.040000 314 92
0.080000 314 92
0.120000 314 92
0.160000 314 92
0.200000 314 92
0.240000 314 92
0.280000 314 92
0.320000 314 92
0.360000 314 92
0.400000 314 92
0.440000 314 92
0.480000 314 92
0.520000 314 92
0.560000 314 92
0.600000 314 92
0.640000 314 92
0.680000 314 92
0.720000 314 92
0.760000 314 92
0.800000 314 92
0.840000 314 92
0.880000 314 92
0.920000 314 92
0.960000 314 92
1.000000 314 92
1.040000 314 92
1.080000 314 92
1.120000 314 92
1.160000 314 92
1.200000 314 92
1.240000 314 92
1.280000 314 92
1.320000 314 92
1.360000 314 92
1.400000 314 92
1.440000 314 92
1.480000 314 92
1.520000 314 92
1.560000 314 92
1.600000 314 92
1.640000 314 92
1.680000 314 92
1.720000 314 92
1.760000 314 92
1.800000 314 92
1.840000 314 92
1.880000 314 92
1.920000 314 92
1.960000 314 92
2.000000 314 92
2.040000 314 92
2.080000 314 92
2.120000 314 92
2.160000 314 92
2.200000 312 95
2.240000 309 95
2.280000 307 96
2.320000 304 92
2.360000 304 92
2.400000 302 92
2.440000 301 93
2.480000 302 92
2.520000 299 92
2.560000 298 91
2.600000 296 90
2.640000 293 91
2.680000 288 89
2.720000 283 91
2.760000 275 91
2.800000 269 90
2.840000 261 91
2.880000 252 92
2.920000 247 93
2.960000 241 93
3.000000 236 93
3.040000 231 91
3.080000 227 87
3.120000 224 87
3.160000 220 87
3.200000 215 87
3.240000 210 88
3.280000 205 88
3.320000 205 89
3.360000 203 88
3.400000 200 89
3.440000 203 91
3.480000 201 88
3.520000 200 87
3.560000 199 87
3.600000 196 87
3.640000 194 86
3.680000 189 87
3.720000 181 87
3.760000 173 87
3.800000 164 87
3.840000 147 87
3.880000 148 88
3.920000 144 91
3.960000 139 91
4.000000 127 93
4.040000 143 87
4.080000 118 88
4.120000 139 85
4.160000 110 87
4.200000 131 85
4.240000 101 87
4.280000 97 87
4.320000 95 87
4.360000 94 87
4.400000 92 87
4.440000 92 89
4.480000 91 88
4.520000 91 87
4.560000 64 91
4.600000 60 87
4.640000 86 86
4.680000 81 86
4.720000 75 87
4.760000 44 85
4.800000 42 87
4.840000 40 87
4.880000 46 87
4.920000 41 89
4.960000 38 91
5.000000 32 92
5.040000 23 92
5.080000 18 89
5.120000 17 89
5.160000 13 88
5.200000 27 84
5.240000 7 88
5.280000 2 87
5.320000 6 86
5.360000 2 86
5.400000 2 88
5.440000 2 88
5.480000 2 88
5.520000 2 88
5.560000 2 88
5.600000 2 88
5.640000 2 88
5.680000 2 88
5.720000 2 88
5.760000 2 88
5.800000 2 88
5.840000 2 88
5.880000 2 88
5.920000 2 88
5.960000 2 88
6.000000 2 88
6.040000 2 88
