0.000000 320 152
0.040000 320 152
0.080000 320 152
0.120000 320 152
0.160000 320 152
0.200000 320 152
0.240000 320 152
0.280000 320 152
0.320000 320 152
0.360000 320 152
0.400000 320 152
0.440000 320 152
0.480000 320 152
0.520000 320 152
0.560000 320 152
0.600000 320 152
0.640000 320 152
0.680000 320 152
0.720000 320 152
0.760000 320 152
0.800000 320 152
0.840000 320 152
0.880000 320 152
0.920000 320 152
0.960000 320 152
1.000000 320 152
1.040000 320 152
1.080000 320 152
1.120000 320 152
1.160000 320 152
1.200000 320 152
1.240000 320 152
1.280000 320 152
1.320000 320 152
1.360000 320 152
1.400000 320 152
1.440000 320 152
1.480000 320 152
1.520000 320 152
1.560000 320 152
1.600000 320 152
1.640000 320 152
1.680000 320 152
1.720000 320 152
1.760000 320 152
1.800000 320 152
1.840000 320 152
1.880000 320 152
1.920000 320 152
1.960000 320 152
2.000000 320 152
2.040000 320 152
2.080000 320 152
2.120000 320 152
2.160000 320 152
2.200000 320 152
2.240000 320 152
2.280000 320 152
2.320000 320 152
2.360000 320 152
2.400000 320 152
2.440000 320 152
2.480000 320 152
2.520000 320 152
2.560000 320 152
2.600000 320 152
2.640000 318 153
2.680000 317 153
2.720000 315 154
2.760000 309 150
2.800000 304 150
2.840000 299 150
2.880000 294 150
2.920000 289 151
2.960000 285 153
3.000000 282 154
3.040000 277 154
3.080000 273 155
3.120000 268 155
3.160000 264 154
3.200000 261 154
3.240000 257 150
3.280000 251 150
3.320000 246 150
3.360000 240 150
3.400000 235 151
3.440000 230 154
3.480000 225 154
3.520000 221 154
3.560000 216 155
3.600000 211 154
3.640000 207 154
3.680000 201 153
3.720000 196 152
3.760000 191 150
3.800000 185 150
3.840000 179 151
3.880000 174 153
3.920000 169 154
3.960000 164 154
4.000000 160 155
4.040000 156 155
4.080000 149 155
4.120000 143 154
4.160000 138 152
4.200000 132 150
4.240000 127 150
4.280000 122 150
4.320000 117 150
4.360000 112 150
4.400000 107 152
4.440000 101 153
4.480000 97 154
4.520000 92 154
4.560000 87 154
4.600000 82 153
4.640000 77 150
4.680000 73 150
4.720000 67 148
4.760000 62 149
4.800000 56 149
4.840000 52 150
4.880000 49 151
4.920000 44 152
4.960000 39 152
5.000000 34 151
5.040000 29 150
5.080000 27 150
5.120000 22 148
5.160000 18 146
5.200000 6 150
5.240000 2 152
5.280000 2 152
5.320000 2 152
5.360000 2 152
5.400000 2 152
