0.000000 314 119
0.040000 314 119
0.080000 314 119
0.120000 314 119
0.160000 314 119
0.200000 314 119
0.240000 314 119
0.280000 314 119
0.320000 314 119
0.360000 314 119
0.400000 314 119
0.440000 314 119
0.480000 314 119
0.520000 314 119
0.560000 314 119
0.600000 314 119
0.640000 314 119
0.680000 314 119
0.720000 314 119
0.760000 314 119
0.800000 314 119
0.840000 314 119
0.880000 314 119
0.920000 314 119
0.960000 314 119
1.000000 314 119
1.040000 314 119
1.080000 314 119
1.120000 314 119
1.160000 314 119
1.200000 314 119
1.240000 314 119
1.280000 314 119
1.320000 314 119
1.360000 314 119
1.400000 314 119
1.440000 314 119
1.480000 314 119
1.520000 314 119
1.560000 314 119
1.600000 314 119
1.640000 314 119
1.680000 314 119
1.720000 314 119
1.760000 314 119
1.800000 314 119
1.840000 314 119
1.880000 314 119
1.920000 314 119
1.960000 314 119
2.000000 314 119
2.040000 314 119
2.080000 314 119
2.120000 314 119
2.160000 314 119
2.200000 314 119
2.240000 314 119
2.280000 314 119
2.320000 314 119
2.360000 314 119
2.400000 314 119
2.440000 314 119
2.480000 314 119
2.520000 314 119
2.560000 314 119
2.600000 314 119
2.640000 314 119
2.680000 313 118
2.720000 308 117
2.760000 304 114
2.800000 299 114
2.840000 294 113
2.880000 288 113
2.920000 283 114
2.960000 278 115
3.000000 275 115
3.040000 272 119
3.080000 267 118
3.120000 262 119
3.160000 258 118
3.200000 255 117
3.240000 251 113
3.280000 246 113
3.320000 242 113
3.360000 236 113
3.400000 231 114
3.440000 225 115
3.480000 220 115
3.520000 215 117
3.560000 210 117
3.600000 208 115
3.640000 202 114
3.680000 198 113
3.720000 194 112
3.760000 188 110
3.800000 181 111
3.840000 174 112
3.880000 169 113
3.920000 164 113
3.960000 163 115
4.000000 158 116
4.040000 158 118
4.080000 150 117
4.120000 143 114
4.160000 138 112
4.200000 134 111
4.240000 131 112
4.280000 125 112
4.320000 121 113
4.360000 115 113
4.400000 102 113
4.440000 98 113
4.480000 96 117
4.520000 92 116
4.560000 89 117
4.600000 85 114
4.640000 81 113
4.680000 75 113
4.720000 69 113
4.760000 64 113
4.800000 58 113
4.840000 54 114
4.880000 52 116
4.920000 47 116
4.960000 43 116
5.000000 39 116
5.040000 35 117
5.080000 32 115
5.120000 28 114
5.160000 23 113
5.200000 10 113
5.240000 6 115
5.280000 2 117
5.320000 2 117
5.360000 2 117
5.400000 2 117
