0.000000 305 93
0.040000 305 93
0.080000 305 93
0.120000 305 93
0.160000 305 93
0.200000 305 93
0.240000 305 93
0.280000 305 93
0.320000 305 93
0.360000 305 93
0.400000 305 93
0.440000 305 93
0.480000 305 93
0.520000 305 93
0.560000 305 93
0.600000 305 93
0.640000 305 93
0.680000 305 93
0.720000 305 93
0.760000 305 93
0.800000 305 93
0.840000 305 93
0.880000 305 93
0.920000 305 93
0.960000 305 93
1.000000 305 93
1.040000 305 93
1.080000 305 93
1.120000 305 93
1.160000 305 93
1.200000 305 93
1.240000 305 93
1.280000 305 93
1.320000 305 93
1.360000 305 93
1.400000 305 93
1.440000 305 93
1.480000 305 93
1.520000 305 93
1.560000 305 93
1.600000 305 93
1.640000 305 93
1.680000 305 93
1.720000 305 93
1.760000 305 93
1.800000 305 93
1.840000 305 93
1.880000 305 93
1.920000 305 93
1.960000 305 93
2.000000 305 93
2.040000 305 93
2.080000 305 93
2.120000 305 93
2.160000 305 93
2.200000 305 93
2.240000 305 93
2.280000 305 93
2.320000 305 93
2.360000 305 93
2.400000 305 93
2.440000 305 93
2.480000 305 93
2.520000 305 93
2.560000 305 93
2.600000 305 93
2.640000 305 93
2.680000 299 92
2.720000 297 92
2.760000 292 90
2.800000 288 91
2.840000 282 87
2.880000 277 87
2.920000 273 87
2.960000 272 87
3.000000 270 86
3.040000 268 87
3.080000 268 90
3.120000 268 88
3.160000 266 88
3.200000 263 87
3.240000 262 86
3.280000 258 87
3.320000 255 87
3.360000 246 87
3.400000 236 86
3.440000 227 86
3.480000 219 85
3.520000 210 87
3.560000 202 89
3.600000 195 91
3.640000 190 88
3.680000 186 88
3.720000 179 86
3.760000 174 87
3.800000 169 86
3.840000 164 86
3.880000 159 87
3.920000 158 85
3.960000 157 85
4.000000 155 87
4.040000 154 87
4.080000 153 86
4.120000 152 84
4.160000 149 82
4.200000 147 82
4.240000 142 82
4.280000 134 83
4.320000 125 83
4.360000 115 83
4.400000 105 84
4.440000 95 86
4.480000 93 87
4.520000 81 89
4.560000 75 89
4.600000 70 87
4.640000 65 87
4.680000 60 87
4.720000 55 85
4.760000 49 84
4.800000 45 87
4.840000 44 86
4.880000 44 85
4.920000 43 87
4.960000 42 87
5.000000 40 87
5.040000 38 87
5.080000 38 85
5.120000 34 85
5.160000 32 83
5.200000 18 87
5.240000 12 84
5.280000 2 86
5.320000 2 86
5.360000 2 86
5.400000 2 86
