0.000000 320 138
0.040000 320 138
0.080000 320 138
0.120000 320 138
0.160000 320 138
0.200000 320 138
0.240000 320 138
0.280000 320 138
0.320000 320 138
0.360000 320 138
0.400000 320 138
0.440000 320 138
0.480000 320 138
0.520000 320 138
0.560000 320 138
0.600000 320 138
0.640000 320 138
0.680000 320 138
0.720000 320 138
0.760000 320 138
0.800000 320 138
0.840000 320 138
0.880000 320 138
0.920000 320 138
0.960000 320 138
1.000000 320 138
1.040000 320 138
1.080000 320 138
1.120000 320 138
1.160000 320 138
1.200000 320 138
1.240000 320 138
1.280000 320 138
1.320000 320 138
1.360000 320 138
1.400000 320 138
1.440000 320 138
1.480000 320 138
1.520000 320 138
1.560000 320 138
1.600000 320 138
1.640000 320 138
1.680000 320 138
1.720000 320 138
1.760000 320 138
1.800000 314 135
1.840000 320 134
1.880000 320 137
1.920000 312 137
1.960000 309 134
2.000000 307 134
2.040000 301 134
2.080000 298 134
2.120000 294 133
2.160000 290 133
2.200000 284 133
2.240000 283 133
2.280000 277 133
2.320000 273 133
2.360000 271 134
2.400000 268 134
2.440000 264 135
2.480000 262 135
2.520000 258 135
2.560000 254 135
2.600000 251 134
2.640000 247 133
2.680000 242 132
2.720000 236 132
2.760000 231 132
2.800000 225 132
2.840000 221 132
2.880000 215 133
2.920000 210 134
2.960000 205 135
3.000000 199 136
3.040000 194 135
3.080000 188 134
3.120000 184 134
3.160000 177 133
3.200000 173 133
3.240000 168 133
3.280000 163 133
3.320000 158 133
3.360000 153 133
3.400000 151 134
3.440000 147 134
3.480000 145 135
3.520000 141 136
3.560000 136 137
3.600000 132 136
3.640000 127 136
3.680000 121 133
3.720000 116 133
3.760000 110 131
3.800000 102 130
3.840000 98 132
3.880000 92 133
3.920000 88 134
3.960000 81 134
4.000000 75 133
4.040000 70 133
4.080000 65 133
4.120000 60 132
4.160000 54 130
4.200000 49 129
4.240000 44 128
4.280000 43 129
4.320000 38 130
4.360000 35 131
4.400000 33 132
4.440000 32 133
4.480000 31 133
4.520000 28 132
4.560000 23 133
4.600000 18 133
4.640000 18 132
4.680000 13 132
4.720000 7 130
4.760000 7 130
4.800000 7 130
4.840000 7 130
4.880000 7 130
4.920000 7 130
4.960000 7 130
5.000000 7 130
5.040000 7 130
5.080000 7 130
5.120000 7 130
5.160000 7 130
5.200000 7 130
5.240000 7 130
5.280000 7 130
5.320000 7 130
5.360000 7 130
