0.000000 320 117
0.040000 320 117
0.080000 320 117
0.120000 320 117
0.160000 320 117
0.200000 320 117
0.240000 320 117
0.280000 320 117
0.320000 320 117
0.360000 320 117
0.400000 320 117
0.440000 320 117
0.480000 320 117
0.520000 320 117
0.560000 320 117
0.600000 320 117
0.640000 320 117
0.680000 320 117
0.720000 320 117
0.760000 320 117
0.800000 320 117
0.840000 320 117
0.880000 320 117
0.920000 320 117
0.960000 320 117
1.000000 314 117
1.040000 309 114
1.080000 304 114
1.120000 298 113
1.160000 293 115
1.200000 288 118
1.240000 283 119
1.280000 279 118
1.320000 273 118
1.360000 269 115
1.400000 264 113
1.440000 258 113
1.480000 252 113
1.520000 247 113
1.560000 242 114
1.600000 235 114
1.640000 231 116
1.680000 226 117
1.720000 221 115
1.760000 216 113
1.800000 210 113
1.840000 205 113
1.880000 199 112
1.920000 192 112
1.960000 185 112
2.000000 181 113
2.040000 175 116
2.080000 173 117
2.120000 168 118
2.160000 160 114
2.200000 153 113
2.240000 149 112
2.280000 143 111
2.320000 137 110
2.360000 132 113
2.400000 122 113
2.440000 117 113
2.480000 113 114
2.520000 108 114
2.560000 104 113
2.600000 99 112
2.640000 95 112
2.680000 90 112
2.720000 82 111
2.760000 76 111
2.800000 71 111
2.840000 67 113
2.880000 63 113
2.920000 58 113
2.960000 53 115
3.000000 49 114
3.040000 44 113
3.080000 38 112
3.120000 33 111
3.160000 27 111
3.200000 21 113
3.240000 18 113
3.280000 14 113
3.320000 10 113
3.360000 6 114
3.400000 2 115
3.440000 2 115
3.480000 2 115
3.520000 2 115
3.560000 2 115
3.600000 2 115
3.640000 2 115
3.680000 2 115
3.720000 2 115
3.760000 2 115
3.800000 2 115
3.840000 2 115
3.880000 2 115
3.920000 2 115
