0.000000 307 160
0.040000 307 160
0.080000 307 160
0.120000 307 160
0.160000 307 160
0.200000 307 160
0.240000 307 160
0.280000 307 160
0.320000 307 160
0.360000 307 160
0.400000 307 160
0.440000 307 160
0.480000 307 160
0.520000 307 160
0.560000 307 160
0.600000 307 160
0.640000 307 160
0.680000 307 160
0.720000 307 160
0.760000 307 160
0.800000 307 160
0.840000 307 160
0.880000 307 160
0.920000 307 160
0.960000 307 160
1.000000 307 160
1.040000 300 160
1.080000 295 161
1.120000 289 161
1.160000 284 164
1.200000 280 165
1.240000 274 165
1.280000 270 166
1.320000 265 165
1.360000 260 165
1.400000 255 164
1.440000 249 164
1.480000 242 164
1.520000 238 164
1.560000 232 165
1.600000 226 165
1.640000 221 165
1.680000 215 166
1.720000 210 165
1.760000 205 164
1.800000 199 163
1.840000 192 163
1.880000 185 163
1.920000 180 163
1.960000 174 163
2.000000 169 165
2.040000 164 165
2.080000 158 165
2.120000 153 165
2.160000 148 165
2.200000 142 164
2.240000 134 163
2.280000 129 162
2.320000 123 161
2.360000 117 161
2.400000 112 163
2.440000 106 163
2.480000 101 165
2.520000 95 165
2.560000 90 164
2.600000 85 163
2.640000 79 161
2.680000 74 161
2.720000 68 160
2.760000 64 160
2.800000 57 161
2.840000 53 161
2.880000 48 163
2.920000 44 162
2.960000 38 163
3.000000 34 161
3.040000 29 160
3.080000 23 159
3.120000 18 159
3.160000 14 159
3.200000 9 159
3.240000 6 159
3.280000 2 159
3.320000 2 159
3.360000 2 160
3.400000 2 160
3.440000 2 160
3.480000 2 160
3.520000 2 160
3.560000 2 160
3.600000 2 160
3.640000 2 160
3.680000 2 160
3.720000 2 160
3.760000 2 160
3.800000 2 160
3.840000 2 160
3.880000 2 160
3.920000 2 160
