1.440000 302 63
1.480000 303 66
1.520000 302 66
1.560000 302 65
1.600000 302 65
1.640000 301 64
1.680000 299 63
1.720000 297 66
1.760000 287 67
1.840000 266 62
1.880000 261 62
1.920000 266 61
1.960000 267 62
2.000000 264 62
2.040000 266 61
2.080000 264 61
2.120000 262 60
2.160000 260 63
2.200000 247 61
2.240000 222 61
2.280000 220 61
2.320000 220 61
2.360000 218 61
2.400000 218 61
2.440000 173 62
2.480000 173 58
2.520000 170 58
2.560000 169 58
2.600000 206 61
2.640000 170 58
2.680000 173 58
2.720000 171 59
2.760000 170 58
2.800000 171 58
2.840000 170 58
2.880000 170 57
2.920000 170 57
2.960000 169 57
3.000000 168 56
3.040000 158 59
3.080000 144 57
3.120000 128 60
3.160000 126 57
3.200000 125 59
3.240000 123 59
3.280000 123 59
3.320000 125 58
3.360000 125 57
3.400000 123 58
3.440000 121 60
3.480000 110 61
3.520000 75 57
3.560000 79 56
3.600000 74 59
3.640000 76 57
3.680000 76 58
3.720000 77 57
3.760000 75 56
3.800000 75 56
3.840000 75 56
3.880000 72 59
3.920000 64 60
3.960000 50 59
4.000000 40 60
4.040000 34 59
4.080000 34 60
4.120000 35 61
4.160000 36 61
4.200000 36 61
4.240000 35 61
4.280000 34 60
4.320000 34 61
4.360000 29 64
