1.440000 309 159
1.480000 305 159
1.520000 303 159
1.560000 298 157
1.600000 294 156
1.640000 290 156
1.680000 287 158
1.720000 283 159
1.760000 279 159
1.800000 277 160
1.840000 272 161
1.880000 268 160
1.920000 265 160
1.960000 261 159
2.000000 257 159
2.040000 252 159
2.080000 247 159
2.120000 245 160
2.160000 240 159
2.200000 235 159
2.240000 231 159
2.280000 226 161
2.320000 221 160
2.360000 217 160
2.400000 214 159
2.440000 210 159
2.480000 205 159
2.520000 200 159
2.560000 195 159
2.600000 190 159
2.640000 186 159
2.680000 181 160
2.720000 178 160
2.760000 173 160
2.800000 168 159
2.840000 164 158
2.880000 161 158
2.920000 155 157
2.960000 151 158
3.000000 147 159
3.040000 144 159
3.080000 138 159
3.120000 132 159
3.160000 129 159
3.200000 123 159
3.240000 118 159
3.280000 113 157
3.320000 110 157
3.360000 105 156
3.400000 101 156
3.440000 95 157
3.480000 90 158
3.520000 86 159
3.560000 83 159
3.600000 85 158
3.640000 73 158
3.680000 71 158
3.720000 68 156
3.760000 62 154
3.800000 59 154
3.840000 55 155
3.880000 50 155
3.920000 45 155
3.960000 44 156
4.000000 39 157
4.040000 34 158
4.080000 30 156
4.120000 27 156
4.160000 23 155
4.200000 19 154
4.240000 15 154
4.280000 12 154
4.320000 8 154
