0.000000 320 159
0.040000 320 159
0.080000 320 159
0.120000 320 159
0.160000 320 159
0.200000 320 159
0.240000 320 159
0.280000 320 159
0.320000 320 159
0.360000 320 159
0.400000 320 159
0.440000 320 159
0.480000 320 159
0.520000 320 159
0.560000 320 159
0.600000 320 159
0.640000 320 159
0.680000 320 159
0.720000 320 159
0.760000 320 159
0.800000 320 159
0.840000 320 159
0.880000 320 159
0.920000 320 159
0.960000 320 159
1.000000 320 159
1.040000 320 159
1.080000 320 159
1.120000 320 159
1.160000 320 159
1.200000 320 159
1.240000 320 159
1.280000 320 159
1.320000 320 159
1.360000 320 158
1.400000 314 156
1.440000 309 155
1.480000 307 154
1.520000 303 154
1.560000 298 154
1.600000 294 155
1.640000 288 157
1.680000 283 158
1.720000 278 159
1.760000 273 159
1.800000 269 159
1.840000 266 159
1.880000 260 159
1.920000 256 158
1.960000 251 159
2.000000 246 157
2.040000 242 156
2.080000 236 158
2.120000 232 159
2.160000 227 159
2.200000 224 160
2.240000 220 159
2.280000 215 159
2.320000 210 160
2.360000 205 159
2.400000 200 159
2.440000 195 159
2.480000 190 159
2.520000 184 157
2.560000 179 156
2.600000 174 158
2.640000 169 159
2.680000 164 160
2.720000 160 161
2.760000 155 161
2.800000 149 161
2.840000 145 160
2.880000 141 160
2.920000 136 159
2.960000 130 158
3.000000 123 157
3.040000 118 155
3.080000 114 156
3.120000 108 158
3.160000 105 159
3.200000 100 159
3.240000 95 159
3.280000 91 159
3.320000 86 159
3.360000 82 159
3.400000 79 159
3.440000 73 158
3.480000 68 156
3.520000 64 154
3.560000 58 155
3.600000 54 154
3.640000 49 155
3.680000 44 156
3.720000 39 156
3.760000 33 157
3.800000 29 158
3.840000 25 156
3.880000 21 155
3.920000 16 155
3.960000 12 154
4.000000 8 153
4.040000 2 152
4.080000 2 152
4.120000 2 152
4.160000 2 151
4.200000 2 151
4.240000 2 150
4.280000 2 150
4.320000 2 150
4.360000 2 150
4.400000 2 150
4.440000 2 150
4.480000 2 150
4.520000 2 150
4.560000 2 150
4.600000 2 150
4.640000 2 150
4.680000 2 150
4.720000 2 150
4.760000 2 150
4.800000 2 150
4.840000 2 150
4.880000 2 150
4.920000 2 150
4.960000 2 150
5.000000 2 150
5.040000 2 150
5.080000 2 150
5.120000 2 150
5.160000 2 150
5.200000 2 150
5.240000 2 150
5.280000 2 150
5.320000 2 150
5.360000 2 150
5.400000 2 150
5.440000 2 150
