2.640000 320 160
2.680000 320 161
2.720000 312 160
2.760000 320 161
2.800000 315 161
2.840000 313 160
2.880000 308 162
2.920000 303 163
2.960000 299 164
3.000000 294 165
3.040000 288 164
3.080000 284 163
3.120000 279 161
3.160000 274 161
3.200000 268 162
3.240000 263 163
3.280000 258 163
3.320000 255 165
3.360000 251 165
3.400000 246 165
3.440000 242 165
3.480000 236 165
3.520000 233 165
3.560000 227 164
3.600000 223 162
3.640000 215 162
3.680000 211 161
3.720000 205 161
3.760000 200 161
3.800000 196 162
3.840000 190 164
3.880000 186 165
3.920000 180 165
3.960000 176 165
4.000000 170 165
4.040000 164 164
4.080000 158 163
4.120000 153 163
4.160000 147 162
4.200000 142 161
4.240000 136 161
4.280000 132 163
4.320000 127 164
4.360000 121 165
4.400000 116 165
4.440000 111 165
4.480000 107 165
4.520000 102 164
4.560000 97 162
4.600000 91 162
4.640000 86 161
4.680000 81 160
4.720000 75 160
4.760000 73 161
4.800000 69 161
4.840000 63 163
4.880000 55 161
4.920000 49 160
4.960000 50 161
5.000000 42 161
5.040000 38 160
5.080000 35 160
5.120000 28 159
5.160000 23 159
5.200000 18 159
5.240000 18 159
5.280000 12 159
5.320000 8 160
5.360000 5 160
5.440000 2 160
5.480000 2 159
