2.680000 299 61
2.760000 320 82
2.800000 320 76
2.840000 315 76
2.880000 305 76
2.920000 295 70
2.960000 284 67
3.000000 273 67
3.040000 261 62
3.080000 251 65
3.120000 244 63
3.160000 242 62
3.200000 241 61
3.240000 241 60
3.280000 241 60
3.320000 242 60
3.360000 241 60
3.400000 241 62
3.440000 243 63
3.480000 241 61
3.520000 242 61
3.560000 241 61
3.600000 241 61
3.640000 239 65
3.680000 236 65
3.720000 231 67
3.760000 224 71
3.800000 215 72
3.840000 204 71
3.880000 190 72
3.920000 180 65
3.960000 168 66
4.000000 153 61
4.040000 139 61
4.080000 131 62
4.120000 127 60
4.160000 123 59
4.200000 123 59
4.240000 123 58
4.280000 123 56
4.320000 123 57
4.360000 122 59
4.400000 122 59
4.440000 123 60
4.480000 122 59
4.520000 122 58
4.560000 121 60
4.600000 121 61
4.640000 119 61
4.680000 116 63
4.720000 108 67
4.760000 100 69
4.800000 90 70
4.840000 79 70
4.880000 66 70
4.920000 58 63
4.960000 45 61
5.000000 34 61
5.040000 24 61
5.080000 19 62
5.120000 17 61
5.160000 14 61
5.200000 14 59
5.240000 14 59
5.280000 14 59
5.320000 14 58
5.360000 15 61
5.400000 16 61
5.440000 14 60
5.480000 13 59
5.520000 13 61
