2.640000 300 128
2.680000 295 128
2.760000 289 127
2.800000 288 127
2.840000 287 128
2.880000 284 126
2.920000 284 126
2.960000 283 126
3.000000 278 125
3.040000 273 124
3.080000 268 124
3.120000 262 125
3.160000 257 124
3.200000 251 123
3.320000 240 123
3.360000 236 126
3.400000 233 126
3.440000 226 124
3.480000 220 126
3.520000 210 126
3.560000 205 129
3.600000 197 128
3.640000 193 130
3.680000 186 129
3.720000 182 128
3.760000 179 128
3.800000 175 126
3.840000 174 124
4.000000 154 124
4.040000 148 126
4.080000 142 126
4.160000 132 128
4.200000 153 119
4.240000 147 119
4.280000 117 124
4.320000 114 124
4.520000 90 126
4.560000 81 124
4.600000 79 129
4.640000 72 128
4.680000 67 127
4.720000 62 124
4.760000 59 123
4.960000 33 120
5.000000 28 124
5.080000 12 121
5.120000 45 120
5.160000 43 121
5.200000 38 120
5.240000 32 119
5.280000 27 119
5.320000 21 119
