1.720000 320 133
1.760000 315 124
1.800000 309 126
1.840000 304 122
1.880000 314 124
1.920000 309 124
1.960000 303 124
2.000000 297 124
2.040000 292 124
2.080000 283 124
2.120000 277 124
2.160000 268 128
2.200000 262 127
2.240000 257 127
2.280000 252 128
2.320000 247 128
2.360000 245 129
2.400000 242 129
2.440000 242 128
2.480000 241 128
2.520000 241 126
2.560000 241 124
2.600000 241 124
2.640000 240 124
2.680000 236 124
2.720000 236 123
2.760000 232 122
2.800000 229 122
2.840000 225 121
2.880000 220 122
2.920000 211 121
2.960000 205 122
3.000000 200 122
3.040000 189 123
3.080000 180 124
3.120000 173 124
3.160000 164 124
3.200000 158 125
3.240000 149 126
3.280000 144 126
3.320000 140 128
3.360000 138 128
3.400000 134 125
3.440000 133 124
3.480000 133 124
3.520000 133 124
3.560000 132 124
3.600000 132 124
3.640000 132 124
3.680000 130 123
3.720000 127 124
3.760000 124 123
3.800000 121 122
3.840000 116 120
3.880000 111 120
3.920000 104 120
3.960000 96 120
4.000000 86 121
4.040000 80 123
4.080000 71 122
4.120000 64 123
4.160000 55 123
4.200000 49 124
4.240000 44 124
4.280000 38 124
4.320000 34 124
4.360000 33 124
4.400000 32 124
4.440000 32 124
4.480000 32 123
4.520000 33 123
4.560000 33 123
4.600000 33 123
4.640000 32 122
4.680000 30 121
4.720000 29 121
4.760000 28 121
4.800000 23 120
4.840000 19 119
4.880000 16 120
4.920000 8 119
5.000000 2 123
