1.600000 309 56
1.640000 299 56
1.680000 307 63
1.720000 308 62
1.760000 308 62
1.800000 308 62
1.840000 308 61
1.880000 308 61
1.920000 306 61
1.960000 297 61
2.000000 289 65
2.040000 278 66
2.080000 267 61
2.120000 252 61
2.160000 241 61
2.200000 231 63
2.240000 225 63
2.280000 224 61
2.320000 221 58
2.360000 221 59
2.400000 221 58
2.440000 221 57
2.480000 220 57
2.520000 221 58
2.560000 225 61
2.600000 225 55
2.640000 226 61
2.680000 220 58
2.720000 221 58
2.760000 221 59
2.800000 221 58
2.840000 222 58
2.880000 223 58
2.920000 221 56
2.960000 214 58
3.000000 203 56
3.040000 194 59
3.080000 178 56
3.120000 167 57
3.160000 152 56
3.200000 138 59
3.240000 131 61
3.280000 125 61
3.320000 125 57
3.360000 125 56
3.400000 123 56
3.440000 122 56
3.480000 122 55
3.520000 122 56
3.560000 123 56
3.600000 127 59
3.640000 131 57
3.680000 124 56
3.720000 122 56
3.760000 122 55
3.800000 122 56
3.840000 122 55
3.880000 124 55
3.920000 123 54
3.960000 117 56
4.000000 108 56
4.040000 96 56
4.080000 81 61
4.120000 73 56
4.160000 61 56
4.200000 51 58
4.240000 42 61
4.280000 36 63
4.320000 35 61
4.360000 34 60
4.400000 34 60
4.440000 34 59
4.480000 34 60
4.520000 34 60
4.560000 35 57
4.600000 36 61
4.640000 40 58
4.680000 35 58
4.720000 34 58
4.760000 34 59
4.800000 34 59
4.840000 34 59
4.880000 37 61
4.920000 34 61
4.960000 30 60
5.040000 13 60
