1.600000 320 67
1.640000 309 65
1.680000 320 67
1.720000 320 65
1.760000 320 66
1.800000 320 67
1.840000 320 66
1.880000 320 69
1.920000 312 74
1.960000 307 74
2.000000 298 76
2.040000 292 72
2.080000 276 67
2.120000 267 61
2.160000 256 61
2.200000 244 60
2.240000 239 58
2.280000 238 57
2.320000 237 57
2.360000 236 57
2.400000 236 57
2.440000 236 56
2.480000 237 57
2.520000 236 57
2.560000 245 65
2.600000 238 58
2.640000 237 58
2.680000 236 57
2.720000 236 57
2.760000 237 58
2.800000 236 61
2.840000 236 61
2.880000 234 65
2.920000 229 69
2.960000 221 71
3.000000 214 70
3.040000 204 67
3.080000 190 67
3.120000 179 61
3.160000 166 57
3.200000 154 56
3.240000 144 56
3.280000 141 56
3.320000 138 54
3.360000 139 54
3.400000 139 54
3.440000 138 54
3.480000 139 54
3.520000 138 54
3.560000 142 56
3.600000 144 61
3.640000 140 56
3.680000 138 55
3.720000 138 55
3.760000 138 55
3.800000 138 56
3.840000 138 58
3.880000 135 61
3.920000 132 65
3.960000 124 67
4.000000 116 67
4.040000 107 67
4.080000 97 66
4.120000 82 62
4.160000 75 61
4.200000 62 59
4.240000 53 57
4.280000 49 56
4.320000 47 56
4.360000 46 56
4.400000 46 56
4.440000 47 56
4.480000 47 56
4.520000 45 56
4.560000 48 59
4.600000 49 65
4.640000 48 58
4.680000 47 57
4.720000 47 57
4.760000 46 57
4.800000 45 58
4.840000 45 61
4.880000 44 61
4.920000 39 63
4.960000 34 69
5.040000 21 70
