0.000000 320 56
0.040000 320 56
0.080000 320 56
0.120000 320 56
0.160000 320 56
0.200000 320 56
0.240000 320 56
0.280000 320 56
0.320000 320 56
0.360000 320 56
0.400000 320 56
0.440000 320 56
0.480000 320 56
0.520000 320 56
0.560000 320 56
0.600000 320 56
0.640000 320 56
0.680000 320 56
0.720000 320 56
0.760000 320 56
0.800000 320 56
0.840000 320 56
0.880000 320 56
0.920000 320 56
0.960000 320 56
1.000000 320 56
1.040000 320 56
1.080000 320 56
1.120000 320 56
1.160000 320 56
1.200000 320 56
1.240000 320 56
1.280000 320 56
1.320000 320 56
1.360000 320 56
1.400000 320 56
1.440000 320 56
1.480000 320 65
1.520000 303 61
1.560000 291 60
1.600000 282 57
1.640000 268 58
1.680000 251 66
1.720000 247 61
1.760000 244 56
1.800000 242 54
1.840000 242 54
1.880000 242 54
1.920000 242 54
1.960000 242 54
2.000000 242 54
2.040000 242 54
2.080000 242 54
2.120000 242 54
2.160000 242 53
2.200000 242 54
2.240000 242 53
2.280000 242 52
2.320000 236 54
2.360000 226 56
2.400000 215 57
2.440000 200 58
2.480000 188 56
2.520000 170 58
2.560000 157 58
2.600000 143 60
2.640000 136 60
2.680000 132 57
2.720000 132 53
2.760000 131 52
2.800000 131 52
2.840000 131 52
2.880000 131 52
2.920000 132 52
2.960000 131 52
3.000000 131 52
3.040000 131 52
3.080000 131 52
3.120000 131 51
3.160000 131 51
3.200000 131 50
3.240000 125 56
3.280000 114 55
3.320000 101 56
3.360000 85 56
3.400000 71 53
3.440000 57 56
3.480000 46 58
3.520000 36 61
3.560000 32 60
3.600000 32 56
3.640000 31 55
3.680000 31 55
3.720000 31 54
3.760000 30 55
3.800000 30 54
3.840000 29 54
3.880000 29 56
3.920000 29 54
3.960000 31 55
4.000000 31 54
4.040000 32 55
4.080000 24 57
4.120000 17 58
4.160000 9 59
4.200000 2 60
4.240000 2 60
4.280000 2 60
4.320000 2 60
4.360000 2 60
4.400000 2 60
4.440000 2 60
4.480000 2 60
4.520000 2 60
4.560000 2 60
4.600000 2 60
4.640000 2 60
4.680000 2 60
4.720000 2 60
4.760000 2 60
4.800000 2 60
4.840000 2 60
4.880000 2 60
4.920000 2 60
