0.000000 308 135
0.040000 308 135
0.080000 308 135
0.120000 308 135
0.160000 308 135
0.200000 308 135
0.240000 308 135
0.280000 308 135
0.320000 308 135
0.360000 308 135
0.400000 308 135
0.440000 308 135
0.480000 308 135
0.520000 308 135
0.560000 308 135
0.600000 308 135
0.640000 308 135
0.680000 308 135
0.720000 308 135
0.760000 308 135
0.800000 308 135
0.840000 308 135
0.880000 308 135
0.920000 308 135
0.960000 308 135
1.000000 308 135
1.040000 308 135
1.080000 308 135
1.120000 308 135
1.160000 308 135
1.200000 308 135
1.240000 308 135
1.280000 308 135
1.320000 308 135
1.360000 308 135
1.400000 308 135
1.440000 308 135
1.480000 303 134
1.520000 298 137
1.560000 294 137
1.600000 289 138
1.640000 285 138
1.680000 280 135
1.720000 275 134
1.760000 271 134
1.800000 267 134
1.840000 262 134
1.880000 258 135
1.920000 256 135
1.960000 246 135
2.000000 242 136
2.040000 239 136
2.080000 235 136
2.120000 232 137
2.160000 228 137
2.200000 216 136
2.240000 213 136
2.280000 210 136
2.320000 207 136
2.360000 204 136
2.400000 201 136
2.440000 198 136
2.480000 190 135
2.520000 186 135
2.560000 181 135
2.600000 175 133
2.640000 171 133
2.680000 167 133
2.720000 161 132
2.760000 156 132
2.800000 149 129
2.840000 142 135
2.880000 139 135
2.920000 137 135
2.960000 134 135
3.000000 125 137
3.040000 119 135
3.080000 117 134
3.120000 122 134
3.160000 118 133
3.200000 112 133
3.240000 91 134
3.280000 88 134
3.320000 85 134
3.360000 82 134
3.400000 79 133
3.440000 76 133
3.480000 73 133
3.520000 68 130
3.560000 64 129
3.600000 57 129
3.640000 50 130
3.680000 47 131
3.720000 42 132
3.760000 40 133
3.800000 38 133
3.840000 36 133
3.880000 34 133
3.920000 32 133
3.960000 30 133
4.000000 26 133
4.040000 22 132
4.080000 18 130
4.120000 13 133
4.160000 9 131
4.200000 9 131
4.240000 9 131
4.280000 9 131
4.320000 9 131
4.360000 9 131
4.400000 9 131
4.440000 9 131
4.480000 9 131
4.520000 9 131
4.560000 9 131
4.600000 9 131
4.640000 9 131
4.680000 9 131
4.720000 9 131
4.760000 9 131
4.800000 9 131
4.840000 9 131
4.880000 9 131
4.920000 9 131
