0.000000 313 119
0.040000 313 119
0.080000 313 119
0.120000 313 119
0.160000 313 119
0.200000 313 119
0.240000 313 119
0.280000 313 119
0.320000 313 119
0.360000 313 119
0.400000 313 119
0.440000 313 119
0.480000 313 119
0.520000 313 119
0.560000 313 119
0.600000 313 119
0.640000 313 119
0.680000 313 119
0.720000 313 119
0.760000 313 119
0.800000 313 119
0.840000 313 119
0.880000 313 119
0.920000 313 119
0.960000 313 119
1.000000 313 119
1.040000 313 119
1.080000 313 119
1.120000 313 119
1.160000 313 119
1.200000 313 119
1.240000 313 119
1.280000 313 119
1.320000 313 119
1.360000 313 119
1.400000 313 119
1.440000 307 118
1.480000 303 119
1.520000 299 122
1.560000 294 120
1.600000 293 119
1.640000 288 119
1.680000 284 119
1.720000 281 117
1.760000 276 116
1.800000 270 116
1.840000 264 116
1.880000 261 118
1.920000 257 118
1.960000 252 119
2.000000 247 118
2.040000 243 119
2.080000 240 119
2.120000 236 119
2.160000 231 118
2.200000 226 115
2.240000 220 114
2.280000 215 116
2.320000 210 117
2.360000 205 118
2.400000 202 119
2.440000 200 118
2.480000 195 119
2.520000 189 118
2.560000 188 119
2.600000 183 117
2.640000 177 115
2.680000 171 114
2.720000 167 113
2.760000 160 113
2.800000 155 114
2.840000 147 116
2.880000 142 118
2.920000 138 118
2.960000 133 118
3.000000 127 118
3.040000 125 116
3.080000 124 118
3.120000 121 117
3.160000 116 117
3.200000 111 117
3.240000 106 117
3.280000 101 117
3.320000 97 118
3.360000 94 119
3.400000 89 119
3.440000 84 119
3.480000 80 117
3.520000 75 116
3.560000 69 114
3.600000 64 115
3.640000 59 115
3.680000 53 114
3.720000 48 116
3.760000 44 118
3.800000 40 119
3.840000 38 119
3.880000 34 118
3.920000 32 119
3.960000 29 118
4.000000 24 117
4.040000 14 115
4.080000 12 116
4.120000 11 116
4.160000 9 117
4.200000 8 117
4.240000 8 117
4.280000 8 117
4.320000 8 117
4.360000 8 117
4.400000 8 117
4.440000 8 117
4.480000 8 117
4.520000 8 117
4.560000 8 117
4.600000 8 117
4.640000 8 117
4.680000 8 117
4.720000 8 117
4.760000 8 117
4.800000 8 117
4.840000 8 117
4.880000 8 117
4.920000 8 117
