1.000000 303 122
1.040000 298 123
1.120000 288 122
1.160000 283 120
1.200000 279 119
1.240000 272 121
1.280000 264 122
1.320000 257 123
1.360000 251 123
1.400000 244 124
1.440000 238 123
1.480000 234 120
1.520000 231 119
1.560000 231 118
1.600000 227 118
1.720000 210 119
1.760000 203 124
1.800000 194 122
2.040000 164 118
2.080000 159 118
2.120000 149 120
2.160000 142 122
2.200000 136 123
2.240000 127 122
2.280000 122 120
2.320000 117 119
2.360000 113 117
2.400000 112 117
2.440000 112 116
2.520000 97 117
2.560000 92 119
2.640000 102 117
2.680000 97 115
2.720000 92 114
3.000000 35 119
3.040000 30 119
3.080000 25 119
3.120000 22 117
3.160000 18 116
