1.320000 301 56
1.360000 301 56
1.400000 302 56
1.440000 300 56
1.480000 300 56
1.520000 303 61
1.560000 297 59
1.600000 282 57
1.640000 270 59
1.680000 257 60
1.720000 253 61
1.760000 253 57
1.800000 254 56
1.840000 253 56
1.880000 253 56
1.920000 252 56
1.960000 253 56
2.000000 257 56
2.040000 257 56
2.080000 252 56
2.120000 253 56
2.160000 253 56
2.200000 253 56
2.240000 252 56
2.280000 246 56
2.320000 236 56
2.360000 230 57
2.400000 212 53
2.440000 201 54
2.480000 186 54
2.520000 174 56
2.560000 168 57
2.600000 168 56
2.640000 165 54
2.680000 165 54
2.720000 165 54
2.760000 166 54
2.800000 167 54
2.840000 167 54
2.880000 171 54
2.920000 167 55
2.960000 166 54
3.000000 167 54
3.040000 167 54
3.080000 168 54
3.120000 167 54
3.160000 163 53
3.200000 154 53
3.240000 142 55
3.280000 136 60
3.320000 116 56
3.360000 103 56
3.400000 89 57
3.440000 80 61
3.480000 76 60
3.520000 75 57
3.560000 74 56
3.600000 74 56
3.640000 75 56
3.680000 75 56
3.720000 75 56
3.760000 75 56
3.800000 75 56
3.840000 74 56
3.880000 75 56
3.920000 75 56
3.960000 75 56
4.000000 75 56
4.040000 73 55
4.080000 64 57
4.120000 55 57
4.160000 45 56
4.200000 32 56
4.240000 22 58
4.280000 9 61
4.320000 1 65
4.360000 2 61
4.480000 2 59
4.520000 23 57
