0.000000 320 68
0.040000 320 68
0.080000 320 68
0.120000 320 68
0.160000 320 68
0.200000 320 68
0.240000 320 68
0.280000 320 68
0.320000 320 68
0.360000 320 68
0.400000 320 68
0.440000 320 68
0.480000 320 68
0.520000 320 68
0.560000 320 68
0.600000 320 68
0.640000 320 68
0.680000 320 68
0.720000 320 68
0.760000 320 68
0.800000 320 68
0.840000 320 68
0.880000 320 68
0.920000 320 68
0.960000 320 68
1.000000 320 68
1.040000 320 68
1.080000 320 68
1.120000 320 68
1.160000 320 68
1.200000 320 68
1.240000 320 68
1.280000 320 68
1.320000 320 68
1.360000 320 68
1.400000 320 68
1.440000 320 68
1.480000 320 68
1.520000 320 68
1.560000 320 68
1.600000 320 68
1.640000 320 68
1.680000 320 68
1.720000 320 68
1.760000 320 68
1.800000 320 68
1.840000 320 68
1.880000 320 68
1.920000 320 68
1.960000 320 68
2.000000 320 68
2.040000 320 68
2.080000 320 68
2.120000 320 68
2.160000 320 68
2.200000 320 68
2.240000 320 68
2.280000 320 68
2.320000 320 68
2.360000 320 68
2.400000 320 68
2.440000 320 68
2.480000 320 68
2.520000 320 68
2.560000 320 68
2.600000 320 68
2.640000 320 68
2.680000 320 68
2.720000 320 68
2.760000 320 68
2.800000 320 68
2.840000 320 68
2.880000 320 68
2.920000 320 68
2.960000 320 68
3.000000 320 68
3.040000 320 68
3.080000 320 68
3.120000 320 68
3.160000 320 68
3.200000 320 68
3.240000 320 68
3.280000 320 68
3.320000 320 68
3.360000 320 68
3.400000 320 68
3.440000 320 68
3.480000 320 68
3.520000 320 68
3.560000 320 68
3.600000 320 68
3.640000 320 68
3.680000 320 68
3.720000 320 68
3.760000 320 68
3.800000 320 68
3.840000 320 68
3.880000 320 68
3.920000 320 68
3.960000 320 68
4.000000 320 68
4.040000 320 68
4.080000 320 68
4.120000 320 68
4.160000 320 68
4.200000 320 68
4.240000 320 68
4.280000 304 66
4.320000 291 61
4.360000 278 61
4.400000 272 61
4.440000 268 60
4.480000 267 59
4.520000 266 59
4.560000 266 59
4.600000 267 59
4.640000 267 59
4.680000 266 61
4.720000 266 61
4.760000 266 61
4.800000 265 61
4.840000 264 61
4.880000 263 62
4.920000 261 65
4.960000 254 67
5.000000 246 69
5.040000 236 71
5.080000 225 71
5.120000 210 71
5.160000 198 61
5.200000 184 63
5.240000 168 61
5.280000 153 59
5.320000 141 59
5.360000 134 58
5.400000 132 57
5.440000 131 56
5.480000 129 56
5.520000 128 56
5.560000 129 56
5.600000 129 56
5.640000 129 58
5.680000 128 58
5.720000 127 58
5.760000 86 61
5.800000 127 61
5.840000 125 61
5.880000 121 63
5.920000 114 66
5.960000 106 70
6.000000 94 72
6.040000 84 72
6.080000 69 72
6.120000 60 66
6.160000 47 65
6.200000 34 61
6.240000 22 61
6.280000 7 61
6.320000 5 61
6.360000 4 61
6.400000 2 60
6.440000 2 61
6.480000 2 61
6.520000 2 61
6.560000 2 61
6.600000 2 61
6.640000 2 61
6.680000 2 61
6.720000 2 61
6.760000 2 61
6.800000 2 61
6.840000 2 61
6.880000 2 61
6.920000 2 61
6.960000 2 61
7.000000 2 61
7.040000 2 61
7.080000 2 61
7.120000 2 61
7.160000 2 61
7.200000 2 61
