0.000000 320 118
0.040000 320 118
0.080000 320 118
0.120000 320 118
0.160000 320 118
0.200000 320 118
0.240000 320 118
0.280000 320 118
0.320000 320 118
0.360000 320 118
0.400000 320 118
0.440000 320 118
0.480000 320 118
0.520000 320 118
0.560000 320 118
0.600000 320 118
0.640000 320 118
0.680000 320 118
0.720000 320 118
0.760000 320 118
0.800000 320 118
0.840000 320 118
0.880000 320 118
0.920000 320 118
0.960000 320 118
1.000000 320 118
1.040000 320 118
1.080000 320 118
1.120000 320 118
1.160000 320 118
1.200000 320 118
1.240000 320 118
1.280000 320 118
1.320000 320 118
1.360000 320 118
1.400000 320 118
1.440000 320 118
1.480000 320 118
1.520000 320 118
1.560000 320 118
1.600000 320 118
1.640000 320 118
1.680000 320 118
1.720000 320 118
1.760000 320 118
1.800000 320 118
1.840000 320 118
1.880000 320 118
1.920000 320 118
1.960000 320 118
2.000000 320 118
2.040000 320 118
2.080000 320 118
2.120000 320 118
2.160000 320 118
2.200000 320 118
2.240000 320 118
2.280000 320 118
2.320000 320 118
2.360000 320 118
2.400000 320 118
2.440000 320 118
2.480000 320 118
2.520000 320 118
2.560000 320 118
2.600000 320 118
2.640000 320 118
2.680000 320 118
2.720000 320 118
2.760000 320 118
2.800000 320 118
2.840000 320 118
2.880000 320 118
2.920000 320 118
2.960000 320 118
3.000000 320 118
3.040000 320 118
3.080000 320 118
3.120000 320 118
3.160000 320 118
3.200000 320 118
3.240000 320 118
3.280000 320 118
3.320000 320 118
3.360000 320 118
3.400000 320 118
3.440000 320 118
3.480000 320 118
3.520000 320 118
3.560000 320 118
3.600000 320 118
3.640000 320 118
3.680000 320 118
3.720000 320 118
3.760000 320 118
3.800000 320 118
3.840000 320 118
3.880000 320 118
3.920000 320 118
3.960000 320 118
4.000000 320 118
4.040000 320 118
4.080000 320 118
4.120000 320 118
4.160000 320 118
4.200000 320 118
4.240000 320 118
4.280000 320 118
4.320000 313 117
4.360000 308 115
4.400000 304 113
4.440000 297 113
4.480000 291 113
4.520000 284 113
4.560000 279 113
4.600000 273 115
4.640000 268 117
4.680000 267 118
4.720000 262 117
4.760000 257 116
4.800000 252 115
4.840000 247 115
4.880000 242 114
4.920000 235 113
4.960000 225 113
5.000000 219 113
5.040000 212 113
5.080000 206 115
5.120000 200 118
5.160000 194 118
5.200000 187 118
5.240000 183 117
5.280000 177 114
5.320000 172 113
5.360000 164 112
5.400000 158 112
5.440000 149 110
5.480000 143 111
5.520000 137 113
5.560000 133 115
5.600000 129 117
5.640000 122 117
5.680000 118 116
5.720000 112 114
5.760000 105 113
5.800000 102 113
5.840000 95 112
5.880000 86 113
5.920000 81 112
5.960000 74 113
6.000000 66 113
6.040000 64 116
6.080000 56 117
6.120000 52 117
6.160000 48 118
6.200000 44 117
6.240000 38 113
6.280000 34 113
6.320000 28 113
6.360000 23 113
6.400000 7 113
6.440000 5 115
6.480000 4 116
6.520000 3 117
6.560000 2 118
6.600000 2 118
6.640000 2 118
6.680000 2 118
6.720000 2 118
6.760000 2 118
6.800000 2 118
6.840000 2 118
6.880000 2 118
6.920000 2 118
6.960000 2 118
7.000000 2 118
7.040000 2 118
7.080000 2 118
7.120000 2 118
7.160000 2 118
7.200000 2 118
