0.000000 320 156
0.040000 320 156
0.080000 320 156
0.120000 320 156
0.160000 320 156
0.200000 320 156
0.240000 320 156
0.280000 320 156
0.320000 320 156
0.360000 320 156
0.400000 320 156
0.440000 320 156
0.480000 320 156
0.520000 320 156
0.560000 320 156
0.600000 320 156
0.640000 320 156
0.680000 320 156
0.720000 320 156
0.760000 320 156
0.800000 320 156
0.840000 320 156
0.880000 320 156
0.920000 320 156
0.960000 320 156
1.000000 320 156
1.040000 320 156
1.080000 320 156
1.120000 320 156
1.160000 320 156
1.200000 320 156
1.240000 320 156
1.280000 320 156
1.320000 320 156
1.360000 320 156
1.400000 320 156
1.440000 320 156
1.480000 320 156
1.520000 320 156
1.560000 320 156
1.600000 320 156
1.640000 320 156
1.680000 320 156
1.720000 320 156
1.760000 320 156
1.800000 320 156
1.840000 320 156
1.880000 320 156
1.920000 320 156
1.960000 320 156
2.000000 320 156
2.040000 320 156
2.080000 320 156
2.120000 320 156
2.160000 320 156
2.200000 320 156
2.240000 320 156
2.280000 320 156
2.320000 320 156
2.360000 320 156
2.400000 320 156
2.440000 320 156
2.480000 320 156
2.520000 320 156
2.560000 320 156
2.600000 320 156
2.640000 320 156
2.680000 320 156
2.720000 320 156
2.760000 320 156
2.800000 320 156
2.840000 320 156
2.880000 320 156
2.920000 320 156
2.960000 320 156
3.000000 320 156
3.040000 320 156
3.080000 320 156
3.120000 320 156
3.160000 320 156
3.200000 320 156
3.240000 320 156
3.280000 320 156
3.320000 320 156
3.360000 320 156
3.400000 320 156
3.440000 320 156
3.480000 320 156
3.520000 320 156
3.560000 320 156
3.600000 320 156
3.640000 320 156
3.680000 320 156
3.720000 320 156
3.760000 320 156
3.800000 320 156
3.840000 320 156
3.880000 320 156
3.920000 320 156
3.960000 320 156
4.000000 320 156
4.040000 320 156
4.080000 320 156
4.120000 320 156
4.160000 320 156
4.200000 320 156
4.240000 320 156
4.280000 320 159
4.320000 314 155
4.360000 309 155
4.400000 305 154
4.440000 299 153
4.480000 294 153
4.520000 288 154
4.560000 283 154
4.600000 278 155
4.640000 273 156
4.680000 268 157
4.720000 262 156
4.760000 257 156
4.800000 251 155
4.840000 245 155
4.880000 237 154
4.920000 231 154
4.960000 225 154
5.000000 220 155
5.040000 215 156
5.080000 209 158
5.120000 204 159
5.160000 199 159
5.200000 194 159
5.240000 188 159
5.280000 181 156
5.320000 174 154
5.360000 169 154
5.400000 161 154
5.440000 153 154
5.480000 147 154
5.520000 142 155
5.560000 136 155
5.600000 131 158
5.640000 123 158
5.680000 116 157
5.720000 111 155
5.760000 105 154
5.800000 99 154
5.840000 90 153
5.880000 84 153
5.920000 75 153
5.960000 70 152
6.000000 65 154
6.040000 61 155
6.080000 56 156
6.120000 50 156
6.160000 45 155
6.200000 42 154
6.240000 36 153
6.280000 31 151
6.320000 25 150
6.360000 19 149
6.400000 13 149
6.440000 8 149
6.480000 1 150
6.520000 2 154
6.560000 2 154
6.600000 2 154
6.640000 2 154
6.680000 2 154
6.720000 2 154
6.760000 2 154
6.800000 2 154
6.840000 2 154
6.880000 2 154
6.920000 2 154
6.960000 2 154
7.000000 2 154
7.040000 2 154
7.080000 2 154
7.120000 2 154
7.160000 2 154
7.200000 2 154
