0.000000 316 118
0.040000 316 118
0.080000 316 118
0.120000 316 118
0.160000 316 118
0.200000 316 118
0.240000 316 118
0.280000 316 118
0.320000 316 118
0.360000 316 118
0.400000 316 118
0.440000 316 118
0.480000 316 118
0.520000 316 118
0.560000 316 118
0.600000 316 118
0.640000 316 118
0.680000 316 118
0.720000 316 118
0.760000 316 118
0.800000 316 118
0.840000 316 118
0.880000 316 118
0.920000 316 118
0.960000 316 118
1.000000 316 118
1.040000 316 118
1.080000 316 118
1.120000 316 118
1.160000 316 118
1.200000 316 118
1.240000 316 118
1.280000 316 118
1.320000 316 118
1.360000 316 118
1.400000 316 118
1.440000 316 118
1.480000 316 118
1.520000 316 118
1.560000 316 118
1.600000 316 118
1.640000 316 118
1.680000 316 118
1.720000 316 118
1.760000 316 118
1.800000 316 118
1.840000 316 118
1.880000 316 118
1.920000 316 118
1.960000 316 118
2.000000 316 118
2.040000 316 118
2.080000 316 118
2.120000 316 118
2.160000 316 118
2.200000 316 118
2.240000 316 118
2.280000 316 118
2.320000 316 118
2.360000 316 118
2.400000 316 118
2.440000 316 118
2.480000 316 118
2.520000 316 118
2.560000 316 118
2.600000 316 118
2.640000 316 118
2.680000 316 118
2.720000 316 118
2.760000 316 118
2.800000 316 118
2.840000 316 118
2.880000 316 118
2.920000 316 118
2.960000 316 118
3.000000 316 118
3.040000 316 118
3.080000 316 118
3.120000 316 118
3.160000 316 118
3.200000 316 118
3.240000 316 118
3.280000 316 118
3.320000 316 118
3.360000 316 118
3.400000 316 118
3.440000 316 118
3.480000 316 118
3.520000 316 118
3.560000 316 118
3.600000 316 118
3.640000 316 118
3.680000 316 118
3.720000 316 118
3.760000 316 118
3.800000 316 118
3.840000 316 118
3.880000 316 118
3.920000 316 118
3.960000 316 118
4.000000 316 118
4.040000 316 118
4.080000 316 118
4.120000 316 118
4.160000 316 118
4.200000 316 118
4.240000 316 118
4.280000 309 118
4.320000 305 117
4.360000 301 115
4.400000 297 114
4.440000 291 114
4.480000 285 114
4.520000 279 114
4.560000 273 114
4.600000 267 117
4.640000 262 118
4.680000 257 119
4.720000 252 118
4.760000 249 118
4.800000 243 116
4.840000 238 115
4.880000 232 113
4.920000 225 113
4.960000 216 113
5.000000 210 113
5.040000 205 113
5.080000 200 117
5.120000 196 119
5.160000 194 119
5.200000 186 119
5.240000 182 117
5.280000 177 115
5.320000 173 114
5.360000 168 113
5.400000 158 113
5.440000 151 112
5.480000 142 112
5.520000 134 113
5.560000 127 117
5.600000 122 118
5.640000 117 118
5.680000 113 115
5.720000 109 115
5.760000 111 113
5.800000 99 112
5.840000 95 113
5.880000 90 114
5.920000 80 113
5.960000 75 113
6.000000 71 113
6.040000 66 117
6.080000 62 118
6.120000 58 118
6.160000 55 119
6.200000 49 118
6.240000 45 116
6.280000 42 114
6.320000 34 113
6.360000 29 113
6.400000 23 113
6.440000 15 114
6.480000 12 117
6.520000 7 118
6.560000 7 118
6.600000 7 118
6.640000 7 118
6.680000 7 118
6.720000 7 118
6.760000 7 118
6.800000 7 118
6.840000 7 118
6.880000 7 118
6.920000 7 118
6.960000 7 118
7.000000 7 118
7.040000 7 118
7.080000 7 118
7.120000 7 118
7.160000 7 118
7.200000 7 118
