1.720000 310 170
1.760000 307 171
1.800000 303 172
1.840000 300 172
1.880000 297 172
1.920000 293 171
1.960000 288 170
2.000000 285 170
2.040000 282 170
2.080000 277 170
2.120000 273 171
2.160000 269 171
2.200000 266 172
2.240000 262 173
2.280000 257 174
2.320000 253 174
2.360000 248 174
2.400000 244 173
2.440000 240 172
2.480000 236 171
2.520000 231 170
2.560000 225 170
2.600000 220 170
2.640000 216 171
2.680000 210 171
2.720000 206 172
2.760000 201 173
2.800000 199 174
2.840000 194 174
2.880000 189 174
2.920000 184 174
2.960000 175 171
3.000000 170 170
3.040000 166 170
3.080000 161 170
3.120000 156 170
3.160000 151 171
3.200000 146 171
3.240000 142 173
3.280000 137 174
3.320000 132 174
3.360000 128 173
3.400000 123 171
3.440000 119 171
3.480000 115 171
3.520000 110 170
3.560000 106 170
3.600000 101 170
3.640000 96 170
3.680000 92 170
3.720000 86 170
3.760000 81 170
3.800000 79 171
3.840000 75 171
3.880000 70 170
3.920000 65 170
3.960000 62 169
4.000000 57 169
4.040000 54 167
4.080000 49 167
4.120000 44 166
4.160000 39 166
4.200000 35 167
4.240000 31 167
4.280000 28 167
4.320000 23 169
4.360000 20 169
4.400000 18 169
4.440000 13 167
4.480000 10 167
4.520000 7 165
4.560000 2 165
4.600000 2 165
4.640000 2 165
4.760000 2 164
