1.600000 320 156
1.640000 314 155
1.680000 312 154
1.720000 306 154
1.760000 301 155
1.800000 297 155
1.840000 290 156
1.880000 288 156
1.920000 283 158
1.960000 279 159
2.000000 276 158
2.040000 271 158
2.080000 267 156
2.120000 262 155
2.160000 257 155
2.200000 251 154
2.240000 245 155
2.280000 241 155
2.320000 235 155
2.360000 229 156
2.400000 223 159
2.440000 218 159
2.480000 211 159
2.520000 207 159
2.560000 199 159
2.600000 195 157
2.640000 189 156
2.680000 184 155
2.720000 177 156
2.760000 171 157
2.800000 167 158
2.840000 162 159
2.880000 156 160
2.920000 149 160
2.960000 144 160
3.000000 139 159
3.040000 134 158
3.080000 129 157
3.120000 123 156
3.160000 117 155
3.200000 112 155
3.240000 106 156
3.280000 101 158
3.320000 96 158
3.360000 90 159
3.400000 84 159
3.440000 80 158
3.480000 74 156
3.520000 67 154
3.560000 62 154
3.600000 57 152
3.640000 51 152
3.680000 45 152
3.720000 40 152
3.760000 38 154
3.800000 33 154
3.840000 29 155
3.880000 25 155
3.920000 23 154
3.960000 18 154
4.000000 12 153
4.040000 8 150
4.160000 2 149
