1.600000 307 169
1.640000 302 169
1.680000 297 169
1.720000 293 169
1.760000 288 169
1.800000 283 169
1.840000 278 169
1.880000 273 170
1.920000 268 171
1.960000 264 172
2.000000 259 172
2.040000 255 172
2.080000 251 171
2.120000 246 170
2.160000 241 170
2.200000 235 169
2.240000 231 170
2.280000 225 170
2.320000 219 171
2.360000 214 171
2.400000 208 173
2.440000 203 173
2.480000 197 172
2.520000 193 173
2.560000 186 172
2.600000 182 171
2.640000 176 170
2.680000 170 169
2.720000 164 170
2.760000 158 170
2.800000 153 171
2.840000 148 171
2.880000 143 172
2.920000 138 173
2.960000 132 174
3.000000 127 172
3.040000 122 171
3.080000 116 170
3.120000 111 170
3.160000 105 169
3.200000 99 170
3.240000 94 169
3.280000 89 170
3.320000 84 171
3.360000 78 171
3.400000 73 171
3.440000 69 170
3.480000 64 170
3.520000 59 169
3.560000 54 167
3.600000 49 166
3.640000 44 165
3.680000 39 165
3.720000 34 166
3.760000 30 167
3.800000 26 168
3.840000 22 169
3.880000 18 169
3.920000 12 167
3.960000 8 166
4.040000 2 164
4.080000 2 164
