1.560000 295 63
1.600000 283 64
1.640000 273 67
1.680000 266 70
1.720000 266 67
1.760000 320 61
1.800000 313 60
1.840000 310 60
1.880000 302 60
1.920000 288 60
1.960000 264 61
2.000000 260 60
2.040000 242 56
2.080000 262 59
2.120000 262 61
2.160000 262 60
2.200000 263 61
2.240000 262 61
2.280000 262 60
2.320000 256 61
2.360000 243 62
2.400000 227 62
2.440000 211 61
2.480000 198 59
2.520000 179 59
2.560000 206 56
2.600000 205 56
2.640000 149 67
2.680000 205 55
2.720000 205 54
2.760000 144 58
2.800000 143 57
2.840000 143 57
2.880000 144 57
2.920000 147 60
2.960000 151 60
3.000000 144 58
3.040000 144 58
3.080000 144 57
3.120000 144 56
3.160000 144 56
3.200000 144 56
3.240000 138 60
3.280000 127 60
3.320000 112 61
3.360000 95 63
3.400000 80 62
3.440000 65 61
3.480000 51 62
3.520000 42 67
3.560000 36 70
3.600000 32 65
3.640000 31 61
3.680000 29 59
3.720000 31 59
3.760000 29 59
3.800000 29 59
3.840000 33 61
3.880000 33 59
3.920000 29 59
3.960000 29 59
4.000000 29 60
4.040000 30 59
4.080000 30 60
4.120000 29 58
4.160000 28 61
