1.400000 298 93
1.440000 294 93
1.480000 290 92
1.520000 284 91
1.560000 279 91
1.600000 276 91
1.640000 273 92
1.680000 272 89
1.720000 267 91
1.760000 258 95
1.800000 267 91
1.840000 266 90
1.880000 262 88
1.920000 260 88
1.960000 257 88
2.000000 251 87
2.040000 242 87
2.080000 219 91
2.120000 224 87
2.160000 216 90
2.200000 208 91
2.240000 205 92
2.280000 195 92
2.320000 190 92
2.360000 185 88
2.400000 181 87
2.440000 174 87
2.480000 168 87
2.520000 164 87
2.560000 169 89
2.600000 160 88
2.640000 157 88
2.680000 153 91
2.720000 138 93
2.760000 153 87
2.800000 129 89
2.840000 125 87
2.880000 142 86
2.920000 136 85
2.960000 107 87
3.000000 105 87
3.040000 106 87
3.080000 100 87
3.120000 91 91
3.160000 84 91
3.200000 78 91
3.240000 75 91
3.280000 70 88
3.320000 65 87
3.360000 84 87
3.400000 55 86
3.440000 49 84
3.480000 48 87
3.520000 48 89
3.560000 44 87
3.600000 39 91
3.640000 37 91
3.680000 41 87
3.720000 38 87
3.760000 34 87
3.800000 32 87
3.840000 26 87
3.880000 18 87
3.920000 8 87
4.000000 2 87
4.040000 2 93
