1.400000 303 159
1.440000 298 158
1.480000 294 158
1.520000 288 155
1.560000 285 156
1.600000 283 157
1.640000 279 158
1.680000 273 159
1.720000 269 159
1.760000 265 159
1.800000 262 159
1.840000 257 159
1.880000 253 159
1.920000 248 158
1.960000 242 159
2.000000 236 159
2.040000 230 159
2.080000 226 159
2.120000 221 159
2.160000 216 160
2.200000 212 159
2.240000 208 159
2.280000 201 159
2.320000 195 159
2.360000 190 158
2.400000 185 157
2.440000 181 157
2.480000 175 156
2.520000 169 158
2.560000 164 159
2.600000 158 159
2.640000 154 159
2.680000 152 159
2.720000 147 157
2.760000 142 158
2.800000 139 156
2.840000 131 158
2.880000 123 157
2.920000 122 156
2.960000 115 157
3.000000 110 158
3.040000 104 158
3.080000 99 159
3.120000 96 159
3.160000 94 159
3.200000 86 158
3.240000 82 155
3.280000 75 155
3.320000 71 154
3.360000 65 154
3.400000 62 154
3.440000 60 155
3.480000 52 154
3.520000 46 155
3.560000 44 155
3.600000 41 156
3.640000 39 156
3.680000 38 154
3.720000 34 154
3.760000 32 151
3.800000 28 150
3.840000 23 150
3.880000 18 151
3.920000 14 150
3.960000 10 152
