0.000000 306 161
0.040000 306 161
0.080000 306 161
0.120000 306 161
0.160000 306 161
0.200000 306 161
0.240000 306 161
0.280000 306 161
0.320000 306 161
0.360000 306 161
0.400000 306 161
0.440000 306 161
0.480000 306 161
0.520000 306 161
0.560000 306 161
0.600000 306 161
0.640000 306 161
0.680000 306 161
0.720000 306 161
0.760000 306 161
0.800000 306 161
0.840000 306 161
0.880000 306 161
0.920000 306 161
0.960000 306 161
1.000000 306 161
1.040000 306 161
1.080000 306 161
1.120000 306 161
1.160000 306 161
1.200000 303 163
1.240000 299 164
1.280000 296 164
1.320000 293 163
1.360000 288 161
1.400000 285 160
1.440000 282 160
1.480000 278 160
1.520000 275 161
1.560000 271 163
1.600000 268 164
1.640000 264 165
1.680000 260 165
1.720000 257 165
1.760000 253 165
1.800000 251 165
1.840000 246 163
1.880000 242 162
1.920000 238 161
1.960000 234 161
2.000000 231 163
2.040000 226 164
2.080000 221 165
2.120000 218 165
2.160000 214 165
2.200000 209 165
2.240000 205 165
2.280000 200 165
2.320000 197 163
2.360000 192 161
2.400000 188 161
2.440000 184 163
2.480000 179 164
2.520000 175 165
2.560000 171 165
2.600000 168 165
2.640000 163 165
2.680000 159 165
2.720000 155 165
2.760000 151 164
2.800000 147 162
2.840000 142 161
2.880000 138 161
2.920000 133 162
2.960000 130 163
3.000000 125 164
3.040000 121 165
3.080000 117 165
3.120000 112 165
3.160000 110 164
3.200000 106 164
3.240000 101 161
3.280000 96 160
3.320000 93 160
3.360000 89 161
3.400000 85 161
3.440000 81 161
3.480000 76 161
3.520000 74 163
3.560000 70 163
3.600000 66 163
3.640000 64 162
3.680000 60 161
3.720000 55 160
3.760000 52 159
3.800000 49 159
3.840000 44 159
3.880000 41 159
3.920000 38 159
3.960000 34 160
4.000000 31 160
4.040000 28 160
4.080000 23 160
4.120000 19 159
4.160000 18 158
4.200000 13 157
4.240000 8 156
4.280000 7 157
4.320000 7 158
4.360000 6 159
4.400000 6 159
4.440000 6 159
4.480000 6 159
4.520000 6 159
4.560000 6 159
4.600000 6 159
4.640000 6 159
4.680000 6 159
4.720000 6 159
4.760000 6 159
4.800000 6 159
4.840000 6 159
4.880000 6 159
4.920000 6 159
4.960000 6 159
5.000000 6 159
5.040000 6 159
5.080000 6 159
5.120000 6 159
5.160000 6 159
5.200000 6 159
5.240000 6 159
5.280000 6 159
5.320000 6 159
5.360000 6 159
5.400000 6 159
5.440000 6 159
5.480000 6 159
