0.000000 292 63
0.040000 292 63
0.080000 292 63
0.120000 292 63
0.160000 292 63
0.200000 292 63
0.240000 292 63
0.280000 292 63
0.320000 292 63
0.360000 292 63
0.400000 292 63
0.440000 292 63
0.480000 292 63
0.520000 292 63
0.560000 292 63
0.600000 292 63
0.640000 292 63
0.680000 292 63
0.720000 292 63
0.760000 292 63
0.800000 292 63
0.840000 292 63
0.880000 292 63
0.920000 292 63
0.960000 292 63
1.000000 292 63
1.040000 292 63
1.080000 291 64
1.120000 291 64
1.160000 291 64
1.200000 309 64
1.240000 293 65
1.280000 287 61
1.320000 277 61
1.360000 292 63
1.400000 292 64
1.440000 292 63
1.480000 292 63
1.520000 292 62
1.560000 290 62
1.600000 283 64
1.640000 273 62
1.680000 253 60
1.720000 249 65
1.760000 238 62
1.800000 225 63
1.840000 252 60
1.880000 210 66
1.920000 210 62
1.960000 252 59
2.000000 251 58
2.040000 207 60
2.080000 207 60
2.120000 207 60
2.160000 208 59
2.200000 207 59
2.240000 208 61
2.280000 208 61
2.320000 208 61
2.360000 208 60
2.400000 209 60
2.440000 208 60
2.480000 205 60
2.520000 160 57
2.560000 186 61
2.600000 163 59
2.640000 161 61
2.680000 148 61
2.720000 136 61
2.760000 162 57
2.800000 161 57
2.840000 117 63
2.880000 116 61
2.920000 160 56
2.960000 116 60
3.000000 116 60
3.040000 117 61
3.080000 118 61
3.120000 112 58
3.160000 116 60
3.200000 82 62
3.240000 116 61
3.280000 116 60
3.320000 116 60
3.360000 116 58
3.400000 70 58
3.440000 71 58
3.480000 95 63
3.520000 71 61
3.560000 68 66
3.600000 60 63
3.640000 70 58
3.680000 40 68
3.720000 34 70
3.760000 34 67
3.800000 33 65
3.840000 70 59
3.880000 32 64
3.920000 33 65
3.960000 33 64
4.000000 33 63
4.040000 27 61
4.080000 17 61
4.120000 33 63
4.160000 2 66
4.200000 33 62
4.240000 34 63
4.280000 32 63
4.320000 28 64
4.360000 25 64
4.400000 22 65
4.440000 16 71
4.480000 16 71
4.520000 16 71
4.560000 16 71
4.600000 16 71
4.640000 16 71
4.680000 16 71
4.720000 16 71
4.760000 16 71
4.800000 16 71
4.840000 16 71
4.880000 16 71
4.920000 16 71
4.960000 16 71
5.000000 16 71
5.040000 16 71
5.080000 16 71
5.120000 16 71
5.160000 16 71
5.200000 16 71
5.240000 16 71
5.280000 16 71
5.320000 16 71
5.360000 16 71
5.400000 16 71
5.440000 16 71
5.480000 16 71
