0.000000 310 134
0.040000 310 134
0.080000 310 134
0.120000 310 134
0.160000 310 134
0.200000 310 134
0.240000 310 134
0.280000 310 134
0.320000 310 134
0.360000 310 134
0.400000 310 134
0.440000 310 134
0.480000 310 134
0.520000 310 134
0.560000 310 134
0.600000 310 134
0.640000 310 134
0.680000 310 134
0.720000 310 134
0.760000 310 134
0.800000 310 134
0.840000 310 134
0.880000 310 134
0.920000 310 134
0.960000 310 134
1.000000 310 134
1.040000 310 134
1.080000 310 134
1.120000 310 134
1.160000 308 134
1.200000 306 134
1.240000 304 134
1.280000 298 134
1.320000 294 134
1.360000 290 133
1.400000 286 132
1.440000 283 130
1.480000 278 131
1.520000 277 132
1.560000 273 132
1.600000 271 133
1.640000 267 134
1.680000 268 135
1.720000 264 135
1.760000 260 135
1.800000 256 134
1.840000 253 134
1.880000 245 133
1.920000 241 133
1.960000 238 133
2.000000 235 133
2.040000 228 133
2.080000 225 133
2.120000 223 133
2.160000 220 133
2.200000 218 133
2.240000 209 134
2.280000 205 133
2.320000 199 131
2.360000 195 130
2.400000 190 129
2.440000 187 131
2.480000 184 133
2.520000 174 133
2.560000 171 133
2.600000 169 133
2.640000 167 133
2.680000 163 133
2.720000 161 133
2.760000 159 133
2.800000 158 132
2.840000 156 132
2.880000 154 132
2.920000 140 132
2.960000 136 133
3.000000 133 133
3.040000 129 133
3.080000 126 133
3.120000 122 133
3.160000 119 133
3.200000 115 133
3.240000 108 131
3.280000 104 129
3.320000 99 128
3.360000 95 129
3.400000 90 130
3.440000 87 133
3.480000 85 133
3.520000 83 133
3.560000 81 133
3.600000 79 133
3.640000 77 133
3.680000 75 133
3.720000 73 133
3.760000 68 129
3.800000 64 129
3.840000 60 130
3.880000 54 132
3.920000 50 133
3.960000 46 133
4.000000 42 133
4.040000 34 133
4.080000 31 133
4.120000 29 132
4.160000 27 132
4.200000 25 131
4.240000 19 132
4.280000 16 130
4.320000 12 132
4.360000 12 132
4.400000 12 132
4.440000 12 132
4.480000 12 132
4.520000 12 132
4.560000 12 132
4.600000 12 132
4.640000 12 132
4.680000 12 132
4.720000 12 132
4.760000 12 132
4.800000 12 132
4.840000 12 132
4.880000 12 132
4.920000 12 132
4.960000 12 132
5.000000 12 132
5.040000 12 132
5.080000 12 132
5.120000 12 132
5.160000 12 132
5.200000 12 132
5.240000 12 132
5.280000 12 132
5.320000 12 132
5.360000 12 132
5.400000 12 132
5.440000 12 132
5.480000 12 132
