1.840000 316 118
1.880000 309 117
1.920000 305 119
1.960000 303 119
2.000000 299 117
2.040000 295 117
2.080000 293 117
2.120000 288 115
2.160000 283 114
2.200000 278 113
2.240000 273 113
2.280000 268 114
2.320000 262 114
2.360000 258 113
2.400000 251 115
2.440000 247 115
2.480000 244 117
2.520000 241 117
2.560000 236 113
2.600000 230 113
2.640000 224 113
2.680000 218 112
2.720000 214 113
2.760000 207 113
2.800000 205 113
2.840000 205 113
2.880000 199 114
2.920000 195 113
2.960000 188 113
3.000000 184 109
3.040000 178 110
3.080000 171 110
3.120000 167 110
3.160000 158 109
3.200000 154 109
3.240000 147 111
3.280000 143 112
3.320000 136 113
3.360000 132 113
3.400000 127 113
3.440000 124 112
3.480000 119 109
3.520000 112 108
3.560000 106 109
3.600000 103 110
3.640000 97 109
3.680000 94 112
3.720000 90 112
3.760000 86 111
3.800000 82 113
3.840000 78 112
3.880000 74 110
3.920000 69 111
3.960000 64 108
4.000000 57 108
4.040000 53 108
4.080000 45 109
4.120000 41 110
4.160000 34 108
4.200000 31 110
4.240000 28 112
4.280000 24 113
4.320000 23 114
4.360000 18 113
4.400000 14 111
4.440000 10 111
4.520000 2 112
