1.880000 304 119
1.960000 298 121
2.000000 293 122
2.040000 288 121
2.080000 283 119
2.120000 277 119
2.160000 272 119
2.200000 268 118
2.240000 263 118
2.320000 257 118
2.520000 231 119
2.600000 221 115
2.680000 207 117
2.720000 203 118
2.960000 174 118
3.000000 168 119
3.040000 160 119
3.080000 155 119
3.120000 150 117
3.200000 164 113
3.240000 158 109
3.400000 113 117
3.440000 106 119
3.480000 97 119
3.560000 88 119
3.920000 49 117
3.960000 44 117
4.000000 39 115
4.120000 45 108
4.400000 19 112
4.440000 18 114
4.480000 12 113
