0.000000 303 60
0.040000 303 60
0.080000 303 60
0.120000 303 60
0.160000 303 60
0.200000 303 60
0.240000 303 60
0.280000 303 60
0.320000 303 60
0.360000 303 60
0.400000 303 60
0.440000 303 60
0.480000 303 60
0.520000 303 60
0.560000 303 60
0.600000 303 60
0.640000 303 60
0.680000 303 60
0.720000 303 60
0.760000 303 60
0.800000 303 60
0.840000 303 60
0.880000 303 60
0.920000 303 60
0.960000 303 60
1.000000 303 60
1.040000 303 60
1.080000 303 60
1.120000 303 60
1.160000 303 60
1.200000 303 60
1.240000 303 60
1.280000 303 60
1.320000 303 60
1.360000 303 60
1.400000 303 60
1.440000 303 60
1.480000 303 60
1.520000 303 60
1.560000 303 60
1.600000 297 56
1.640000 283 56
1.680000 272 59
1.720000 266 62
1.760000 262 62
1.800000 257 59
1.840000 257 57
1.880000 257 56
1.920000 257 56
1.960000 258 56
2.000000 258 56
2.040000 258 56
2.080000 258 56
2.120000 257 56
2.160000 258 54
2.200000 257 54
2.240000 258 54
2.280000 257 53
2.320000 258 53
2.360000 257 54
2.400000 255 53
2.440000 249 54
2.480000 241 54
2.520000 229 54
2.560000 210 54
2.600000 201 52
2.640000 186 51
2.680000 171 52
2.720000 160 56
2.760000 153 59
2.800000 149 58
2.840000 147 55
2.880000 147 52
2.920000 146 51
2.960000 146 51
3.000000 146 51
3.040000 146 51
3.080000 146 51
3.120000 147 50
3.160000 145 50
3.200000 145 51
3.240000 146 50
3.280000 146 50
3.320000 147 50
3.360000 145 49
3.400000 144 50
3.440000 142 50
3.480000 132 52
3.520000 121 52
3.560000 109 54
3.600000 92 54
3.640000 83 52
3.680000 69 52
3.720000 55 56
3.760000 45 59
3.800000 39 61
3.840000 39 61
3.880000 38 57
3.920000 38 56
3.960000 38 56
4.000000 37 56
4.040000 37 56
4.080000 38 56
4.120000 38 56
4.160000 35 56
4.200000 39 56
4.240000 38 55
4.280000 38 54
4.320000 38 54
4.360000 38 54
4.400000 38 55
4.440000 29 56
4.480000 23 58
4.520000 17 59
4.560000 6 61
4.600000 4 61
4.640000 3 61
4.680000 2 61
4.720000 1 61
4.760000 1 61
4.800000 1 61
4.840000 1 61
4.880000 1 61
4.920000 1 61
4.960000 1 61
5.000000 1 61
5.040000 1 61
5.080000 1 61
5.120000 1 61
5.160000 1 61
5.200000 1 61
5.240000 1 61
5.280000 1 61
5.320000 1 61
5.360000 1 61
5.400000 1 61
5.440000 1 61
5.480000 1 61
5.520000 1 61
5.560000 1 61
