0.000000 320 67
0.040000 320 67
0.080000 320 67
0.120000 320 67
0.160000 320 67
0.200000 320 67
0.240000 320 67
0.280000 320 67
0.320000 320 67
0.360000 320 67
0.400000 320 67
0.440000 320 67
0.480000 320 67
0.520000 320 67
0.560000 320 67
0.600000 320 67
0.640000 320 67
0.680000 320 67
0.720000 320 67
0.760000 320 67
0.800000 320 67
0.840000 320 67
0.880000 320 67
0.920000 320 67
0.960000 320 67
1.000000 320 67
1.040000 320 67
1.080000 320 67
1.120000 320 67
1.160000 320 67
1.200000 320 67
1.240000 320 67
1.280000 320 67
1.320000 320 67
1.360000 320 67
1.400000 320 67
1.440000 320 67
1.480000 320 67
1.520000 320 67
1.560000 320 67
1.600000 320 67
1.640000 320 67
1.680000 320 67
1.720000 306 66
1.760000 294 62
1.800000 279 61
1.840000 270 60
1.880000 267 59
1.920000 266 58
1.960000 266 57
2.000000 265 57
2.040000 266 57
2.080000 264 57
2.120000 267 61
2.160000 267 57
2.200000 266 58
2.240000 266 57
2.280000 265 58
2.320000 264 60
2.360000 263 61
2.400000 258 66
2.440000 252 71
2.480000 244 72
2.520000 233 69
2.560000 220 67
2.600000 203 60
2.640000 189 59
2.680000 174 57
2.720000 162 57
2.760000 155 56
2.800000 153 56
2.840000 153 55
2.880000 153 56
2.920000 153 56
2.960000 152 56
3.000000 151 56
3.040000 156 59
3.080000 153 56
3.120000 153 56
3.160000 153 56
3.200000 152 56
3.240000 151 58
3.280000 148 61
3.320000 145 66
3.360000 136 69
3.400000 126 68
3.440000 113 65
3.480000 101 62
3.520000 84 57
3.560000 70 56
3.600000 58 56
3.640000 49 56
3.680000 45 56
3.720000 44 55
3.760000 43 56
3.800000 43 56
3.840000 44 56
3.880000 43 55
3.920000 42 56
3.960000 44 56
4.000000 43 57
4.040000 43 56
4.080000 42 56
4.120000 42 56
4.160000 40 56
4.200000 39 60
4.240000 36 66
4.280000 29 68
4.320000 29 68
4.360000 29 68
4.400000 29 68
4.440000 29 68
4.480000 29 68
4.520000 29 68
