0.000000 320 119
0.040000 320 119
0.080000 320 119
0.120000 320 119
0.160000 320 119
0.200000 320 119
0.240000 320 119
0.280000 320 119
0.320000 320 119
0.360000 320 119
0.400000 320 119
0.440000 320 119
0.480000 320 119
0.520000 320 119
0.560000 320 119
0.600000 320 119
0.640000 320 119
0.680000 320 119
0.720000 320 119
0.760000 320 119
0.800000 320 119
0.840000 320 119
0.880000 320 119
0.920000 320 119
0.960000 320 119
1.000000 320 119
1.040000 320 119
1.080000 320 119
1.120000 320 119
1.160000 320 119
1.200000 320 119
1.240000 320 119
1.280000 320 119
1.320000 320 119
1.360000 320 119
1.400000 320 119
1.440000 320 119
1.480000 320 119
1.520000 320 119
1.560000 320 119
1.600000 320 119
1.640000 320 119
1.680000 320 119
1.720000 320 119
1.760000 320 119
1.800000 320 119
1.840000 320 119
1.880000 320 119
1.920000 320 119
1.960000 320 119
2.000000 320 119
2.040000 320 119
2.080000 318 119
2.120000 317 118
2.160000 316 118
2.200000 309 118
2.240000 304 119
2.280000 299 120
2.320000 296 120
2.360000 293 122
2.400000 288 119
2.440000 283 118
2.480000 280 118
2.520000 276 118
2.560000 270 118
2.600000 265 117
2.640000 260 118
2.680000 255 119
2.720000 251 119
2.760000 246 119
2.800000 239 118
2.840000 236 119
2.880000 232 118
2.920000 227 117
2.960000 224 118
3.000000 220 114
3.040000 214 115
3.080000 207 115
3.120000 201 116
3.160000 196 114
3.200000 190 115
3.240000 185 118
3.280000 181 119
3.320000 173 119
3.360000 168 118
3.400000 164 117
3.440000 159 117
3.480000 155 117
3.520000 150 114
3.560000 144 116
3.600000 137 115
3.640000 132 115
3.680000 124 116
3.720000 121 116
3.760000 112 117
3.800000 108 117
3.840000 106 116
3.880000 101 117
3.920000 95 116
3.960000 90 115
4.000000 82 114
4.040000 76 115
4.080000 71 117
4.120000 70 117
4.160000 64 117
4.200000 60 118
4.240000 55 119
4.280000 49 118
4.320000 45 117
4.360000 42 116
4.400000 38 115
4.440000 34 114
4.480000 28 114
4.520000 22 113
4.560000 16 114
4.600000 12 113
4.640000 7 115
4.680000 6 117
4.720000 2 120
4.760000 2 120
4.800000 2 120
4.840000 2 120
4.880000 2 120
4.920000 2 120
4.960000 2 120
5.000000 2 120
5.040000 2 120
5.080000 2 120
5.120000 2 120
5.160000 2 120
5.200000 2 120
5.240000 2 120
