0.000000 313 145
0.040000 313 145
0.080000 313 145
0.120000 313 145
0.160000 313 145
0.200000 313 145
0.240000 313 145
0.280000 313 145
0.320000 313 145
0.360000 313 145
0.400000 313 145
0.440000 313 145
0.480000 313 145
0.520000 313 145
0.560000 313 145
0.600000 313 145
0.640000 313 145
0.680000 313 145
0.720000 313 145
0.760000 313 145
0.800000 313 145
0.840000 313 145
0.880000 313 145
0.920000 309 143
0.960000 307 144
1.000000 306 144
1.040000 303 145
1.080000 300 145
1.120000 297 145
1.160000 295 145
1.200000 292 145
1.240000 287 145
1.280000 283 145
1.320000 278 143
1.360000 273 142
1.400000 268 143
1.440000 266 145
1.480000 261 147
1.520000 256 147
1.560000 253 146
1.600000 247 145
1.640000 242 145
1.680000 236 145
1.720000 231 145
1.760000 226 145
1.800000 221 145
1.840000 216 144
1.880000 212 144
1.920000 208 144
1.960000 203 143
2.000000 199 144
2.040000 191 145
2.080000 189 145
2.120000 185 145
2.160000 182 145
2.200000 179 145
2.240000 176 145
2.280000 170 145
2.320000 179 144
2.360000 176 144
2.400000 171 145
2.440000 166 144
2.480000 160 145
2.520000 154 145
2.560000 148 144
2.600000 124 145
2.640000 121 145
2.680000 118 145
2.720000 115 145
2.760000 112 145
2.800000 109 145
2.840000 101 143
2.880000 97 141
2.920000 94 141
2.960000 102 143
3.000000 85 139
3.040000 73 143
3.080000 72 144
3.120000 71 144
3.160000 71 144
3.200000 70 145
3.240000 70 145
3.280000 69 145
3.320000 65 144
3.360000 62 144
3.400000 59 144
3.440000 55 143
3.480000 51 142
3.520000 47 141
3.560000 42 141
3.600000 37 141
3.640000 28 141
3.680000 25 142
3.720000 22 143
3.760000 20 143
3.800000 17 144
3.840000 14 145
3.880000 12 144
3.920000 7 141
3.960000 7 141
4.000000 7 141
4.040000 7 141
4.080000 7 141
4.120000 7 141
4.160000 7 141
4.200000 7 141
4.240000 7 141
4.280000 7 141
4.320000 7 141
4.360000 7 141
