0.000000 276 61
0.040000 276 61
0.080000 276 61
0.120000 276 61
0.160000 276 61
0.200000 276 61
0.240000 276 61
0.280000 276 61
0.320000 276 61
0.360000 276 61
0.400000 276 61
0.440000 276 61
0.480000 276 61
0.520000 276 61
0.560000 276 61
0.600000 276 61
0.640000 276 61
0.680000 276 61
0.720000 276 61
0.760000 276 61
0.800000 276 61
0.840000 276 61
0.880000 276 61
0.920000 276 61
0.960000 276 61
1.000000 276 61
1.040000 276 61
1.080000 276 61
1.120000 276 61
1.160000 276 61
1.200000 276 61
1.240000 276 61
1.280000 276 61
1.320000 276 61
1.360000 276 61
1.400000 276 61
1.440000 276 61
1.480000 276 61
1.520000 276 61
1.560000 276 61
1.600000 276 61
1.640000 276 61
1.680000 276 61
1.720000 276 61
1.760000 276 61
1.800000 276 61
1.840000 276 61
1.880000 276 61
1.920000 276 61
1.960000 276 61
2.000000 276 61
2.040000 276 61
2.080000 276 61
2.120000 276 61
2.160000 276 61
2.200000 276 61
2.240000 276 61
2.280000 276 61
2.320000 276 61
2.360000 276 61
2.400000 276 61
2.440000 276 61
2.480000 276 61
2.520000 276 61
2.560000 276 61
2.600000 276 61
2.640000 276 61
2.680000 276 61
2.720000 273 57
2.760000 273 56
2.800000 273 56
2.840000 273 56
2.880000 273 56
2.920000 274 56
2.960000 272 56
3.000000 271 56
3.040000 247 60
3.080000 273 56
3.120000 274 56
3.160000 273 56
3.200000 225 57
3.240000 225 56
3.280000 271 55
3.320000 264 56
3.360000 255 56
3.400000 242 56
3.440000 223 55
3.480000 215 55
3.520000 201 56
3.560000 189 58
3.600000 180 60
3.640000 179 57
3.680000 177 56
3.720000 176 54
3.760000 175 54
3.800000 175 54
3.840000 176 53
3.880000 175 52
3.920000 168 54
3.960000 162 55
4.000000 155 56
4.040000 137 60
4.080000 176 52
4.120000 127 58
4.160000 126 56
4.200000 126 55
4.240000 126 55
4.280000 164 54
4.320000 153 55
4.360000 142 53
4.400000 126 54
4.440000 112 54
4.480000 98 55
4.520000 86 59
4.560000 81 60
4.600000 79 56
4.640000 75 55
4.680000 75 54
4.720000 75 53
4.760000 75 53
4.800000 75 53
4.840000 75 52
4.880000 75 54
4.920000 75 52
4.960000 75 52
5.000000 75 52
5.040000 75 52
5.080000 33 60
5.120000 75 51
5.160000 33 56
5.200000 70 55
5.240000 60 56
5.280000 49 54
5.320000 35 56
5.360000 28 55
5.400000 7 60
5.440000 5 60
5.480000 4 60
5.520000 3 60
5.560000 2 55
5.600000 8 56
5.640000 15 56
5.680000 22 56
5.720000 21 57
5.760000 12 57
5.800000 12 57
5.840000 12 57
5.880000 12 57
5.920000 12 57
5.960000 12 57
6.000000 12 57
6.040000 12 57
