0.000000 299 58
0.040000 299 58
0.080000 299 58
0.120000 299 58
0.160000 299 58
0.200000 299 58
0.240000 299 58
0.280000 299 58
0.320000 299 58
0.360000 299 58
0.400000 299 58
0.440000 299 58
0.480000 299 58
0.520000 299 58
0.560000 299 58
0.600000 299 58
0.640000 299 58
0.680000 299 58
0.720000 299 58
0.760000 299 58
0.800000 299 58
0.840000 299 58
0.880000 299 58
0.920000 299 58
0.960000 299 58
1.000000 299 58
1.040000 299 58
1.080000 299 58
1.120000 299 58
1.160000 299 58
1.200000 299 58
1.240000 299 58
1.280000 299 58
1.320000 299 58
1.360000 299 58
1.400000 299 58
1.440000 299 58
1.480000 299 58
1.520000 299 58
1.560000 299 58
1.600000 299 58
1.640000 299 58
1.680000 299 58
1.720000 299 58
1.760000 299 58
1.800000 299 58
1.840000 299 58
1.880000 299 58
1.920000 299 58
1.960000 299 58
2.000000 299 58
2.040000 299 58
2.080000 299 58
2.120000 299 58
2.160000 299 58
2.200000 299 58
2.240000 299 58
2.280000 299 58
2.320000 299 58
2.360000 299 58
2.400000 299 58
2.440000 299 58
2.480000 299 58
2.520000 299 58
2.560000 285 61
2.600000 292 61
2.640000 299 61
2.680000 306 61
2.720000 313 61
2.760000 313 59
2.800000 310 58
2.840000 306 59
2.880000 297 59
2.920000 287 61
2.960000 273 58
3.000000 258 59
3.040000 273 56
3.080000 235 61
3.120000 229 61
3.160000 226 61
3.200000 273 56
3.240000 272 55
3.280000 223 56
3.320000 223 56
3.360000 222 56
3.400000 224 56
3.440000 225 56
3.480000 230 56
3.520000 224 56
3.560000 223 56
3.600000 223 56
3.640000 223 56
3.680000 224 55
3.720000 224 54
3.760000 221 53
3.800000 216 56
3.840000 205 56
3.880000 194 56
3.920000 177 54
3.960000 177 54
4.000000 174 53
4.040000 175 52
4.080000 129 60
4.120000 175 51
4.160000 175 51
4.200000 175 51
4.240000 173 51
4.280000 125 53
4.320000 125 54
4.360000 125 54
4.400000 127 56
4.440000 129 54
4.480000 126 54
4.520000 126 54
4.560000 127 54
4.600000 125 53
4.640000 126 53
4.680000 125 52
4.720000 122 52
4.760000 112 52
4.800000 101 54
4.840000 79 56
4.880000 75 57
4.920000 59 56
4.960000 49 59
5.000000 39 61
5.040000 34 61
5.080000 75 52
5.120000 33 56
5.160000 75 50
5.200000 32 56
5.240000 32 57
5.280000 32 56
5.320000 32 56
5.360000 28 56
5.400000 34 57
5.440000 32 56
5.480000 33 56
5.520000 33 56
5.560000 33 56
5.600000 32 55
5.640000 29 56
5.680000 27 57
5.720000 24 58
5.760000 10 57
5.800000 10 57
5.840000 10 57
5.880000 10 57
5.920000 10 57
5.960000 10 57
6.000000 10 57
6.040000 10 57
