0.000000 309 63
0.040000 309 63
0.080000 309 63
0.120000 309 63
0.160000 309 63
0.200000 309 63
0.240000 309 63
0.280000 309 63
0.320000 309 63
0.360000 309 63
0.400000 309 63
0.440000 309 63
0.480000 309 63
0.520000 309 63
0.560000 309 63
0.600000 309 63
0.640000 309 63
0.680000 309 63
0.720000 309 63
0.760000 309 63
0.800000 309 63
0.840000 309 63
0.880000 309 63
0.920000 309 63
0.960000 309 63
1.000000 309 63
1.040000 309 63
1.080000 309 63
1.120000 309 63
1.160000 309 63
1.200000 309 63
1.240000 309 63
1.280000 309 63
1.320000 309 63
1.360000 309 63
1.400000 309 63
1.440000 309 63
1.480000 309 63
1.520000 309 63
1.560000 309 63
1.600000 309 63
1.640000 309 63
1.680000 309 63
1.720000 309 63
1.760000 309 63
1.800000 309 63
1.840000 309 63
1.880000 309 63
1.920000 309 63
1.960000 309 63
2.000000 309 63
2.040000 309 63
2.080000 309 63
2.120000 309 63
2.160000 309 63
2.200000 309 63
2.240000 309 63
2.280000 309 63
2.320000 309 63
2.360000 309 63
2.400000 309 63
2.440000 309 63
2.480000 309 63
2.520000 309 63
2.560000 298 59
2.600000 302 60
2.640000 306 61
2.680000 311 61
2.720000 315 62
2.760000 320 65
2.800000 320 67
2.840000 314 72
2.880000 305 72
2.920000 295 71
2.960000 288 61
3.000000 272 61
3.040000 288 56
3.080000 248 57
3.120000 242 57
3.160000 240 56
3.200000 286 60
3.240000 283 63
3.280000 238 55
3.320000 237 55
3.360000 238 55
3.400000 237 56
3.440000 243 59
3.480000 240 57
3.520000 239 56
3.560000 239 56
3.600000 238 56
3.640000 237 56
3.680000 237 58
3.720000 236 61
3.760000 231 66
3.800000 221 69
3.840000 212 68
3.880000 202 67
3.920000 194 55
3.960000 192 54
4.000000 191 53
4.040000 190 52
4.080000 143 56
4.120000 190 55
4.160000 189 56
4.200000 185 59
4.240000 181 66
4.280000 140 52
4.320000 140 53
4.360000 140 55
4.400000 143 57
4.440000 141 56
4.480000 141 54
4.520000 141 55
4.560000 140 56
4.600000 139 56
4.640000 138 56
4.680000 136 61
4.720000 129 66
4.760000 121 67
4.800000 111 66
4.840000 97 63
4.880000 90 58
4.920000 72 58
4.960000 62 56
5.000000 54 56
5.040000 49 56
5.080000 90 56
5.120000 45 56
5.160000 84 61
5.200000 44 56
5.240000 44 56
5.280000 44 56
5.320000 47 57
5.360000 49 58
5.400000 45 57
5.440000 45 56
5.480000 45 56
5.520000 45 57
5.560000 44 58
5.600000 40 64
5.640000 37 66
5.680000 34 67
5.720000 31 69
5.760000 18 67
5.800000 18 67
5.840000 18 67
5.880000 18 67
5.920000 18 67
5.960000 18 67
6.000000 18 67
6.040000 18 67
