0.000000 312 100
0.040000 312 100
0.080000 312 100
0.120000 312 100
0.160000 312 100
0.200000 312 100
0.240000 312 100
0.280000 312 100
0.320000 312 100
0.360000 312 100
0.400000 312 100
0.440000 312 100
0.480000 312 100
0.520000 312 100
0.560000 312 100
0.600000 312 100
0.640000 312 100
0.680000 312 100
0.720000 312 100
0.760000 312 100
0.800000 312 100
0.840000 312 100
0.880000 312 100
0.920000 312 100
0.960000 312 100
1.000000 312 100
1.040000 312 100
1.080000 312 100
1.120000 312 100
1.160000 312 100
1.200000 312 100
1.240000 312 100
1.280000 312 100
1.320000 312 100
1.360000 312 100
1.400000 312 100
1.440000 312 100
1.480000 312 100
1.520000 312 100
1.560000 312 100
1.600000 312 100
1.640000 312 100
1.680000 312 100
1.720000 312 100
1.760000 312 100
1.800000 312 100
1.840000 312 100
1.880000 312 100
1.920000 312 100
1.960000 312 100
2.000000 312 100
2.040000 312 100
2.080000 312 100
2.120000 312 100
2.160000 312 100
2.200000 312 100
2.240000 312 100
2.280000 312 100
2.320000 312 100
2.360000 312 100
2.400000 312 100
2.440000 312 100
2.480000 312 100
2.520000 312 100
2.560000 308 93
2.600000 311 91
2.640000 314 88
2.680000 317 86
2.720000 314 87
2.760000 305 90
2.800000 298 90
2.840000 291 90
2.880000 283 91
2.920000 277 92
2.960000 271 93
3.000000 264 93
3.040000 282 88
3.080000 257 91
3.120000 253 90
3.160000 248 91
3.200000 270 87
3.240000 262 87
3.280000 236 91
3.320000 236 88
3.360000 234 88
3.400000 234 90
3.440000 232 91
3.480000 231 91
3.520000 231 89
3.560000 230 88
3.600000 227 87
3.640000 225 87
3.680000 220 87
3.720000 212 87
3.760000 203 87
3.800000 194 87
3.840000 188 87
3.880000 179 89
3.920000 184 89
3.960000 184 87
4.000000 182 87
4.040000 179 86
4.080000 153 89
4.120000 174 86
4.160000 169 83
4.200000 160 86
4.240000 153 85
4.280000 136 87
4.320000 136 87
4.360000 133 87
4.400000 133 89
4.440000 133 87
4.480000 132 87
4.520000 131 86
4.560000 127 87
4.600000 122 87
4.640000 117 86
4.680000 109 87
4.720000 101 87
4.760000 91 87
4.800000 85 87
4.840000 80 88
4.880000 77 89
4.920000 66 91
4.960000 64 91
5.000000 60 89
5.040000 55 87
5.080000 70 83
5.120000 47 89
5.160000 56 85
5.200000 42 87
5.240000 40 87
5.280000 39 87
5.320000 39 90
5.360000 38 89
5.400000 38 89
5.440000 38 87
5.480000 34 87
5.520000 33 87
5.560000 29 87
5.600000 18 87
5.640000 14 88
5.680000 10 89
5.720000 6 90
5.760000 2 87
5.800000 2 87
5.840000 2 87
5.880000 2 87
5.920000 2 87
5.960000 2 87
6.000000 2 87
6.040000 2 87
