2.440000 308 167
2.480000 303 169
2.520000 298 168
2.560000 294 166
2.600000 288 165
2.640000 283 165
2.680000 277 167
2.720000 272 168
2.760000 267 169
2.800000 261 170
2.840000 257 171
2.880000 251 171
2.920000 245 170
2.960000 240 170
3.000000 233 169
3.040000 227 168
3.080000 221 167
3.120000 215 168
3.160000 208 169
3.200000 201 170
3.240000 195 170
3.280000 189 171
3.320000 184 172
3.360000 179 172
3.400000 173 171
3.440000 168 170
3.480000 160 169
3.520000 154 167
3.560000 148 168
3.600000 141 168
3.640000 134 169
3.680000 127 169
3.720000 121 170
3.760000 116 171
3.800000 111 171
3.840000 105 171
3.880000 100 170
3.920000 93 168
3.960000 86 167
4.000000 81 165
4.040000 75 166
4.080000 69 167
4.120000 64 166
4.160000 57 167
4.200000 52 169
4.240000 47 169
4.280000 41 169
4.320000 36 169
4.360000 31 167
4.400000 25 165
4.440000 20 164
4.480000 14 163
4.520000 8 162
4.560000 1 161
4.600000 2 163
