2.440000 312 69
2.480000 320 65
2.520000 320 67
2.560000 320 67
2.600000 320 70
2.640000 320 70
2.680000 314 76
2.720000 304 78
2.760000 294 80
2.800000 282 78
2.840000 271 76
2.880000 257 71
2.920000 242 67
2.960000 227 66
3.000000 215 65
3.040000 206 63
3.080000 205 61
3.120000 202 61
3.160000 201 61
3.200000 200 61
3.240000 200 61
3.280000 200 61
3.320000 202 65
3.360000 200 61
3.400000 200 61
3.440000 199 61
3.480000 199 63
3.520000 196 66
3.560000 194 67
3.600000 186 71
3.640000 177 76
3.680000 166 78
3.720000 153 78
3.760000 141 76
3.800000 127 70
3.840000 113 70
3.880000 99 66
3.920000 85 63
3.960000 74 63
4.000000 70 61
4.040000 67 60
4.080000 65 59
4.120000 65 59
4.160000 64 59
4.200000 64 59
4.240000 64 61
4.280000 64 61
4.320000 64 61
4.360000 64 61
4.400000 64 61
4.440000 62 62
4.480000 59 66
4.520000 55 67
4.560000 47 71
4.600000 36 76
