0.000000 310 67
0.040000 310 67
0.080000 310 67
0.120000 310 67
0.160000 310 67
0.200000 310 67
0.240000 310 67
0.280000 310 67
0.320000 310 67
0.360000 310 67
0.400000 310 67
0.440000 310 67
0.480000 310 67
0.520000 310 67
0.560000 310 67
0.600000 310 67
0.640000 310 67
0.680000 310 67
0.720000 310 67
0.760000 310 67
0.800000 310 67
0.840000 310 67
0.880000 310 67
0.920000 310 67
0.960000 310 67
1.000000 310 67
1.040000 310 67
1.080000 310 67
1.120000 310 67
1.160000 310 67
1.200000 310 67
1.240000 310 67
1.280000 310 67
1.320000 310 67
1.360000 310 67
1.400000 310 67
1.440000 310 67
1.480000 310 67
1.520000 310 67
1.560000 310 67
1.600000 310 67
1.640000 310 67
1.680000 310 67
1.720000 310 67
1.760000 310 67
1.800000 310 66
1.840000 309 66
1.880000 310 67
1.920000 313 69
1.960000 309 67
2.000000 309 66
2.040000 309 66
2.080000 309 67
2.120000 309 67
2.160000 308 69
2.200000 304 71
2.240000 299 72
2.280000 293 76
2.320000 284 76
2.360000 275 74
2.400000 266 72
2.440000 252 67
2.480000 241 66
2.520000 227 62
2.560000 216 64
2.600000 209 65
2.640000 205 63
2.680000 205 61
2.720000 203 61
2.760000 203 61
2.800000 202 61
2.840000 201 61
2.880000 201 62
2.920000 205 66
2.960000 203 62
3.000000 203 61
3.040000 203 61
3.080000 201 62
3.120000 200 62
3.160000 200 65
3.200000 196 67
3.240000 190 69
3.280000 184 71
3.320000 174 72
3.360000 164 72
3.400000 153 71
3.440000 143 68
3.480000 130 64
3.520000 116 61
3.560000 105 62
3.600000 95 63
3.640000 91 63
3.680000 88 61
3.720000 86 61
3.760000 86 60
3.800000 86 60
3.840000 86 60
3.880000 85 60
3.920000 86 60
3.960000 86 61
4.000000 65 61
4.040000 54 61
4.080000 86 61
4.120000 85 61
4.160000 85 61
4.200000 82 63
4.240000 79 67
4.280000 72 70
4.320000 66 71
4.360000 59 72
4.400000 49 71
4.440000 38 69
4.480000 29 65
4.520000 18 69
4.560000 8 66
4.600000 2 66
4.640000 2 67
4.680000 2 67
4.720000 27 66
4.760000 20 68
4.800000 20 68
4.840000 20 68
4.880000 20 68
4.920000 20 68
4.960000 20 68
5.000000 20 68
5.040000 20 68
5.080000 20 68
5.120000 20 68
5.160000 20 68
5.200000 20 68
5.240000 20 68
5.280000 20 68
5.320000 20 68
5.360000 20 68
5.400000 20 68
5.440000 20 68
5.480000 20 68
5.520000 20 68
5.560000 20 68
5.600000 20 68
5.640000 20 68
5.680000 20 68
5.720000 20 68
5.760000 20 68
5.800000 20 68
5.840000 20 68
5.880000 20 68
5.920000 20 68
5.960000 20 68
6.000000 20 68
6.040000 20 68
6.080000 20 68
6.120000 20 68
6.160000 20 68
6.200000 20 68
6.240000 20 68
6.280000 20 68
6.320000 20 68
6.360000 20 68
6.400000 20 68
6.440000 20 68
6.480000 20 68
6.520000 20 68
6.560000 20 68
