0.000000 306 61
0.040000 306 61
0.080000 306 61
0.120000 306 61
0.160000 306 61
0.200000 306 61
0.240000 306 61
0.280000 306 61
0.320000 306 61
0.360000 306 61
0.400000 306 61
0.440000 306 61
0.480000 306 61
0.520000 306 61
0.560000 306 61
0.600000 306 61
0.640000 306 61
0.680000 306 61
0.720000 306 61
0.760000 306 61
0.800000 306 61
0.840000 306 61
0.880000 306 61
0.920000 306 61
0.960000 306 61
1.000000 306 61
1.040000 306 61
1.080000 306 61
1.120000 306 61
1.160000 306 61
1.200000 306 61
1.240000 306 61
1.280000 306 61
1.320000 306 61
1.360000 306 61
1.400000 305 60
1.440000 305 61
1.480000 307 65
1.520000 306 61
1.560000 306 61
1.600000 306 61
1.640000 305 61
1.680000 305 62
1.720000 304 64
1.760000 303 67
1.800000 298 70
1.840000 293 71
1.880000 283 71
1.920000 273 70
1.960000 261 61
2.000000 250 59
2.040000 237 56
2.080000 226 56
2.120000 220 56
2.160000 218 56
2.200000 216 55
2.240000 216 52
2.280000 216 53
2.320000 216 54
2.360000 216 54
2.400000 216 56
2.440000 219 56
2.480000 216 54
2.520000 216 53
2.560000 216 52
2.600000 216 55
2.640000 216 56
2.680000 215 59
2.720000 210 63
2.760000 205 66
2.800000 197 67
2.840000 186 65
2.880000 175 63
2.920000 162 56
2.960000 148 56
3.000000 136 54
3.040000 125 55
3.080000 117 55
3.120000 116 53
3.160000 116 51
3.200000 115 52
3.240000 114 51
3.280000 116 51
3.320000 114 52
3.360000 114 53
3.400000 117 55
3.440000 116 52
3.480000 115 51
3.520000 116 51
3.560000 115 52
3.600000 114 54
3.640000 112 56
3.680000 110 61
3.720000 106 66
3.760000 98 66
3.800000 88 66
3.840000 79 63
3.880000 70 60
3.920000 55 58
3.960000 44 56
4.000000 34 56
4.040000 28 56
4.080000 25 56
4.120000 24 56
4.160000 24 55
4.200000 24 54
4.240000 23 56
4.280000 23 55
4.320000 23 56
4.360000 26 56
4.400000 24 56
4.440000 23 57
4.480000 23 58
4.520000 23 58
4.560000 23 59
4.600000 23 59
4.640000 23 59
4.680000 23 59
4.720000 23 59
4.760000 23 59
4.800000 23 59
4.840000 23 59
4.880000 23 59
4.920000 23 59
4.960000 23 59
5.000000 23 59
