0.000000 313 123
0.040000 313 123
0.080000 313 123
0.120000 313 123
0.160000 313 123
0.200000 313 123
0.240000 313 123
0.280000 313 123
0.320000 313 123
0.360000 313 123
0.400000 313 123
0.440000 313 123
0.480000 313 123
0.520000 313 123
0.560000 313 123
0.600000 313 123
0.640000 313 123
0.680000 313 123
0.720000 313 123
0.760000 313 123
0.800000 313 123
0.840000 313 123
0.880000 313 123
0.920000 313 123
0.960000 313 123
1.000000 313 123
1.040000 313 123
1.080000 313 123
1.120000 313 123
1.160000 313 123
1.200000 313 123
1.240000 313 123
1.280000 313 123
1.320000 313 123
1.360000 305 120
1.400000 302 120
1.440000 300 120
1.480000 298 120
1.520000 290 120
1.560000 284 119
1.600000 278 120
1.640000 273 120
1.680000 268 119
1.720000 264 120
1.760000 262 121
1.800000 258 120
1.840000 257 120
1.880000 256 120
1.920000 252 119
1.960000 249 119
2.000000 247 119
2.040000 245 118
2.080000 236 119
2.120000 232 119
2.160000 229 119
2.200000 223 119
2.240000 220 119
2.280000 216 118
2.320000 213 118
2.360000 211 118
2.400000 208 118
2.440000 206 118
2.480000 195 119
2.520000 189 119
2.560000 182 119
2.600000 174 119
2.640000 169 119
2.680000 165 119
2.720000 163 120
2.760000 159 119
2.800000 158 118
2.840000 154 118
2.880000 151 118
2.920000 148 118
2.960000 137 119
3.000000 141 119
3.040000 145 118
3.080000 149 118
3.120000 149 118
3.160000 145 118
3.200000 140 117
3.240000 106 118
3.280000 103 119
3.320000 101 119
3.360000 99 119
3.400000 96 119
3.440000 94 119
3.480000 85 121
3.520000 80 122
3.560000 74 122
3.600000 69 123
3.640000 66 123
3.680000 64 122
3.720000 58 117
3.760000 58 117
3.800000 58 117
3.840000 58 117
3.880000 59 117
3.920000 59 117
3.960000 59 117
4.000000 59 117
4.040000 58 117
4.080000 55 117
4.120000 53 117
4.160000 49 117
4.200000 44 117
4.240000 38 115
4.280000 38 115
4.320000 38 115
4.360000 38 115
4.400000 38 115
4.440000 38 115
4.480000 38 115
4.520000 38 115
4.560000 38 115
4.600000 38 115
4.640000 38 115
4.680000 38 115
4.720000 38 115
4.760000 38 115
4.800000 38 115
4.840000 38 115
4.880000 38 115
4.920000 38 115
4.960000 38 115
5.000000 38 115
