1.440000 297 62
1.480000 294 61
1.520000 294 61
1.560000 295 61
1.600000 294 62
1.640000 294 61
1.680000 295 62
1.720000 295 62
1.760000 295 61
1.800000 294 62
1.840000 294 65
1.880000 292 67
1.920000 288 70
1.960000 282 71
2.000000 272 71
2.040000 262 70
2.080000 251 67
2.120000 236 64
2.160000 221 61
2.200000 208 61
2.240000 196 61
2.280000 192 61
2.320000 190 57
2.360000 189 57
2.400000 188 56
2.440000 189 57
2.480000 189 57
2.520000 189 59
2.560000 189 60
2.600000 189 59
2.640000 189 58
2.680000 189 59
2.720000 188 60
2.760000 188 61
2.800000 184 64
2.840000 179 66
2.880000 171 67
2.920000 162 68
2.960000 149 68
3.000000 137 67
3.040000 125 61
3.080000 112 63
3.120000 100 61
3.160000 88 61
3.200000 81 62
3.240000 80 61
3.280000 80 60
3.320000 77 60
3.360000 78 60
3.400000 77 59
3.440000 79 62
3.480000 80 65
3.520000 79 61
3.560000 77 61
3.600000 77 60
3.640000 77 60
3.680000 75 61
3.720000 75 63
3.760000 70 65
3.800000 66 66
3.840000 58 69
3.880000 49 69
3.920000 38 67
3.960000 28 67
4.000000 18 63
4.040000 8 64
4.080000 2 61
4.240000 18 63
