0.000000 294 59
0.040000 294 59
0.080000 294 59
0.120000 294 59
0.160000 294 59
0.200000 294 59
0.240000 294 59
0.280000 294 59
0.320000 294 59
0.360000 294 59
0.400000 294 59
0.440000 294 59
0.480000 294 59
0.520000 294 59
0.560000 294 59
0.600000 294 59
0.640000 294 59
0.680000 294 59
0.720000 294 59
0.760000 294 59
0.800000 294 59
0.840000 294 59
0.880000 294 59
0.920000 294 59
0.960000 294 59
1.000000 294 59
1.040000 294 59
1.080000 294 59
1.120000 294 59
1.160000 294 59
1.200000 294 59
1.240000 294 59
1.280000 294 59
1.320000 294 59
1.360000 294 59
1.400000 294 59
1.440000 294 59
1.480000 294 59
1.520000 294 59
1.560000 294 59
1.600000 294 59
1.640000 294 59
1.680000 294 59
1.720000 294 57
1.760000 294 57
1.800000 295 56
1.840000 295 56
1.880000 294 57
1.920000 296 57
1.960000 295 57
2.000000 278 62
2.040000 294 57
2.080000 294 57
2.120000 247 61
2.160000 244 57
2.200000 242 56
2.240000 293 63
2.280000 241 56
2.320000 273 71
2.360000 263 70
2.400000 249 63
2.440000 240 59
2.480000 225 56
2.520000 210 52
2.560000 196 51
2.600000 189 52
2.640000 188 51
2.680000 186 51
2.720000 185 51
2.760000 186 51
2.800000 185 51
2.840000 186 51
2.880000 186 51
2.920000 187 52
2.960000 186 51
3.000000 186 51
3.040000 147 54
3.080000 136 55
3.120000 184 52
3.160000 128 53
3.200000 127 51
3.240000 127 51
3.280000 171 66
3.320000 164 67
3.360000 153 67
3.400000 143 66
3.440000 127 56
3.480000 116 54
3.520000 101 52
3.560000 86 51
3.600000 75 51
3.640000 71 51
3.680000 71 51
3.720000 70 51
3.760000 70 51
3.800000 70 51
3.840000 70 51
3.880000 70 52
3.920000 70 52
3.960000 71 52
4.000000 71 52
4.040000 71 51
4.080000 70 51
4.120000 70 52
4.160000 69 55
4.200000 68 56
4.240000 64 61
4.280000 56 67
4.320000 49 67
4.360000 38 69
4.400000 29 67
4.440000 20 61
4.480000 9 60
4.520000 2 59
4.560000 22 56
4.600000 22 56
4.640000 22 59
4.680000 21 61
4.720000 20 62
4.760000 19 63
4.800000 18 64
4.840000 18 64
4.880000 18 64
4.920000 18 64
4.960000 18 64
5.000000 18 64
