0.000000 320 113
0.040000 320 113
0.080000 320 113
0.120000 320 113
0.160000 320 113
0.200000 320 113
0.240000 320 113
0.280000 320 113
0.320000 320 113
0.360000 320 113
0.400000 320 113
0.440000 320 113
0.480000 320 113
0.520000 320 113
0.560000 320 113
0.600000 320 113
0.640000 320 113
0.680000 320 113
0.720000 320 113
0.760000 320 113
0.800000 320 113
0.840000 320 113
0.880000 320 113
0.920000 320 113
0.960000 320 113
1.000000 320 113
1.040000 320 113
1.080000 320 113
1.120000 320 113
1.160000 320 113
1.200000 320 113
1.240000 320 113
1.280000 320 113
1.320000 320 113
1.360000 320 113
1.400000 320 113
1.440000 320 113
1.480000 320 113
1.520000 320 113
1.560000 320 113
1.600000 320 113
1.640000 320 113
1.680000 320 113
1.720000 320 113
1.760000 314 117
1.800000 309 118
1.840000 304 117
1.880000 299 117
1.920000 297 118
1.960000 294 117
2.000000 289 119
2.040000 288 117
2.080000 283 117
2.120000 279 115
2.160000 272 115
2.200000 266 113
2.240000 265 116
2.280000 256 115
2.320000 249 117
2.360000 245 117
2.400000 239 117
2.440000 234 117
2.480000 230 118
2.520000 227 118
2.560000 221 117
2.600000 219 115
2.640000 214 114
2.680000 207 113
2.720000 201 114
2.760000 196 114
2.800000 193 114
2.840000 189 115
2.880000 186 117
2.920000 182 118
2.960000 179 119
3.000000 174 119
3.040000 168 117
3.080000 163 114
3.120000 158 113
3.160000 153 113
3.200000 147 113
3.240000 142 113
3.280000 138 113
3.320000 134 114
3.360000 130 115
3.400000 125 118
3.440000 117 118
3.480000 112 118
3.520000 107 117
3.560000 105 115
3.600000 100 113
3.640000 95 113
3.680000 90 113
3.720000 79 113
3.760000 75 114
3.800000 71 114
3.840000 70 117
3.880000 65 118
3.920000 60 118
3.960000 58 118
4.000000 54 115
4.040000 49 113
4.080000 45 113
4.120000 42 113
4.160000 36 113
4.200000 32 113
4.240000 28 114
4.280000 23 114
4.320000 19 113
4.360000 17 113
4.400000 14 117
4.440000 9 117
4.480000 7 117
4.520000 6 117
4.560000 1 117
4.600000 2 117
4.640000 2 117
4.680000 2 117
4.720000 2 117
4.760000 2 117
4.800000 2 117
4.840000 2 117
4.880000 2 117
4.920000 2 117
4.960000 2 117
5.000000 2 117
