0.000000 320 159
0.040000 320 159
0.080000 320 159
0.120000 320 159
0.160000 320 159
0.200000 320 159
0.240000 320 159
0.280000 320 159
0.320000 320 159
0.360000 320 159
0.400000 320 159
0.440000 320 159
0.480000 320 159
0.520000 320 159
0.560000 320 159
0.600000 320 159
0.640000 320 159
0.680000 320 159
0.720000 320 159
0.760000 320 159
0.800000 320 159
0.840000 320 159
0.880000 320 159
0.920000 320 159
0.960000 320 159
1.000000 320 159
1.040000 320 159
1.080000 320 159
1.120000 320 159
1.160000 320 159
1.200000 320 159
1.240000 320 159
1.280000 320 159
1.320000 320 159
1.360000 320 159
1.400000 320 159
1.440000 320 159
1.480000 320 159
1.520000 320 159
1.560000 320 160
1.600000 314 159
1.640000 310 160
1.680000 308 160
1.720000 303 160
1.760000 298 160
1.800000 294 160
1.840000 290 159
1.880000 286 159
1.920000 281 159
1.960000 275 159
2.000000 270 159
2.040000 265 160
2.080000 261 161
2.120000 257 161
2.160000 252 161
2.200000 247 163
2.240000 244 163
2.280000 240 164
2.320000 236 163
2.360000 231 160
2.400000 225 159
2.440000 220 159
2.480000 215 158
2.520000 210 159
2.560000 204 159
2.600000 198 159
2.640000 194 160
2.680000 188 162
2.720000 184 163
2.760000 179 162
2.800000 174 161
2.840000 169 160
2.880000 164 160
2.920000 158 160
2.960000 152 159
3.000000 147 159
3.040000 141 159
3.080000 136 160
3.120000 131 160
3.160000 127 163
3.200000 122 163
3.240000 118 163
3.280000 112 163
3.320000 107 162
3.360000 103 161
3.400000 97 160
3.440000 92 160
3.480000 87 159
3.520000 81 158
3.560000 75 158
3.600000 71 158
3.640000 67 159
3.680000 60 160
3.720000 56 161
3.760000 53 160
3.800000 48 159
3.840000 44 159
3.880000 39 158
3.920000 34 157
3.960000 31 156
4.000000 27 156
4.040000 23 156
4.080000 18 156
4.120000 14 157
4.160000 11 159
4.200000 8 159
4.240000 1 159
4.280000 2 158
4.320000 2 155
4.360000 2 155
4.400000 2 155
4.440000 2 155
4.480000 2 155
4.520000 2 155
4.560000 2 155
4.600000 2 155
4.640000 2 155
4.680000 2 155
4.720000 2 155
4.760000 2 155
4.800000 2 155
4.840000 2 155
4.880000 2 155
4.920000 2 155
4.960000 2 155
5.000000 2 155
5.040000 2 155
5.080000 2 155
