0.000000 314 87
0.040000 314 87
0.080000 314 87
0.120000 314 87
0.160000 314 87
0.200000 314 87
0.240000 314 87
0.280000 314 87
0.320000 314 87
0.360000 314 87
0.400000 314 87
0.440000 314 87
0.480000 314 87
0.520000 314 87
0.560000 314 87
0.600000 314 87
0.640000 314 87
0.680000 314 87
0.720000 314 87
0.760000 314 87
0.800000 314 87
0.840000 314 87
0.880000 314 87
0.920000 314 87
0.960000 314 87
1.000000 314 87
1.040000 314 87
1.080000 314 87
1.120000 314 87
1.160000 314 87
1.200000 314 87
1.240000 314 87
1.280000 314 87
1.320000 314 87
1.360000 314 87
1.400000 314 87
1.440000 315 88
1.480000 316 89
1.520000 317 90
1.560000 318 91
1.600000 302 92
1.640000 296 93
1.680000 288 95
1.720000 283 96
1.760000 278 96
1.800000 273 93
1.840000 272 93
1.880000 268 91
1.920000 262 90
1.960000 257 87
2.000000 252 89
2.040000 268 87
2.080000 246 91
2.120000 242 89
2.160000 244 91
2.200000 241 92
2.240000 238 93
2.280000 236 93
2.320000 234 93
2.360000 231 92
2.400000 230 90
2.440000 226 87
2.480000 221 87
2.520000 214 87
2.560000 203 87
2.600000 194 87
2.640000 184 90
2.680000 176 91
2.720000 169 93
2.760000 163 93
2.800000 158 91
2.840000 155 91
2.880000 149 87
2.920000 144 87
2.960000 140 87
3.000000 134 87
3.040000 131 87
3.080000 126 87
3.120000 122 87
3.160000 120 87
3.200000 119 88
3.240000 118 88
3.280000 118 87
3.320000 116 87
3.360000 114 85
3.400000 111 86
3.440000 107 86
3.480000 101 86
3.520000 95 86
3.560000 85 87
3.600000 76 87
3.640000 68 87
3.680000 61 89
3.720000 59 91
3.760000 49 93
3.800000 42 92
3.840000 38 92
3.880000 36 91
3.920000 33 89
3.960000 27 87
4.000000 23 87
4.040000 18 88
4.080000 14 88
4.120000 12 87
4.160000 12 87
4.200000 11 91
4.240000 9 92
4.280000 7 92
4.320000 5 93
4.360000 3 93
4.400000 1 93
4.440000 1 93
4.480000 1 93
4.520000 1 93
4.560000 1 93
4.600000 1 93
4.640000 1 93
4.680000 1 93
4.720000 1 93
4.760000 1 93
4.800000 1 93
4.840000 1 93
4.880000 1 93
4.920000 1 93
4.960000 1 93
5.000000 1 93
5.040000 1 93
5.080000 1 93
