1.120000 284 57
1.160000 283 56
1.200000 283 56
1.240000 283 56
1.280000 283 56
1.320000 284 56
1.360000 283 56
1.400000 283 56
1.440000 283 56
1.480000 283 56
1.520000 283 56
1.560000 234 57
1.600000 233 56
1.640000 278 56
1.680000 268 57
1.720000 255 56
1.760000 235 56
1.800000 225 52
1.840000 210 54
1.880000 197 56
1.920000 187 58
1.960000 183 56
2.000000 181 55
2.040000 179 53
2.080000 179 52
2.120000 179 52
2.160000 179 52
2.200000 179 51
2.240000 179 51
2.280000 138 61
2.320000 132 62
2.360000 179 50
2.400000 179 50
2.440000 179 51
2.480000 168 54
2.520000 153 53
2.560000 137 56
2.600000 127 54
2.640000 112 52
2.680000 96 56
2.720000 85 58
2.760000 78 60
2.800000 75 57
2.840000 75 56
2.880000 75 55
2.920000 75 54
2.960000 75 53
3.000000 74 53
3.040000 74 52
3.080000 73 54
3.120000 50 59
3.160000 74 52
3.200000 75 52
3.240000 74 52
3.280000 74 52
3.320000 71 54
3.360000 63 55
3.400000 52 56
3.440000 34 57
3.480000 27 56
3.520000 14 56
3.560000 6 58
3.600000 2 60
3.680000 2 57
3.760000 26 56
3.800000 19 60
