1.120000 298 119
1.160000 294 118
1.200000 293 119
1.240000 289 118
1.280000 288 118
1.320000 287 117
1.800000 229 116
1.840000 221 116
1.880000 212 117
1.920000 205 118
1.960000 199 118
2.000000 194 118
2.040000 189 118
2.080000 186 118
2.120000 184 118
2.160000 182 118
2.200000 180 117
2.360000 173 113
2.400000 169 117
2.440000 163 117
2.480000 138 113
2.520000 132 114
2.600000 126 114
2.680000 111 117
2.720000 105 118
2.760000 99 118
2.800000 92 118
2.840000 88 117
2.880000 85 117
2.920000 82 118
2.960000 80 113
3.120000 60 112
3.200000 74 113
3.240000 70 113
3.280000 65 112
3.320000 60 113
3.360000 54 113
