2.880000 320 57
2.920000 293 61
2.960000 293 61
3.000000 294 61
3.040000 313 72
3.080000 293 61
3.120000 294 64
3.160000 293 62
3.200000 294 62
3.240000 293 61
3.280000 293 61
3.320000 293 61
3.360000 292 63
3.400000 289 66
3.440000 288 67
3.480000 246 61
3.520000 246 61
3.560000 266 67
3.600000 253 66
3.640000 245 61
3.680000 231 61
3.720000 220 59
3.760000 210 59
3.800000 205 60
3.840000 200 57
3.880000 199 56
3.920000 199 56
3.960000 199 56
4.000000 199 56
4.040000 199 56
4.080000 199 56
4.120000 199 58
4.160000 199 56
4.200000 200 56
4.240000 199 56
4.280000 199 57
4.320000 199 59
4.360000 198 60
4.400000 195 61
4.440000 190 62
4.480000 184 67
4.520000 175 67
4.560000 164 66
4.600000 151 61
4.640000 142 56
4.680000 128 56
4.720000 116 56
4.760000 107 57
4.800000 101 57
4.840000 101 56
4.880000 101 56
4.920000 101 56
4.960000 100 56
5.000000 127 67
5.040000 117 67
5.080000 106 66
5.120000 100 56
5.160000 74 61
5.200000 100 56
5.240000 99 56
5.280000 99 57
5.320000 96 59
5.360000 92 61
5.400000 84 66
5.440000 79 66
5.480000 70 66
5.520000 59 66
5.560000 49 58
5.600000 38 58
5.640000 28 58
5.680000 19 61
5.720000 15 61
5.760000 13 60
5.800000 13 59
5.840000 12 59
5.880000 12 59
5.920000 12 59
5.960000 32 69
6.000000 23 67
6.040000 12 59
6.120000 10 60
6.160000 12 59
6.200000 12 60
6.240000 12 60
6.280000 11 61
