2.840000 320 144
2.880000 320 144
2.920000 320 144
2.960000 314 144
3.000000 309 145
3.040000 308 145
3.080000 303 145
3.120000 299 146
3.160000 297 146
3.200000 293 146
3.240000 288 145
3.280000 286 144
3.320000 282 143
3.360000 277 143
3.400000 272 144
3.440000 267 145
3.480000 264 145
3.520000 260 146
3.560000 257 146
3.600000 254 146
3.640000 251 146
3.680000 247 146
3.720000 243 145
3.760000 239 144
3.800000 235 144
3.840000 231 143
3.880000 226 144
3.920000 221 144
3.960000 216 144
4.000000 214 145
4.040000 210 145
4.080000 205 145
4.120000 203 147
4.160000 199 146
4.200000 194 145
4.240000 189 145
4.280000 184 144
4.320000 179 143
4.360000 173 143
4.400000 168 144
4.440000 163 145
4.480000 158 145
4.520000 155 145
4.560000 152 146
4.600000 148 145
4.640000 144 146
4.680000 142 145
4.720000 137 145
4.760000 132 142
4.800000 127 142
4.840000 122 141
4.880000 117 142
4.920000 112 143
4.960000 110 144
5.000000 107 144
5.040000 101 145
5.080000 96 145
5.120000 88 145
5.160000 85 145
5.200000 81 145
5.240000 76 144
5.280000 71 143
5.320000 67 143
5.360000 64 144
5.400000 59 144
5.440000 55 145
5.480000 54 145
5.520000 49 145
5.560000 47 145
5.600000 44 145
5.640000 40 144
5.680000 37 143
5.720000 33 141
5.760000 29 139
5.800000 24 140
5.840000 21 140
5.880000 18 140
5.920000 14 142
5.960000 11 143
6.000000 8 143
6.080000 2 144
6.120000 2 143
6.160000 2 140
