2.840000 320 109
2.880000 320 108
2.920000 311 110
2.960000 307 113
3.000000 303 113
3.040000 299 113
3.080000 295 113
3.120000 292 113
3.160000 290 113
3.200000 288 113
3.240000 283 112
3.280000 281 109
3.320000 277 108
3.360000 273 108
3.400000 268 109
3.440000 263 111
3.480000 259 112
3.520000 257 113
3.560000 252 113
3.600000 247 113
3.640000 244 112
3.680000 241 113
3.720000 237 112
3.760000 235 109
3.800000 231 108
3.840000 226 108
3.880000 221 109
3.920000 217 109
3.960000 213 111
4.000000 209 110
4.040000 204 109
4.080000 199 109
4.120000 198 113
4.160000 194 111
4.200000 190 111
4.240000 186 109
4.280000 183 108
4.320000 179 108
4.360000 173 108
4.400000 169 109
4.440000 164 109
4.480000 159 111
4.520000 156 111
4.560000 153 112
4.600000 148 112
4.640000 144 112
4.680000 140 109
4.720000 136 109
4.760000 132 108
4.800000 128 106
4.840000 123 106
4.880000 118 107
4.920000 112 108
4.960000 107 108
5.000000 103 108
5.040000 101 111
5.080000 99 112
5.120000 91 111
5.160000 88 109
5.200000 85 109
5.240000 81 108
5.280000 76 108
5.320000 71 108
5.360000 68 108
5.400000 64 108
5.440000 60 109
5.480000 57 111
5.520000 54 113
5.560000 49 111
5.600000 47 110
5.640000 44 108
5.680000 40 108
5.720000 38 108
5.760000 33 108
5.800000 29 108
5.840000 23 108
5.880000 19 108
5.920000 16 109
5.960000 13 111
6.000000 11 111
6.040000 7 111
6.120000 2 111
6.160000 2 110
6.200000 2 108
