2.840000 304 113
2.880000 299 113
2.920000 297 115
2.960000 294 116
3.000000 291 115
3.040000 288 117
3.080000 288 117
3.240000 273 113
3.280000 268 115
3.320000 266 117
3.360000 261 117
3.480000 249 114
3.680000 235 113
3.720000 227 114
3.760000 222 114
3.800000 217 114
3.840000 211 113
3.880000 207 113
3.920000 205 114
3.960000 201 114
4.000000 199 114
4.040000 195 113
4.200000 179 112
4.680000 132 111
4.720000 127 113
4.760000 119 113
4.800000 112 113
4.840000 108 113
4.880000 105 113
4.920000 101 113
4.960000 98 113
5.280000 86 109
5.320000 85 109
5.360000 81 109
5.400000 76 109
5.440000 70 109
5.720000 27 113
5.760000 23 113
5.800000 19 114
6.120000 10 112
