0.000000 320 117
0.040000 320 117
0.080000 320 117
0.120000 320 117
0.160000 320 117
0.200000 320 117
0.240000 320 117
0.280000 320 117
0.320000 320 117
0.360000 320 117
0.400000 320 117
0.440000 320 117
0.480000 320 117
0.520000 320 117
0.560000 320 117
0.600000 320 117
0.640000 320 117
0.680000 320 117
0.720000 320 117
0.760000 320 117
0.800000 320 117
0.840000 320 117
0.880000 320 117
0.920000 320 117
0.960000 320 117
1.000000 320 117
1.040000 320 117
1.080000 320 117
1.120000 320 117
1.160000 320 117
1.200000 320 117
1.240000 320 117
1.280000 320 117
1.320000 320 117
1.360000 320 117
1.400000 320 117
1.440000 320 117
1.480000 320 117
1.520000 320 116
1.560000 314 117
1.600000 310 117
1.640000 307 115
1.680000 303 115
1.720000 300 117
1.760000 298 115
1.800000 293 114
1.840000 288 114
1.880000 283 113
1.920000 278 114
1.960000 273 116
2.000000 271 117
2.040000 265 113
2.080000 262 114
2.120000 259 116
2.160000 257 115
2.200000 252 115
2.240000 249 115
2.280000 246 113
2.320000 241 111
2.360000 235 112
2.400000 229 113
2.440000 220 115
2.480000 220 114
2.520000 214 115
2.560000 209 115
2.600000 205 116
2.640000 195 114
2.680000 190 113
2.720000 189 113
2.760000 183 113
2.800000 179 113
2.840000 174 111
2.880000 168 111
2.920000 162 113
2.960000 155 111
3.000000 151 113
3.040000 149 113
3.080000 144 114
3.120000 141 115
3.160000 138 115
3.200000 134 113
3.240000 131 113
3.280000 127 109
3.320000 118 109
3.360000 116 109
3.400000 110 110
3.440000 105 111
3.480000 100 113
3.520000 95 114
3.560000 90 115
3.600000 85 114
3.640000 81 114
3.680000 75 114
3.720000 70 113
3.760000 71 113
3.800000 62 113
3.840000 56 112
3.880000 55 112
3.920000 46 113
3.960000 43 113
4.000000 39 113
4.040000 38 113
4.080000 33 114
4.120000 29 114
4.160000 26 113
4.200000 23 113
4.240000 21 113
4.280000 17 113
4.320000 12 111
4.360000 7 112
4.400000 2 111
4.440000 2 113
4.480000 2 113
4.520000 2 113
4.560000 2 113
4.600000 2 113
4.640000 2 113
4.680000 2 113
4.720000 2 113
4.760000 2 113
4.800000 2 113
4.840000 2 113
