0.000000 320 119
0.040000 320 119
0.080000 320 119
0.120000 320 119
0.160000 320 119
0.200000 320 119
0.240000 320 119
0.280000 320 119
0.320000 320 119
0.360000 320 119
0.400000 320 119
0.440000 320 119
0.480000 320 119
0.520000 320 119
0.560000 320 119
0.600000 320 119
0.640000 320 119
0.680000 320 119
0.720000 320 119
0.760000 320 119
0.800000 320 119
0.840000 320 119
0.880000 320 119
0.920000 320 119
0.960000 320 119
1.000000 320 119
1.040000 320 119
1.080000 320 119
1.120000 320 119
1.160000 320 119
1.200000 320 119
1.240000 320 119
1.280000 320 119
1.320000 320 119
1.360000 320 119
1.400000 320 119
1.440000 320 119
1.480000 320 118
1.520000 315 116
1.560000 312 118
1.600000 307 118
1.640000 303 115
1.680000 299 116
1.720000 298 117
1.760000 294 115
1.800000 290 115
1.840000 286 115
1.880000 282 114
1.920000 277 115
1.960000 272 116
2.000000 267 117
2.040000 262 114
2.080000 258 115
2.120000 256 117
2.160000 252 117
2.200000 248 117
2.240000 244 116
2.280000 241 114
2.320000 235 111
2.360000 231 113
2.400000 225 113
2.440000 221 116
2.480000 215 114
2.520000 210 115
2.560000 206 116
2.600000 203 117
2.640000 195 114
2.680000 192 113
2.720000 189 113
2.760000 184 113
2.800000 180 113
2.840000 174 112
2.880000 168 112
2.920000 163 113
2.960000 158 111
3.000000 151 113
3.040000 148 113
3.080000 147 115
3.120000 143 116
3.160000 138 116
3.200000 132 113
3.240000 127 113
3.280000 123 109
3.320000 120 111
3.360000 112 109
3.400000 107 110
3.440000 102 111
3.480000 100 113
3.520000 95 114
3.560000 91 115
3.600000 88 115
3.640000 85 115
3.680000 81 115
3.720000 75 115
3.760000 68 113
3.800000 65 113
3.840000 60 113
3.880000 53 111
3.920000 49 113
3.960000 47 113
4.000000 43 113
4.040000 39 113
4.080000 36 115
4.120000 32 115
4.160000 29 114
4.200000 25 114
4.240000 23 113
4.280000 19 113
4.320000 14 112
4.360000 9 113
4.400000 6 111
4.440000 2 113
4.480000 2 113
4.520000 2 113
4.560000 2 113
4.600000 2 113
4.640000 2 113
4.680000 2 113
4.720000 2 113
4.760000 2 113
4.800000 2 113
4.840000 2 113
