0.000000 315 134
0.040000 315 134
0.080000 315 134
0.120000 315 134
0.160000 315 134
0.200000 315 134
0.240000 315 134
0.280000 315 134
0.320000 315 134
0.360000 315 134
0.400000 315 134
0.440000 315 134
0.480000 315 134
0.520000 315 134
0.560000 315 134
0.600000 315 134
0.640000 315 134
0.680000 315 134
0.720000 315 134
0.760000 315 134
0.800000 315 134
0.840000 315 134
0.880000 315 134
0.920000 315 134
0.960000 315 134
1.000000 315 134
1.040000 315 134
1.080000 315 134
1.120000 315 134
1.160000 315 134
1.200000 315 134
1.240000 315 134
1.280000 315 134
1.320000 315 134
1.360000 315 134
1.400000 315 134
1.440000 315 134
1.480000 315 134
1.520000 310 133
1.560000 308 133
1.600000 302 133
1.640000 297 134
1.680000 292 134
1.720000 288 134
1.760000 283 134
1.800000 278 134
1.840000 274 134
1.880000 271 134
1.920000 267 134
1.960000 266 133
2.000000 257 132
2.040000 255 132
2.080000 253 132
2.120000 251 132
2.160000 246 133
2.200000 241 132
2.240000 235 130
2.280000 230 133
2.320000 225 132
2.360000 221 133
2.400000 215 133
2.440000 210 132
2.480000 205 131
2.520000 200 132
2.560000 199 133
2.600000 194 133
2.640000 190 130
2.680000 188 133
2.720000 181 133
2.760000 175 132
2.800000 170 130
2.840000 165 130
2.880000 162 131
2.920000 153 127
2.960000 149 128
3.000000 146 129
3.040000 142 130
3.080000 139 131
3.120000 135 132
3.160000 127 130
3.200000 121 130
3.240000 116 132
3.280000 109 131
3.320000 105 130
3.360000 101 130
3.400000 96 132
3.440000 92 132
3.480000 86 131
3.520000 85 132
3.560000 84 132
3.600000 83 132
3.640000 83 132
3.680000 82 132
3.720000 81 132
3.760000 65 129
3.800000 63 128
3.840000 60 126
3.880000 55 129
3.920000 52 130
3.960000 49 130
4.000000 46 130
4.040000 43 130
4.080000 40 130
4.120000 37 130
4.160000 34 130
4.200000 31 130
4.240000 28 130
4.280000 25 130
4.320000 23 130
4.360000 18 129
4.400000 15 128
4.440000 8 129
4.480000 8 129
4.520000 8 129
4.560000 8 129
4.600000 8 129
4.640000 8 129
4.680000 8 129
4.720000 8 129
4.760000 8 129
4.800000 8 129
4.840000 8 129
