0.000000 314 91
0.040000 314 91
0.080000 314 91
0.120000 314 91
0.160000 314 91
0.200000 314 91
0.240000 314 91
0.280000 314 91
0.320000 314 91
0.360000 314 91
0.400000 314 91
0.440000 314 91
0.480000 314 91
0.520000 314 91
0.560000 314 91
0.600000 314 91
0.640000 314 91
0.680000 314 91
0.720000 314 91
0.760000 314 91
0.800000 314 91
0.840000 314 91
0.880000 314 91
0.920000 314 91
0.960000 314 91
1.000000 314 91
1.040000 314 91
1.080000 314 91
1.120000 314 91
1.160000 314 91
1.200000 314 91
1.240000 314 91
1.280000 314 91
1.320000 314 91
1.360000 314 91
1.400000 314 91
1.440000 310 93
1.480000 306 90
1.520000 304 92
1.560000 303 92
1.600000 299 91
1.640000 302 91
1.680000 301 92
1.720000 299 91
1.760000 299 88
1.800000 296 87
1.840000 293 90
1.880000 288 87
1.920000 282 90
1.960000 273 89
2.000000 266 89
2.040000 260 87
2.080000 251 91
2.120000 242 92
2.160000 236 93
2.200000 232 93
2.240000 227 91
2.280000 223 87
2.320000 217 85
2.360000 214 87
2.400000 210 86
2.440000 227 87
2.480000 201 87
2.520000 199 87
2.560000 199 87
2.600000 196 87
2.640000 197 87
2.680000 196 87
2.720000 195 86
2.760000 194 83
2.800000 190 85
2.840000 186 86
2.880000 181 87
2.920000 174 87
2.960000 164 87
3.000000 156 87
3.040000 140 86
3.080000 142 87
3.120000 140 88
3.160000 124 91
3.200000 118 90
3.240000 113 87
3.280000 109 85
3.320000 132 82
3.360000 101 83
3.400000 95 84
3.440000 91 85
3.480000 89 87
3.520000 87 86
3.560000 85 85
3.600000 86 87
3.640000 85 87
3.680000 84 87
3.720000 81 87
3.760000 54 85
3.800000 77 85
3.840000 75 84
3.880000 42 84
3.920000 60 87
3.960000 54 87
4.000000 44 87
4.040000 39 87
4.080000 34 87
4.120000 31 91
4.160000 19 91
4.200000 16 88
4.240000 13 87
4.280000 24 85
4.320000 23 84
4.360000 18 84
4.400000 13 85
4.440000 1 85
4.480000 1 85
4.520000 1 85
4.560000 1 85
4.600000 1 85
4.640000 1 85
4.680000 1 85
4.720000 1 85
4.760000 1 85
4.800000 1 85
4.840000 1 85
