1.520000 310 149
1.560000 306 152
1.600000 301 153
1.640000 298 153
1.680000 294 154
1.720000 290 154
1.760000 286 155
1.800000 283 155
1.840000 277 155
1.880000 273 154
1.920000 268 154
1.960000 265 154
2.000000 260 153
2.040000 256 152
2.080000 251 153
2.120000 246 154
2.160000 242 155
2.200000 237 156
2.240000 234 156
2.280000 230 156
2.320000 225 156
2.360000 221 155
2.400000 216 154
2.440000 211 154
2.480000 207 152
2.520000 201 154
2.560000 196 154
2.600000 192 154
2.640000 190 155
2.680000 184 155
2.720000 179 155
2.760000 174 156
2.800000 169 155
2.840000 165 155
2.880000 161 154
2.920000 156 154
2.960000 153 154
3.000000 147 153
3.040000 144 154
3.080000 140 154
3.120000 132 155
3.160000 127 155
3.200000 123 155
3.240000 118 155
3.280000 115 155
3.320000 116 155
3.360000 111 154
3.400000 107 154
3.440000 102 154
3.480000 97 153
3.520000 92 154
3.560000 90 154
3.600000 85 155
3.640000 81 155
3.680000 78 155
3.720000 73 155
3.760000 66 154
3.800000 64 154
3.840000 59 153
3.880000 55 153
3.920000 51 152
3.960000 48 150
4.000000 43 150
4.040000 38 154
4.080000 34 154
4.120000 30 154
4.160000 28 154
4.200000 25 154
4.240000 23 151
4.280000 19 150
4.320000 16 150
4.360000 12 149
4.400000 8 149
