0.000000 315 155
0.040000 315 155
0.080000 315 155
0.120000 315 155
0.160000 315 155
0.200000 315 155
0.240000 315 155
0.280000 315 155
0.320000 315 155
0.360000 315 155
0.400000 315 155
0.440000 315 155
0.480000 315 155
0.520000 315 155
0.560000 315 155
0.600000 315 155
0.640000 315 155
0.680000 315 155
0.720000 315 155
0.760000 315 155
0.800000 315 155
0.840000 315 155
0.880000 315 155
0.920000 315 155
0.960000 315 155
1.000000 315 155
1.040000 315 155
1.080000 315 155
1.120000 315 155
1.160000 315 155
1.200000 315 155
1.240000 315 155
1.280000 315 155
1.320000 315 155
1.360000 315 155
1.400000 315 155
1.440000 315 155
1.480000 315 158
1.520000 314 159
1.560000 313 159
1.600000 309 159
1.640000 305 159
1.680000 303 159
1.720000 299 159
1.760000 295 159
1.800000 292 157
1.840000 288 156
1.880000 283 156
1.920000 278 157
1.960000 273 158
2.000000 269 158
2.040000 266 159
2.080000 261 159
2.120000 257 159
2.160000 252 159
2.200000 248 159
2.240000 246 159
2.280000 241 156
2.320000 236 156
2.360000 231 156
2.400000 225 158
2.440000 221 158
2.480000 216 159
2.520000 211 159
2.560000 208 159
2.600000 204 159
2.640000 199 160
2.680000 195 159
2.720000 190 159
2.760000 184 159
2.800000 181 159
2.840000 176 157
2.880000 170 156
2.920000 164 157
2.960000 160 158
3.000000 155 159
3.040000 151 159
3.080000 147 159
3.120000 141 158
3.160000 136 159
3.200000 132 159
3.240000 127 159
3.280000 121 157
3.320000 118 156
3.360000 111 155
3.400000 107 155
3.440000 102 155
3.480000 96 156
3.520000 92 157
3.560000 90 159
3.600000 85 159
3.640000 81 159
3.680000 77 159
3.720000 73 158
3.760000 69 156
3.800000 65 155
3.840000 60 154
3.880000 55 154
3.920000 49 154
3.960000 46 155
4.000000 42 155
4.040000 36 156
4.080000 32 155
4.120000 28 155
4.160000 23 155
4.200000 19 155
4.240000 16 154
4.280000 12 154
4.320000 7 153
4.360000 1 154
4.400000 2 154
4.440000 2 154
4.480000 2 154
4.520000 2 154
4.560000 2 154
4.600000 2 154
4.640000 2 154
4.680000 2 154
4.720000 2 154
4.760000 2 154
4.800000 2 154
4.840000 2 154
4.880000 2 154
4.920000 2 154
4.960000 2 154
5.000000 2 154
5.040000 2 154
5.080000 2 154
