0.000000 308 93
0.040000 308 93
0.080000 308 93
0.120000 308 93
0.160000 308 93
0.200000 308 93
0.240000 308 93
0.280000 308 93
0.320000 308 93
0.360000 308 93
0.400000 308 93
0.440000 308 93
0.480000 308 93
0.520000 308 93
0.560000 308 93
0.600000 308 93
0.640000 308 93
0.680000 308 93
0.720000 308 93
0.760000 308 93
0.800000 308 93
0.840000 308 93
0.880000 308 93
0.920000 308 93
0.960000 308 93
1.000000 308 93
1.040000 308 93
1.080000 308 93
1.120000 308 93
1.160000 308 93
1.200000 308 93
1.240000 308 93
1.280000 308 93
1.320000 308 93
1.360000 308 93
1.400000 308 93
1.440000 304 88
1.480000 301 87
1.520000 299 89
1.560000 297 89
1.600000 295 91
1.640000 293 93
1.680000 284 93
1.720000 293 92
1.760000 290 90
1.800000 288 88
1.840000 284 89
1.880000 281 91
1.920000 274 92
1.960000 267 90
2.000000 257 90
2.040000 252 87
2.080000 244 90
2.120000 237 92
2.160000 231 93
2.200000 226 93
2.240000 221 92
2.280000 219 89
2.320000 239 87
2.360000 236 87
2.400000 207 87
2.440000 204 87
2.480000 200 87
2.520000 199 87
2.560000 195 87
2.600000 194 87
2.640000 194 91
2.680000 192 92
2.720000 190 89
2.760000 188 88
2.800000 184 89
2.840000 182 87
2.880000 178 87
2.920000 172 87
2.960000 163 89
3.000000 153 87
3.040000 145 87
3.080000 137 87
3.120000 129 91
3.160000 122 91
3.200000 116 91
3.240000 112 90
3.280000 108 87
3.320000 106 86
3.360000 101 87
3.400000 96 87
3.440000 92 87
3.480000 96 86
3.520000 86 85
3.560000 84 87
3.600000 85 88
3.640000 84 89
3.680000 81 89
3.720000 80 87
3.760000 77 87
3.800000 52 87
3.840000 70 87
3.880000 66 87
3.920000 59 87
3.960000 50 87
4.000000 38 87
4.040000 34 87
4.080000 31 89
4.120000 30 92
4.160000 19 93
4.200000 13 91
4.240000 12 90
4.280000 9 87
4.320000 7 89
4.360000 2 89
4.400000 1 88
4.440000 2 85
4.480000 2 85
4.520000 2 85
4.560000 2 85
4.600000 2 85
4.640000 2 85
4.680000 2 85
4.720000 2 85
4.760000 2 85
4.800000 2 85
4.840000 2 85
4.880000 2 85
4.920000 2 85
4.960000 2 85
5.000000 2 85
5.040000 2 85
5.080000 2 85
