1.800000 299 57
1.840000 300 56
1.880000 301 57
1.920000 301 57
1.960000 302 58
2.000000 301 59
2.040000 301 58
2.080000 301 59
2.120000 302 59
2.160000 301 60
2.200000 300 61
2.240000 299 65
2.280000 295 67
2.320000 288 67
2.360000 279 70
2.400000 251 56
2.440000 253 57
2.480000 241 56
2.520000 225 54
2.560000 210 52
2.600000 202 52
2.640000 200 51
2.680000 200 50
2.720000 202 50
2.760000 203 51
2.800000 203 51
2.840000 204 51
2.880000 205 52
2.920000 204 51
2.960000 204 51
3.000000 204 52
3.040000 205 52
3.080000 204 53
3.120000 203 56
3.160000 199 61
3.200000 193 65
3.240000 182 65
3.280000 171 64
3.320000 157 61
3.360000 143 51
3.400000 125 51
3.440000 111 50
3.480000 100 51
3.520000 95 51
3.560000 95 50
3.600000 96 50
3.640000 95 50
3.680000 96 50
3.720000 120 66
3.760000 97 51
3.800000 97 51
3.840000 96 51
3.880000 96 51
3.920000 97 51
3.960000 97 52
4.000000 50 56
4.040000 94 58
4.080000 87 62
4.120000 81 65
4.160000 74 64
4.200000 60 66
4.240000 47 56
4.280000 34 56
4.320000 21 56
4.360000 10 57
4.400000 6 56
