1.760000 308 135
1.800000 305 134
1.840000 303 134
1.880000 299 133
1.920000 298 134
2.120000 278 134
2.160000 273 133
2.200000 268 134
2.240000 264 134
2.280000 260 134
2.440000 245 135
2.480000 238 134
2.520000 231 134
2.560000 225 134
2.600000 220 134
2.640000 215 133
2.680000 210 133
2.720000 207 133
2.760000 203 133
2.800000 200 133
2.840000 196 132
3.000000 175 135
3.040000 170 135
3.080000 184 135
3.120000 179 134
3.160000 173 134
3.200000 151 131
3.320000 157 144
3.360000 153 144
3.400000 132 134
3.440000 127 133
3.480000 118 133
3.520000 113 132
3.560000 108 132
3.600000 105 132
3.640000 101 133
3.680000 96 130
3.760000 102 139
3.880000 90 136
3.920000 86 135
3.960000 83 134
4.000000 76 135
4.040000 74 134
4.080000 66 134
4.120000 60 134
4.160000 58 133
4.280000 44 139
4.320000 40 139
4.360000 33 133
4.400000 33 135
4.440000 29 133
4.480000 23 133
4.520000 19 134
4.560000 15 137
4.640000 7 137
