1.880000 320 71
1.920000 320 71
1.960000 310 74
2.000000 295 63
2.040000 283 61
2.080000 270 58
2.120000 260 59
2.160000 255 59
2.200000 252 56
2.240000 252 55
2.280000 252 56
2.320000 252 56
2.360000 253 56
2.400000 252 56
2.440000 257 61
2.480000 253 56
2.520000 253 56
2.560000 253 56
2.600000 253 57
2.640000 252 58
2.680000 251 61
2.720000 247 65
2.760000 241 67
2.800000 229 70
2.840000 218 67
2.880000 203 58
2.920000 188 58
2.960000 174 56
3.000000 162 54
3.040000 153 56
3.080000 150 54
3.120000 149 51
3.160000 149 51
3.200000 148 52
3.240000 149 51
3.280000 148 52
3.320000 153 52
3.360000 153 52
3.400000 150 52
3.440000 150 52
3.480000 149 52
3.520000 149 54
3.560000 148 56
3.600000 147 60
3.640000 140 65
3.680000 131 67
3.720000 121 66
3.760000 107 65
3.800000 91 58
3.840000 79 57
3.880000 66 56
3.920000 55 56
3.960000 51 56
4.000000 97 55
4.040000 51 55
4.080000 50 55
4.120000 50 55
4.160000 50 55
4.200000 49 56
4.240000 53 56
4.280000 50 56
4.320000 50 55
4.360000 50 56
4.400000 50 56
4.440000 49 56
4.480000 48 59
4.520000 44 62
4.560000 38 67
4.640000 18 67
