1.160000 290 67
1.200000 320 57
1.240000 320 65
1.280000 320 68
1.320000 320 69
1.360000 314 72
1.400000 304 72
1.440000 292 67
1.480000 283 63
1.520000 271 63
1.560000 257 60
1.600000 247 60
1.640000 240 61
1.680000 236 59
1.720000 236 58
1.760000 234 57
1.800000 234 57
1.840000 234 56
1.880000 234 57
1.920000 234 56
1.960000 234 57
2.000000 234 58
2.040000 234 57
2.080000 233 57
2.120000 233 59
2.160000 232 59
2.200000 231 61
2.240000 229 61
2.280000 225 65
2.320000 217 67
2.360000 208 71
2.400000 198 71
2.440000 183 68
2.480000 175 62
2.520000 164 61
2.560000 149 60
2.600000 137 57
2.640000 127 58
2.680000 123 58
2.720000 122 56
2.760000 122 56
2.800000 122 56
2.840000 122 56
2.880000 122 56
2.920000 122 56
2.960000 122 57
3.000000 121 58
3.040000 121 57
3.080000 121 57
3.120000 121 58
3.160000 120 60
3.200000 118 61
3.240000 115 62
3.280000 110 66
3.320000 101 69
3.360000 91 69
3.400000 81 69
3.440000 71 65
3.480000 60 61
3.520000 49 59
3.560000 38 58
3.600000 28 59
3.640000 23 59
3.680000 23 59
3.720000 23 58
3.760000 22 58
3.800000 22 59
3.840000 22 58
3.880000 22 59
3.920000 22 59
3.960000 22 59
4.000000 19 61
4.040000 20 61
4.120000 19 60
4.160000 19 61
4.200000 18 61
