1.880000 320 58
1.920000 320 58
1.960000 320 57
2.000000 316 58
2.040000 316 61
2.080000 314 60
2.120000 308 61
2.160000 297 61
2.200000 283 61
2.240000 267 57
2.280000 252 56
2.320000 235 56
2.360000 220 60
2.400000 210 65
2.440000 203 65
2.480000 199 61
2.520000 199 58
2.560000 198 56
2.600000 198 56
2.640000 199 56
2.680000 199 56
2.720000 198 56
2.760000 197 56
2.800000 197 56
2.840000 198 56
2.880000 197 56
2.920000 197 55
2.960000 196 55
3.000000 197 54
3.040000 195 56
3.080000 185 58
3.120000 173 59
3.160000 158 57
3.200000 136 57
3.240000 124 56
3.280000 106 56
3.320000 90 59
3.360000 82 65
3.400000 73 66
3.440000 71 61
3.480000 70 57
3.520000 70 56
3.560000 70 56
3.600000 70 56
3.640000 70 55
3.680000 70 56
3.720000 69 56
3.760000 69 56
3.800000 69 54
3.840000 69 54
3.880000 69 54
3.920000 69 54
3.960000 69 52
4.000000 66 54
4.040000 60 59
4.080000 51 58
4.120000 38 60
4.160000 23 61
4.200000 13 56
4.280000 2 61
