1.880000 320 60
1.920000 320 61
1.960000 320 59
2.000000 320 62
2.040000 320 65
2.080000 320 66
2.120000 314 76
2.160000 307 76
2.200000 294 72
2.240000 282 67
2.280000 268 61
2.320000 251 57
2.360000 236 56
2.400000 224 56
2.440000 216 57
2.480000 215 56
2.520000 214 56
2.560000 215 56
2.600000 215 56
2.640000 215 56
2.680000 215 56
2.720000 215 56
2.760000 215 56
2.800000 215 56
2.840000 215 56
2.880000 215 56
2.920000 215 57
2.960000 213 60
3.000000 210 66
3.040000 204 71
3.080000 194 72
3.120000 182 72
3.160000 170 70
3.200000 157 65
3.240000 142 59
3.280000 123 56
3.320000 107 55
3.360000 95 56
3.400000 87 56
3.440000 86 56
3.480000 86 55
3.520000 86 54
3.560000 86 55
3.600000 86 55
3.640000 86 56
3.680000 86 56
3.720000 86 56
3.760000 86 56
3.800000 86 56
3.840000 86 56
3.880000 85 57
3.920000 85 59
3.960000 81 63
4.000000 75 68
4.040000 66 72
4.080000 58 73
4.120000 48 72
4.160000 38 70
4.200000 25 63
4.240000 12 61
4.280000 1 61
