1.840000 320 127
1.880000 320 122
1.920000 320 119
1.960000 312 119
2.000000 306 120
2.040000 299 120
2.080000 294 119
2.120000 288 120
2.160000 283 123
2.200000 278 125
2.240000 273 126
2.280000 268 126
2.320000 262 124
2.360000 257 124
2.400000 253 122
2.440000 248 120
2.480000 242 119
2.520000 236 119
2.560000 229 122
2.600000 224 123
2.640000 220 123
2.680000 215 124
2.720000 211 124
2.760000 207 123
2.800000 201 124
2.840000 197 123
2.880000 190 122
2.920000 185 120
2.960000 179 119
3.000000 173 119
3.040000 165 119
3.080000 159 119
3.120000 153 122
3.160000 147 124
3.200000 140 125
3.240000 136 124
3.280000 130 124
3.320000 125 123
3.360000 121 122
3.400000 115 120
3.440000 108 119
3.480000 101 119
3.520000 95 119
3.560000 91 121
3.600000 86 123
3.640000 84 124
3.680000 79 124
3.720000 75 124
3.760000 69 123
3.800000 64 122
3.840000 60 121
3.880000 55 119
3.920000 50 119
3.960000 44 119
4.000000 38 119
4.040000 37 119
4.080000 29 121
4.120000 23 122
4.160000 19 124
4.200000 16 124
4.240000 12 124
4.280000 8 123
4.320000 1 123
4.360000 2 122
4.400000 2 121
4.440000 2 123
