1.880000 309 128
1.920000 297 128
1.960000 292 129
2.000000 286 129
2.040000 281 128
2.080000 278 126
2.120000 277 124
2.160000 278 124
2.200000 271 125
2.240000 275 128
2.280000 273 125
2.320000 244 133
2.360000 235 132
2.400000 228 133
2.440000 263 122
2.480000 258 119
2.520000 252 119
2.560000 242 118
2.600000 233 120
2.640000 225 123
2.680000 209 125
2.720000 205 127
2.760000 198 126
2.800000 184 124
2.840000 175 128
2.880000 167 128
2.920000 159 128
2.960000 153 128
3.000000 147 126
3.040000 143 124
3.080000 141 123
3.120000 140 123
3.160000 138 123
3.200000 136 126
3.240000 126 129
3.280000 114 129
3.320000 107 132
3.360000 101 133
3.400000 95 133
3.440000 90 133
3.480000 84 130
3.520000 81 129
3.560000 81 128
3.600000 86 123
3.640000 81 124
3.680000 73 123
3.720000 62 123
3.760000 54 124
3.800000 45 124
3.840000 38 124
3.880000 33 124
3.920000 28 125
3.960000 23 126
4.000000 21 124
4.040000 45 119
4.080000 18 124
4.120000 15 123
4.160000 14 124
4.200000 12 126
4.240000 8 125
4.280000 7 124
4.320000 2 125
4.360000 2 124
