1.840000 312 180
1.880000 308 178
1.920000 303 180
1.960000 297 178
2.000000 292 178
2.040000 287 178
2.080000 282 180
2.120000 277 180
2.160000 271 180
2.200000 267 181
2.240000 262 182
2.280000 257 182
2.320000 252 181
2.360000 247 181
2.400000 242 180
2.440000 236 180
2.480000 231 180
2.520000 226 180
2.560000 220 180
2.600000 215 180
2.640000 210 181
2.680000 205 182
2.720000 199 184
2.760000 194 185
2.800000 189 184
2.840000 183 182
2.880000 177 182
2.920000 171 180
2.960000 164 180
3.000000 158 180
3.040000 153 180
3.080000 148 180
3.120000 143 181
3.160000 137 182
3.200000 132 183
3.240000 127 182
3.280000 121 182
3.320000 116 181
3.360000 111 180
3.400000 105 180
3.440000 99 178
3.480000 94 178
3.520000 88 179
3.560000 82 178
3.600000 77 179
3.640000 71 180
3.680000 66 180
3.720000 62 180
3.760000 58 180
3.800000 53 180
3.840000 49 179
3.880000 43 176
3.920000 38 176
3.960000 33 176
4.000000 29 176
4.040000 25 176
4.080000 21 176
4.120000 18 176
4.160000 13 177
4.200000 9 177
4.240000 6 176
4.280000 2 176
4.320000 2 176
4.440000 2 175
