1.840000 314 165
1.880000 312 165
1.920000 308 163
1.960000 303 163
2.000000 298 163
2.040000 293 163
2.080000 288 163
2.120000 283 164
2.160000 278 165
2.200000 275 166
2.240000 268 166
2.280000 262 167
2.320000 266 169
2.360000 262 167
2.400000 255 165
2.440000 246 165
2.480000 239 164
2.520000 232 164
2.560000 227 165
2.600000 221 165
2.640000 216 165
2.680000 213 167
2.720000 206 169
2.760000 202 169
2.800000 197 169
2.840000 191 167
2.880000 189 167
2.920000 183 165
2.960000 174 165
3.000000 170 165
3.040000 164 165
3.080000 157 165
3.120000 153 165
3.160000 149 169
3.200000 146 170
3.240000 138 169
3.280000 136 169
3.320000 130 169
3.360000 123 166
3.400000 119 165
3.440000 113 165
3.480000 107 165
3.520000 101 165
3.560000 96 165
3.600000 88 165
3.640000 81 165
3.680000 79 167
3.720000 75 168
3.760000 74 165
3.800000 70 165
3.840000 64 163
3.880000 60 160
3.920000 54 160
3.960000 49 159
4.000000 44 160
4.040000 29 160
4.080000 31 163
4.120000 32 163
4.160000 28 165
4.200000 23 165
4.240000 20 165
4.280000 17 165
4.320000 13 161
4.360000 8 160
