0.000000 320 143
0.040000 320 143
0.080000 320 143
0.120000 320 143
0.160000 320 143
0.200000 320 143
0.240000 320 143
0.280000 320 143
0.320000 320 143
0.360000 320 143
0.400000 320 143
0.440000 320 143
0.480000 320 143
0.520000 320 143
0.560000 320 143
0.600000 320 143
0.640000 320 143
0.680000 320 143
0.720000 320 143
0.760000 320 143
0.800000 320 143
0.840000 320 143
0.880000 320 143
0.920000 320 143
0.960000 320 143
1.000000 320 143
1.040000 320 143
1.080000 320 143
1.120000 320 143
1.160000 320 143
1.200000 320 143
1.240000 320 143
1.280000 320 143
1.320000 320 143
1.360000 320 143
1.400000 320 143
1.440000 320 143
1.480000 320 143
1.520000 320 143
1.560000 320 143
1.600000 320 143
1.640000 320 143
1.680000 320 143
1.720000 320 143
1.760000 320 143
1.800000 320 143
1.840000 320 143
1.880000 320 143
1.920000 311 139
1.960000 308 138
2.000000 303 139
2.040000 297 139
2.080000 291 139
2.120000 286 139
2.160000 283 143
2.200000 277 144
2.240000 275 145
2.280000 273 145
2.320000 257 146
2.360000 249 145
2.400000 244 144
2.440000 258 143
2.480000 253 141
2.520000 247 140
2.560000 240 140
2.600000 233 143
2.640000 221 143
2.680000 215 144
2.720000 210 145
2.760000 204 144
2.800000 197 142
2.840000 190 141
2.880000 182 139
2.920000 175 139
2.960000 169 139
3.000000 163 139
3.040000 158 139
3.080000 153 139
3.120000 149 140
3.160000 145 144
3.200000 142 145
3.240000 136 145
3.280000 127 144
3.320000 121 144
3.360000 116 144
3.400000 110 142
3.440000 106 142
3.480000 99 139
3.520000 94 140
3.560000 92 141
3.600000 90 143
3.640000 86 144
3.680000 79 143
3.720000 71 141
3.760000 64 142
3.800000 55 140
3.840000 49 139
3.880000 44 139
3.920000 39 138
3.960000 34 139
4.000000 30 139
4.040000 42 139
4.080000 28 140
4.120000 23 139
4.160000 18 143
4.200000 17 143
4.240000 12 143
4.280000 7 142
4.320000 2 140
4.360000 2 139
4.400000 2 139
4.440000 2 139
4.480000 2 139
4.520000 2 139
4.560000 2 139
4.600000 2 139
4.640000 2 139
4.680000 2 139
4.720000 2 139
4.760000 2 139
4.800000 2 139
4.840000 2 139
4.880000 2 139
4.920000 2 139
4.960000 2 139
5.000000 2 139
5.040000 2 139
5.080000 2 139
5.120000 2 139
5.160000 2 139
5.200000 2 139
5.240000 2 139
5.280000 2 139
5.320000 2 139
5.360000 2 139
5.400000 2 139
5.440000 2 139
5.480000 2 139
