0.000000 314 71
0.040000 314 71
0.080000 314 71
0.120000 314 71
0.160000 314 71
0.200000 314 71
0.240000 314 71
0.280000 314 71
0.320000 314 71
0.360000 314 71
0.400000 314 71
0.440000 314 71
0.480000 314 71
0.520000 314 71
0.560000 314 71
0.600000 314 71
0.640000 314 71
0.680000 314 71
0.720000 314 71
0.760000 314 71
0.800000 314 71
0.840000 314 71
0.880000 314 71
0.920000 314 71
0.960000 314 71
1.000000 314 71
1.040000 314 71
1.080000 314 71
1.120000 314 71
1.160000 314 71
1.200000 314 71
1.240000 314 71
1.280000 314 71
1.320000 314 71
1.360000 314 71
1.400000 314 71
1.440000 314 71
1.480000 314 71
1.520000 314 71
1.560000 314 71
1.600000 314 71
1.640000 314 71
1.680000 314 71
1.720000 314 71
1.760000 314 71
1.800000 314 71
1.840000 302 67
1.880000 288 67
1.920000 278 66
1.960000 273 65
2.000000 272 63
2.040000 272 65
2.080000 272 63
2.120000 271 63
2.160000 271 63
2.200000 271 64
2.240000 268 66
2.280000 272 65
2.320000 272 64
2.360000 272 64
2.400000 271 64
2.440000 271 65
2.480000 269 67
2.520000 266 68
2.560000 260 72
2.600000 251 76
2.640000 240 77
2.680000 229 72
2.720000 216 72
2.760000 199 66
2.800000 184 65
2.840000 169 63
2.880000 157 65
2.920000 149 63
2.960000 148 61
3.000000 147 60
3.040000 147 61
3.080000 147 60
3.120000 146 60
3.160000 145 61
3.200000 145 61
3.240000 147 61
3.280000 147 61
3.320000 146 61
3.360000 145 61
3.400000 144 61
3.440000 143 62
3.480000 140 65
3.520000 133 71
3.560000 123 72
3.600000 112 74
3.640000 101 72
3.680000 89 71
3.720000 74 67
3.760000 62 66
3.800000 49 65
3.840000 38 66
3.880000 32 66
3.920000 29 63
3.960000 29 61
4.000000 28 62
4.040000 28 61
4.080000 28 61
4.120000 28 61
4.160000 29 61
4.200000 28 63
4.240000 28 63
4.280000 28 63
4.320000 28 62
4.360000 28 63
4.400000 27 63
4.440000 24 66
4.480000 22 69
4.520000 22 69
4.560000 22 69
4.600000 22 69
4.640000 22 69
4.680000 22 69
4.720000 22 69
4.760000 22 69
4.800000 22 69
4.840000 22 69
4.880000 22 69
4.920000 22 69
4.960000 22 69
5.000000 22 69
5.040000 22 69
5.080000 22 69
5.120000 22 69
5.160000 22 69
5.200000 22 69
5.240000 22 69
5.280000 22 69
5.320000 22 69
5.360000 22 69
5.400000 22 69
5.440000 22 69
5.480000 22 69
