0.000000 310 129
0.040000 310 129
0.080000 310 129
0.120000 310 129
0.160000 310 129
0.200000 310 129
0.240000 310 129
0.280000 310 129
0.320000 310 129
0.360000 310 129
0.400000 310 129
0.440000 310 129
0.480000 310 129
0.520000 310 129
0.560000 310 129
0.600000 310 129
0.640000 310 129
0.680000 310 129
0.720000 310 129
0.760000 310 129
0.800000 310 129
0.840000 310 129
0.880000 310 129
0.920000 310 129
0.960000 310 129
1.000000 310 129
1.040000 310 129
1.080000 310 129
1.120000 310 129
1.160000 310 129
1.200000 310 129
1.240000 310 129
1.280000 310 129
1.320000 310 129
1.360000 310 129
1.400000 310 129
1.440000 310 129
1.480000 310 129
1.520000 310 129
1.560000 310 129
1.600000 310 129
1.640000 310 129
1.680000 310 129
1.720000 310 129
1.760000 310 129
1.800000 310 129
1.840000 310 129
1.880000 304 128
1.920000 299 129
1.960000 296 133
2.000000 290 132
2.040000 284 131
2.080000 279 128
2.120000 276 127
2.160000 273 128
2.200000 268 126
2.240000 258 128
2.280000 251 130
2.320000 247 137
2.360000 272 124
2.400000 268 123
2.440000 223 133
2.480000 218 132
2.520000 214 132
2.560000 210 129
2.600000 209 129
2.640000 205 128
2.680000 201 128
2.720000 197 128
2.760000 193 128
2.800000 181 132
2.840000 176 132
2.880000 172 132
2.920000 167 132
2.960000 163 132
3.000000 158 132
3.040000 154 132
3.080000 142 126
3.120000 138 127
3.160000 134 128
3.200000 130 128
3.240000 126 129
3.280000 118 133
3.320000 106 135
3.360000 103 136
3.400000 101 137
3.440000 99 138
3.480000 91 135
3.520000 85 133
3.560000 79 126
3.600000 75 126
3.640000 71 125
3.680000 63 123
3.720000 66 123
3.760000 69 123
3.800000 72 123
3.840000 71 123
3.880000 68 123
3.920000 64 122
3.960000 58 122
4.000000 53 120
4.040000 18 124
4.080000 18 127
4.120000 18 127
4.160000 18 127
4.200000 18 127
4.240000 18 127
4.280000 18 127
4.320000 18 127
4.360000 18 127
4.400000 18 127
4.440000 18 127
4.480000 18 127
4.520000 18 127
4.560000 18 127
4.600000 18 127
4.640000 18 127
4.680000 18 127
4.720000 18 127
4.760000 18 127
4.800000 18 127
4.840000 18 127
4.880000 18 127
4.920000 18 127
4.960000 18 127
5.000000 18 127
5.040000 18 127
5.080000 18 127
5.120000 18 127
5.160000 18 127
5.200000 18 127
5.240000 18 127
5.280000 18 127
5.320000 18 127
5.360000 18 127
5.400000 18 127
5.440000 18 127
5.480000 18 127
