0.000000 314 133
0.040000 314 133
0.080000 314 133
0.120000 314 133
0.160000 314 133
0.200000 314 133
0.240000 314 133
0.280000 314 133
0.320000 314 133
0.360000 314 133
0.400000 314 133
0.440000 314 133
0.480000 314 133
0.520000 314 133
0.560000 314 133
0.600000 314 133
0.640000 314 133
0.680000 314 133
0.720000 314 133
0.760000 314 133
0.800000 314 133
0.840000 314 133
0.880000 314 133
0.920000 314 133
0.960000 314 133
1.000000 314 133
1.040000 314 133
1.080000 314 133
1.120000 314 133
1.160000 314 133
1.200000 314 133
1.240000 314 133
1.280000 314 133
1.320000 314 133
1.360000 314 133
1.400000 314 133
1.440000 314 133
1.480000 314 133
1.520000 314 133
1.560000 314 133
1.600000 314 133
1.640000 314 133
1.680000 314 133
1.720000 314 133
1.760000 314 133
1.800000 314 133
1.840000 314 133
1.880000 314 133
1.920000 314 133
1.960000 314 133
2.000000 314 133
2.040000 314 133
2.080000 314 133
2.120000 314 133
2.160000 314 133
2.200000 314 133
2.240000 314 133
2.280000 309 133
2.320000 306 133
2.360000 303 134
2.400000 295 134
2.440000 293 134
2.480000 291 133
2.520000 289 133
2.560000 283 130
2.600000 275 130
2.640000 271 131
2.680000 268 131
2.720000 264 131
2.760000 261 131
2.800000 258 131
2.840000 254 131
2.880000 251 131
2.920000 245 132
2.960000 240 132
3.000000 234 131
3.040000 229 130
3.080000 225 130
3.120000 220 129
3.160000 214 130
3.200000 205 129
3.240000 202 131
3.280000 199 132
3.320000 196 133
3.360000 193 134
3.400000 190 135
3.440000 187 136
3.480000 184 137
3.520000 181 138
3.560000 178 139
3.600000 175 140
3.640000 172 141
3.680000 166 143
3.720000 160 141
3.760000 154 138
3.800000 149 136
3.840000 143 133
3.880000 137 131
3.920000 127 128
3.960000 122 128
4.000000 118 124
4.040000 119 141
4.080000 116 142
4.120000 113 143
4.160000 108 145
4.200000 104 143
4.240000 100 141
4.280000 97 139
4.320000 93 137
4.360000 89 135
4.400000 86 133
4.440000 82 131
4.480000 64 126
4.520000 59 127
4.560000 55 127
4.600000 51 127
4.640000 47 127
4.680000 43 128
4.720000 39 128
4.760000 35 128
4.800000 31 128
4.840000 27 129
4.880000 23 129
4.920000 19 129
4.960000 15 129
5.000000 9 128
5.040000 6 129
5.080000 6 129
5.120000 6 129
5.160000 6 129
5.200000 6 129
5.240000 6 129
5.280000 6 129
5.320000 6 129
5.360000 6 129
5.400000 6 129
