2.400000 314 126
2.440000 310 129
2.480000 305 128
2.520000 301 128
2.560000 297 126
2.600000 293 126
2.640000 288 126
2.680000 285 128
2.720000 283 128
2.760000 279 128
2.800000 277 128
2.920000 268 128
2.960000 262 127
3.000000 257 126
3.040000 255 126
3.080000 250 128
3.120000 247 128
3.160000 242 128
3.200000 236 126
3.400000 221 128
3.440000 215 126
3.480000 210 125
3.520000 205 124
3.560000 200 124
3.600000 195 128
3.640000 191 127
3.680000 187 124
3.920000 164 126
3.960000 173 134
4.000000 156 124
4.040000 151 124
4.240000 142 135
4.280000 138 137
4.400000 115 124
4.440000 112 122
4.480000 106 123
4.520000 102 122
4.560000 97 119
4.920000 75 124
4.960000 69 123
5.000000 66 123
5.040000 63 124
5.080000 59 124
5.120000 54 124
5.160000 49 124
5.200000 45 124
5.480000 12 121
