0.000000 320 83
0.040000 320 83
0.080000 320 83
0.120000 320 83
0.160000 320 83
0.200000 320 83
0.240000 320 83
0.280000 320 83
0.320000 320 83
0.360000 320 83
0.400000 320 83
0.440000 320 83
0.480000 320 83
0.520000 320 83
0.560000 320 83
0.600000 320 83
0.640000 320 83
0.680000 320 83
0.720000 320 83
0.760000 320 83
0.800000 320 83
0.840000 320 83
0.880000 320 83
0.920000 320 83
0.960000 320 83
1.000000 320 83
1.040000 320 83
1.080000 320 83
1.120000 320 83
1.160000 320 83
1.200000 320 83
1.240000 320 83
1.280000 320 83
1.320000 320 83
1.360000 320 83
1.400000 320 83
1.440000 320 83
1.480000 320 83
1.520000 320 83
1.560000 320 83
1.600000 320 83
1.640000 320 83
1.680000 320 83
1.720000 320 83
1.760000 320 83
1.800000 320 83
1.840000 320 83
1.880000 320 83
1.920000 320 83
1.960000 320 83
2.000000 320 83
2.040000 320 83
2.080000 320 83
2.120000 320 83
2.160000 320 83
2.200000 320 83
2.240000 320 83
2.280000 320 83
2.320000 320 83
2.360000 320 83
2.400000 320 83
2.440000 320 83
2.480000 320 83
2.520000 320 83
2.560000 320 83
2.600000 320 83
2.640000 320 83
2.680000 320 83
2.720000 320 83
2.760000 320 83
2.800000 320 83
2.840000 320 83
2.880000 320 83
2.920000 320 83
2.960000 320 83
3.000000 320 83
3.040000 320 83
3.080000 320 83
3.120000 320 83
3.160000 320 83
3.200000 320 83
3.240000 320 83
3.280000 320 83
3.320000 320 83
3.360000 320 83
3.400000 320 83
3.440000 320 83
3.480000 320 83
3.520000 320 83
3.560000 320 83
3.600000 320 83
3.640000 320 83
3.680000 320 83
3.720000 320 83
3.760000 320 83
3.800000 320 83
3.840000 320 83
3.880000 320 83
3.920000 320 83
3.960000 320 83
4.000000 320 83
4.040000 320 83
4.080000 320 83
4.120000 320 83
4.160000 320 83
4.200000 320 83
4.240000 320 83
4.280000 320 83
4.320000 320 83
4.360000 299 89
4.400000 296 91
4.440000 293 91
4.480000 289 91
4.520000 288 91
4.560000 286 89
4.600000 284 92
4.640000 284 91
4.680000 283 91
4.720000 282 89
4.760000 279 88
4.800000 277 89
4.840000 271 88
4.880000 264 87
4.920000 242 91
4.960000 247 87
5.000000 238 89
5.040000 233 92
5.080000 228 92
5.120000 221 92
5.160000 218 89
5.200000 215 87
5.240000 210 87
5.280000 206 87
5.320000 203 88
5.360000 199 89
5.400000 196 87
5.440000 194 88
5.480000 191 89
5.520000 191 88
5.560000 190 90
5.600000 189 87
5.640000 187 87
5.680000 184 87
5.720000 179 87
5.760000 174 87
5.800000 166 85
5.840000 158 83
5.880000 147 87
5.920000 140 87
5.960000 134 90
6.000000 128 91
6.040000 122 88
6.080000 118 87
6.120000 115 86
6.160000 110 84
6.200000 106 86
6.240000 101 85
6.280000 98 86
6.320000 96 86
6.360000 95 87
6.400000 91 87
6.440000 88 90
6.480000 90 88
6.520000 88 87
6.560000 86 87
6.600000 84 86
6.640000 80 86
6.680000 75 85
6.720000 68 83
6.760000 51 87
6.800000 47 87
6.840000 42 89
6.880000 35 91
6.920000 30 88
6.960000 28 87
7.000000 23 87
7.040000 21 87
7.080000 18 87
7.120000 14 87
7.160000 23 87
7.200000 12 87
7.240000 6 88
7.280000 6 88
7.320000 6 88
7.360000 5 87
7.400000 4 86
7.440000 3 85
7.480000 2 84
7.520000 2 83
7.560000 2 83
7.600000 2 83
7.640000 2 83
7.680000 2 83
