1.880000 320 62
1.920000 320 64
1.960000 320 70
2.000000 310 67
2.040000 303 61
2.080000 288 62
2.120000 274 60
2.160000 263 60
2.200000 256 59
2.240000 252 57
2.280000 251 56
2.320000 251 56
2.360000 286 73
2.400000 251 56
2.440000 251 56
2.480000 251 56
2.520000 251 57
2.560000 251 56
2.600000 251 56
2.640000 250 57
2.680000 249 59
2.720000 190 56
2.760000 242 65
2.800000 235 67
2.840000 226 68
2.880000 213 67
2.920000 197 63
2.960000 186 56
3.000000 169 56
3.040000 153 56
3.080000 139 55
3.120000 131 56
3.160000 127 54
3.200000 127 52
3.240000 127 53
3.280000 127 54
3.320000 158 71
3.360000 127 52
3.400000 127 54
3.440000 127 55
3.480000 127 56
3.520000 127 55
3.560000 126 54
3.600000 125 56
3.640000 122 56
3.680000 116 61
3.720000 108 65
3.760000 66 56
3.800000 87 67
3.840000 74 66
3.880000 65 56
3.920000 49 57
3.960000 36 56
4.000000 24 56
4.040000 16 58
4.080000 12 56
4.120000 12 56
4.160000 12 56
4.200000 12 56
4.240000 12 56
4.280000 36 71
4.320000 12 56
4.360000 12 58
4.400000 8 61
4.520000 12 56
