1.880000 320 119
1.920000 320 119
1.960000 314 119
2.000000 310 122
2.040000 304 119
2.080000 299 119
2.120000 298 120
2.160000 293 119
2.200000 288 117
2.240000 281 114
2.280000 276 115
2.320000 270 115
2.360000 267 115
2.400000 262 116
2.440000 256 118
2.480000 252 118
2.520000 247 118
2.560000 242 118
2.600000 238 117
2.640000 232 113
2.680000 226 113
2.720000 215 111
2.760000 213 113
2.800000 207 113
2.840000 200 114
2.880000 195 116
2.920000 190 117
2.960000 184 119
3.000000 177 119
3.040000 169 115
3.080000 164 112
3.120000 158 109
3.160000 153 109
3.200000 145 109
3.240000 140 111
3.280000 133 113
3.320000 130 113
3.360000 123 115
3.400000 121 116
3.440000 114 118
3.480000 112 119
3.520000 106 117
3.560000 101 114
3.600000 95 113
3.640000 86 112
3.680000 81 111
3.720000 75 112
3.760000 69 113
3.800000 65 114
3.840000 60 117
3.880000 55 117
3.920000 50 119
3.960000 45 118
4.000000 40 113
4.040000 36 112
4.080000 30 109
4.120000 24 108
4.160000 19 109
4.200000 14 111
4.240000 12 113
4.280000 8 114
4.320000 7 115
4.360000 2 117
4.400000 2 121
