1.840000 309 58
1.880000 308 60
1.920000 309 59
1.960000 309 59
2.000000 309 61
2.040000 309 60
2.080000 309 61
2.120000 309 60
2.160000 309 60
2.200000 308 61
2.240000 308 63
2.280000 303 67
2.320000 298 72
2.360000 253 52
2.400000 280 76
2.440000 268 71
2.480000 257 68
2.520000 241 61
2.560000 226 57
2.600000 211 56
2.640000 200 56
2.680000 194 52
2.720000 251 58
2.760000 194 51
2.800000 194 51
2.840000 194 51
2.880000 194 52
2.920000 194 54
2.960000 195 53
3.000000 194 52
3.040000 194 51
3.080000 194 52
3.120000 192 52
3.160000 190 56
3.200000 187 62
3.240000 181 67
3.280000 172 71
3.320000 130 50
3.360000 150 70
3.400000 137 67
3.440000 119 61
3.480000 107 59
3.560000 80 56
3.600000 71 56
3.640000 70 52
3.680000 70 52
3.720000 70 53
3.760000 102 70
3.800000 70 52
3.840000 70 55
3.880000 72 56
3.920000 70 53
3.960000 70 54
4.000000 70 54
4.040000 70 54
4.080000 69 56
4.120000 66 56
4.160000 63 62
4.200000 56 70
4.240000 48 72
4.320000 29 70
4.360000 19 67
