0.960000 313 132
1.000000 306 132
1.040000 299 133
1.080000 294 133
1.120000 292 133
1.160000 288 133
1.200000 288 133
1.240000 287 134
1.280000 283 132
1.320000 278 131
1.360000 274 130
1.400000 268 132
1.440000 262 131
1.480000 256 130
1.520000 247 130
1.560000 238 130
1.600000 231 131
1.640000 221 132
1.680000 210 129
1.720000 201 129
1.760000 194 129
1.800000 185 130
1.840000 179 131
1.880000 174 129
1.920000 173 129
1.960000 171 132
2.000000 168 133
2.040000 164 133
2.080000 163 132
2.120000 158 132
2.160000 152 131
2.200000 144 132
2.240000 136 129
2.280000 126 130
2.320000 117 129
2.360000 106 129
2.400000 96 129
2.440000 86 129
2.480000 83 134
2.520000 70 131
2.560000 63 132
2.600000 59 133
2.640000 54 132
2.680000 49 129
2.720000 49 128
2.760000 48 129
2.800000 45 129
2.840000 44 132
2.880000 40 130
2.920000 35 130
2.960000 31 129
3.000000 25 129
3.040000 19 128
3.080000 14 129
3.160000 2 130
