0.000000 310 87
0.040000 310 87
0.080000 310 87
0.120000 310 87
0.160000 310 87
0.200000 310 87
0.240000 310 87
0.280000 310 87
0.320000 310 87
0.360000 310 87
0.400000 310 87
0.440000 310 87
0.480000 310 87
0.520000 310 87
0.560000 310 87
0.600000 310 87
0.640000 310 87
0.680000 310 87
0.720000 310 87
0.760000 310 87
0.800000 310 87
0.840000 310 87
0.880000 310 87
0.920000 310 87
0.960000 310 87
1.000000 310 87
1.040000 310 87
1.080000 310 87
1.120000 310 87
1.160000 310 87
1.200000 310 87
1.240000 310 87
1.280000 304 87
1.320000 310 92
1.360000 304 91
1.400000 299 88
1.440000 289 92
1.480000 284 93
1.520000 279 93
1.560000 273 94
1.600000 271 93
1.640000 268 92
1.680000 267 90
1.720000 262 87
1.760000 258 87
1.800000 255 87
1.840000 251 90
1.880000 247 89
1.920000 247 87
1.960000 244 89
2.000000 242 90
2.040000 242 91
2.080000 241 91
2.120000 240 89
2.160000 238 87
2.200000 236 87
2.240000 233 87
2.280000 229 87
2.320000 221 90
2.360000 211 90
2.400000 205 88
2.440000 195 87
2.480000 189 92
2.520000 182 93
2.560000 175 93
2.600000 171 92
2.640000 168 89
2.680000 166 87
2.720000 162 87
2.760000 157 85
2.800000 152 87
2.840000 147 87
2.880000 143 87
2.920000 142 87
2.960000 140 87
3.000000 140 90
3.040000 137 90
3.080000 118 88
3.120000 137 87
3.160000 134 87
3.200000 132 86
3.240000 127 87
3.280000 121 87
3.320000 112 87
3.360000 103 87
3.400000 95 87
3.440000 90 87
3.480000 84 89
3.520000 86 89
3.560000 74 91
3.600000 69 89
3.640000 66 87
3.680000 65 87
3.720000 60 85
3.760000 58 86
3.800000 53 87
3.840000 50 87
3.880000 49 87
3.920000 49 85
3.960000 46 87
4.000000 44 88
4.040000 44 87
4.080000 43 87
4.120000 43 87
4.160000 40 86
4.200000 39 84
4.240000 36 86
4.280000 33 87
4.320000 27 87
4.360000 21 87
4.400000 13 89
4.440000 7 90
4.480000 2 90
4.520000 2 91
4.560000 2 91
4.600000 2 91
4.640000 2 91
4.680000 2 91
4.720000 2 91
4.760000 2 91
4.800000 2 91
