0.000000 320 70
0.040000 320 70
0.080000 320 70
0.120000 320 70
0.160000 320 70
0.200000 320 70
0.240000 320 70
0.280000 320 70
0.320000 320 70
0.360000 320 70
0.400000 320 70
0.440000 320 70
0.480000 320 70
0.520000 320 70
0.560000 320 70
0.600000 320 70
0.640000 320 70
0.680000 320 70
0.720000 320 70
0.760000 320 70
0.800000 320 70
0.840000 320 70
0.880000 320 70
0.920000 320 70
0.960000 320 70
1.000000 320 70
1.040000 320 70
1.080000 320 70
1.120000 320 70
1.160000 320 70
1.200000 320 70
1.240000 320 70
1.280000 320 70
1.320000 320 70
1.360000 320 70
1.400000 320 70
1.440000 320 70
1.480000 320 70
1.520000 320 70
1.560000 320 70
1.600000 320 70
1.640000 320 70
1.680000 320 71
1.720000 320 72
1.760000 310 71
1.800000 299 66
1.840000 288 62
1.880000 275 58
1.920000 266 57
1.960000 257 57
2.000000 252 57
2.040000 252 56
2.080000 251 56
2.120000 252 56
2.160000 252 56
2.200000 252 56
2.240000 252 56
2.280000 253 56
2.320000 252 56
2.360000 252 56
2.400000 252 56
2.440000 252 57
2.480000 252 58
2.520000 251 60
2.560000 250 61
2.600000 247 66
2.640000 241 69
2.680000 233 71
2.720000 223 72
2.760000 213 70
2.800000 200 62
2.840000 190 60
2.880000 174 56
2.920000 160 54
2.960000 149 55
3.000000 143 54
3.040000 143 52
3.080000 142 52
3.120000 142 53
3.160000 142 52
3.200000 142 52
3.240000 143 52
3.280000 142 54
3.320000 143 53
3.360000 142 53
3.400000 142 52
3.440000 142 53
3.480000 142 54
3.520000 142 55
3.560000 141 57
3.600000 138 61
3.640000 132 65
3.680000 125 68
3.720000 116 69
3.760000 107 67
3.800000 96 66
3.840000 85 57
3.880000 70 56
3.920000 58 52
3.960000 47 51
4.000000 39 52
4.040000 38 51
4.080000 38 52
4.120000 38 51
4.160000 38 52
4.200000 38 52
4.240000 38 52
4.280000 38 52
4.320000 38 54
4.360000 37 53
4.400000 38 53
4.440000 38 54
4.480000 38 54
4.520000 37 56
4.560000 36 57
4.600000 35 59
4.640000 29 64
4.680000 29 64
4.720000 29 64
4.760000 29 64
4.800000 29 64
4.840000 29 64
4.880000 29 64
4.920000 29 64
4.960000 29 64
5.000000 29 64
5.040000 29 64
5.080000 29 64
5.120000 29 64
5.160000 29 64
5.200000 29 64
5.240000 29 64
