0.000000 312 176
0.040000 312 176
0.080000 312 176
0.120000 312 176
0.160000 312 176
0.200000 312 176
0.240000 312 176
0.280000 312 176
0.320000 312 176
0.360000 312 176
0.400000 312 176
0.440000 312 176
0.480000 312 176
0.520000 312 176
0.560000 312 176
0.600000 312 176
0.640000 312 176
0.680000 312 176
0.720000 312 176
0.760000 312 176
0.800000 312 176
0.840000 312 176
0.880000 312 176
0.920000 312 176
0.960000 312 176
1.000000 312 176
1.040000 312 176
1.080000 312 176
1.120000 312 176
1.160000 312 176
1.200000 312 176
1.240000 312 176
1.280000 312 176
1.320000 312 176
1.360000 312 176
1.400000 312 176
1.440000 312 176
1.480000 312 176
1.520000 312 176
1.560000 308 176
1.600000 304 177
1.640000 300 178
1.680000 297 180
1.720000 293 180
1.760000 288 180
1.800000 284 181
1.840000 281 181
1.880000 277 180
1.920000 273 180
1.960000 269 180
2.000000 266 180
2.040000 262 178
2.080000 258 178
2.120000 255 180
2.160000 251 180
2.200000 246 180
2.240000 242 180
2.280000 238 181
2.320000 234 181
2.360000 230 182
2.400000 225 181
2.440000 220 181
2.480000 216 180
2.520000 212 180
2.560000 207 180
2.600000 203 180
2.640000 199 180
2.680000 194 180
2.720000 189 181
2.760000 184 182
2.800000 179 182
2.840000 175 182
2.880000 171 182
2.920000 167 182
2.960000 162 181
3.000000 158 181
3.040000 153 180
3.080000 148 180
3.120000 144 180
3.160000 140 180
3.200000 134 181
3.240000 131 182
3.280000 127 182
3.320000 121 182
3.360000 117 182
3.400000 112 181
3.440000 108 181
3.480000 104 180
3.520000 99 180
3.560000 95 178
3.600000 90 178
3.640000 86 178
3.680000 82 178
3.720000 78 179
3.760000 74 180
3.800000 69 181
3.840000 65 180
3.880000 62 180
3.920000 58 179
3.960000 53 177
4.000000 49 176
4.040000 44 176
4.080000 39 175
4.120000 34 174
4.160000 31 175
4.200000 27 174
4.240000 23 174
4.280000 18 175
4.320000 14 175
4.360000 12 174
4.400000 8 174
4.440000 5 171
4.480000 2 171
4.520000 2 170
4.560000 2 170
4.600000 2 170
4.640000 2 170
4.680000 2 170
4.720000 2 170
4.760000 2 170
4.800000 2 170
4.840000 2 170
4.880000 2 170
4.920000 2 170
4.960000 2 170
5.000000 2 170
5.040000 2 170
5.080000 2 170
5.120000 2 170
5.160000 2 170
5.200000 2 170
5.240000 2 170
