0.000000 303 65
0.040000 303 65
0.080000 303 65
0.120000 303 65
0.160000 303 65
0.200000 303 65
0.240000 303 65
0.280000 303 65
0.320000 303 65
0.360000 303 65
0.400000 303 65
0.440000 303 65
0.480000 303 65
0.520000 303 65
0.560000 303 65
0.600000 303 65
0.640000 303 65
0.680000 303 65
0.720000 303 65
0.760000 303 65
0.800000 303 65
0.840000 303 65
0.880000 303 65
0.920000 303 65
0.960000 303 65
1.000000 303 65
1.040000 303 65
1.080000 303 65
1.120000 303 65
1.160000 303 65
1.200000 303 65
1.240000 303 65
1.280000 303 65
1.320000 303 65
1.360000 303 65
1.400000 303 65
1.440000 303 65
1.480000 298 63
1.520000 294 61
1.560000 295 61
1.600000 295 61
1.640000 294 61
1.680000 294 61
1.720000 294 62
1.760000 294 63
1.800000 294 67
1.840000 295 64
1.880000 294 63
1.920000 294 63
1.960000 294 64
2.000000 294 65
2.040000 294 67
2.080000 292 69
2.120000 288 71
2.160000 283 74
2.200000 274 76
2.240000 268 74
2.280000 259 72
2.320000 243 66
2.360000 233 63
2.400000 221 59
2.440000 210 59
2.480000 202 58
2.520000 199 57
2.560000 199 56
2.600000 199 56
2.640000 199 56
2.680000 199 56
2.720000 199 57
2.760000 198 60
2.800000 201 67
2.840000 197 59
2.880000 199 57
2.920000 199 58
2.960000 198 58
3.000000 197 60
3.040000 196 61
3.080000 194 62
3.120000 190 67
3.160000 182 71
3.200000 173 71
3.240000 164 71
3.280000 152 67
3.320000 138 61
3.360000 127 61
3.400000 113 56
3.440000 101 56
3.480000 95 56
3.520000 91 56
3.560000 90 56
3.600000 90 56
3.640000 90 56
3.680000 90 56
3.720000 90 56
3.760000 90 58
3.800000 89 53
3.840000 90 56
3.880000 90 56
3.920000 90 56
3.960000 90 56
4.000000 89 56
4.040000 88 57
4.080000 86 60
4.120000 81 63
4.160000 75 65
4.200000 70 64
4.240000 60 66
4.280000 53 65
4.320000 43 62
4.360000 30 58
4.400000 20 59
4.440000 2 57
4.480000 2 57
4.520000 2 57
4.560000 2 57
4.600000 2 57
4.640000 2 57
4.680000 2 57
4.720000 2 57
4.760000 2 57
4.800000 2 57
4.840000 2 57
4.880000 2 57
4.920000 2 57
4.960000 2 57
5.000000 2 57
5.040000 2 57
5.080000 2 57
5.120000 2 57
5.160000 2 57
5.200000 2 57
5.240000 2 57
