2.000000 296 67
2.040000 291 70
2.080000 285 71
2.120000 276 72
2.160000 269 72
2.200000 257 70
2.240000 244 68
2.280000 231 66
2.320000 220 63
2.360000 208 62
2.400000 199 61
2.440000 197 60
2.480000 197 60
2.520000 193 59
2.560000 193 58
2.600000 193 59
2.640000 192 58
2.680000 192 59
2.720000 194 59
2.760000 195 59
2.800000 192 59
2.840000 193 59
2.880000 191 59
2.920000 188 61
2.960000 183 63
3.000000 174 65
3.040000 162 64
3.080000 155 67
3.120000 148 65
3.160000 143 62
3.200000 136 60
3.240000 130 58
3.280000 118 58
3.320000 103 60
3.360000 97 60
3.400000 99 60
3.440000 94 60
3.480000 90 60
3.520000 90 61
3.560000 88 60
3.600000 85 61
3.640000 84 59
3.680000 77 60
3.720000 80 60
3.760000 80 61
3.800000 79 61
3.840000 79 63
3.880000 75 65
