0.000000 293 66
0.040000 293 66
0.080000 293 66
0.120000 293 66
0.160000 293 66
0.200000 293 66
0.240000 293 66
0.280000 293 66
0.320000 293 66
0.360000 293 66
0.400000 293 66
0.440000 293 66
0.480000 293 66
0.520000 293 66
0.560000 293 66
0.600000 293 66
0.640000 293 66
0.680000 293 66
0.720000 293 66
0.760000 293 66
0.800000 293 66
0.840000 293 66
0.880000 293 66
0.920000 293 66
0.960000 293 66
1.000000 293 66
1.040000 293 66
1.080000 293 66
1.120000 293 66
1.160000 293 66
1.200000 293 66
1.240000 293 66
1.280000 293 66
1.320000 290 66
1.360000 288 66
1.400000 285 66
1.440000 283 62
1.480000 283 62
1.520000 320 70
1.560000 283 61
1.600000 309 74
1.640000 299 74
1.680000 283 67
1.720000 282 64
1.760000 283 65
1.800000 283 61
1.840000 283 62
1.880000 282 62
1.920000 282 64
1.960000 280 66
2.000000 277 67
2.040000 273 71
2.080000 267 72
2.120000 258 75
2.160000 251 72
2.200000 239 72
2.240000 231 67
2.280000 220 66
2.320000 208 63
2.360000 195 61
2.400000 186 62
2.440000 180 61
2.480000 179 61
2.520000 178 60
2.560000 177 60
2.600000 176 60
2.640000 175 59
2.680000 177 59
2.720000 176 61
2.760000 178 61
2.800000 179 65
2.840000 176 61
2.880000 176 61
2.920000 176 61
2.960000 175 61
3.000000 175 60
3.040000 174 61
3.080000 173 61
3.120000 169 65
3.160000 164 67
3.200000 157 71
3.240000 149 72
3.280000 140 71
3.320000 129 71
3.360000 122 63
3.400000 111 61
3.440000 100 61
3.480000 89 59
3.520000 81 61
3.560000 75 61
3.600000 74 61
3.640000 70 59
3.680000 70 58
3.720000 70 57
3.760000 70 57
3.800000 70 58
3.840000 70 57
3.880000 70 59
3.920000 71 60
3.960000 70 61
4.000000 45 60
4.040000 69 59
4.080000 69 58
4.120000 69 57
4.160000 69 59
4.200000 67 61
4.240000 64 61
4.280000 59 65
4.320000 53 67
4.360000 44 71
4.400000 36 71
4.440000 28 70
4.480000 16 61
4.520000 15 61
4.560000 15 61
4.600000 15 61
4.640000 14 61
4.680000 14 61
4.720000 14 61
4.760000 13 61
4.800000 13 61
4.840000 13 61
4.880000 13 61
