2.640000 290 116
2.680000 286 116
2.720000 282 115
2.760000 278 117
2.800000 275 118
2.840000 271 119
2.880000 270 119
2.920000 267 118
2.960000 263 118
3.000000 260 117
3.040000 255 115
3.080000 250 114
3.120000 245 113
3.160000 239 114
3.200000 235 114
3.240000 231 115
3.280000 227 117
3.320000 223 117
3.360000 220 118
3.400000 216 118
3.440000 211 118
3.480000 208 117
3.520000 205 116
3.560000 200 115
3.600000 195 114
3.640000 189 113
3.680000 183 113
3.720000 178 114
3.760000 174 116
3.800000 171 116
