0.000000 284 66
0.040000 284 66
0.080000 284 66
0.120000 284 66
0.160000 284 66
0.200000 284 66
0.240000 284 66
0.280000 284 66
0.320000 284 66
0.360000 284 66
0.400000 284 66
0.440000 284 66
0.480000 284 66
0.520000 284 66
0.560000 284 66
0.600000 284 66
0.640000 284 66
0.680000 284 66
0.720000 284 66
0.760000 284 66
0.800000 284 66
0.840000 284 66
0.880000 284 66
0.920000 284 66
0.960000 284 66
1.000000 284 66
1.040000 284 66
1.080000 284 66
1.120000 284 66
1.160000 284 66
1.200000 284 66
1.240000 284 66
1.280000 284 66
1.320000 284 66
1.360000 284 66
1.400000 284 66
1.440000 284 66
1.480000 284 66
1.520000 284 66
1.560000 284 66
1.600000 284 66
1.640000 284 66
1.680000 284 66
1.720000 284 66
1.760000 284 66
1.800000 284 66
1.840000 284 66
1.880000 284 66
1.920000 284 66
1.960000 284 66
2.000000 284 66
2.040000 284 66
2.080000 284 66
2.120000 284 66
2.160000 284 66
2.200000 284 66
2.240000 284 66
2.280000 284 66
2.320000 284 66
2.360000 284 66
2.400000 284 66
2.440000 284 66
2.480000 284 66
2.520000 284 66
2.560000 284 66
2.600000 284 66
2.640000 278 69
2.680000 275 65
2.720000 273 61
2.760000 272 60
2.800000 271 59
2.840000 272 59
2.880000 271 59
2.920000 271 59
2.960000 272 61
3.000000 270 57
3.040000 273 59
3.080000 271 59
3.120000 271 60
3.160000 270 59
3.200000 271 58
3.240000 272 58
3.280000 271 58
3.320000 262 61
3.360000 247 58
3.400000 234 61
3.440000 216 56
3.480000 201 57
3.520000 184 59
3.560000 173 62
3.600000 167 64
3.640000 164 60
3.680000 163 56
3.720000 162 54
3.760000 162 54
3.800000 162 55
3.840000 161 55
3.880000 162 55
3.920000 162 52
3.960000 164 56
4.000000 162 55
4.040000 162 56
4.080000 162 55
4.120000 162 54
4.160000 159 54
4.200000 159 52
4.240000 153 56
4.280000 142 56
4.320000 127 55
4.360000 110 60
4.400000 96 56
4.440000 81 57
4.480000 68 63
4.520000 59 65
4.560000 55 62
4.600000 54 59
4.640000 52 57
4.680000 51 56
4.720000 53 56
4.760000 51 56
4.800000 53 56
4.840000 51 52
4.880000 53 56
4.920000 53 56
4.960000 52 56
5.000000 53 56
5.040000 53 56
5.080000 53 56
5.120000 52 55
5.160000 48 57
5.200000 36 59
5.240000 7 58
5.280000 6 57
5.320000 6 56
5.360000 5 55
5.400000 5 54
5.440000 5 54
5.480000 5 54
5.520000 5 54
5.560000 5 54
5.600000 5 54
5.640000 5 54
5.680000 5 54
5.720000 5 54
5.760000 5 54
5.800000 5 54
5.840000 5 54
5.880000 5 54
