1.560000 320 61
1.640000 284 56
1.680000 284 56
1.720000 283 56
1.760000 283 56
1.800000 284 55
1.840000 284 56
1.880000 285 56
1.920000 286 56
1.960000 284 56
2.000000 284 56
2.040000 285 56
2.080000 284 56
2.120000 284 56
2.160000 283 56
2.200000 283 59
2.240000 281 61
2.280000 277 67
2.320000 268 71
2.360000 261 71
2.400000 251 67
2.440000 236 61
2.480000 225 56
2.520000 208 54
2.560000 196 51
2.600000 184 51
2.640000 175 51
2.680000 173 51
2.720000 173 50
2.760000 172 50
2.800000 173 50
2.840000 173 51
2.880000 173 51
2.920000 173 50
2.960000 173 51
3.000000 173 51
3.040000 173 51
3.080000 173 51
3.120000 173 52
3.160000 172 52
3.200000 171 55
3.240000 168 58
3.280000 160 64
3.320000 112 52
3.360000 144 67
3.400000 132 67
3.440000 118 62
3.480000 107 55
3.520000 91 56
3.560000 79 51
3.600000 69 52
3.640000 112 55
3.680000 58 52
3.720000 56 52
3.760000 55 50
3.800000 57 51
3.840000 58 51
3.880000 58 51
3.920000 58 52
3.960000 66 66
4.000000 59 54
4.040000 59 52
4.080000 58 52
4.120000 58 52
4.160000 57 52
4.200000 57 53
4.240000 55 55
4.280000 54 57
4.320000 49 61
4.360000 43 66
4.400000 36 68
4.520000 8 58
4.560000 8 57
