0.000000 308 165
0.040000 308 165
0.080000 308 165
0.120000 308 165
0.160000 308 165
0.200000 308 165
0.240000 308 165
0.280000 308 165
0.320000 308 165
0.360000 308 165
0.400000 308 165
0.440000 308 165
0.480000 308 165
0.520000 308 165
0.560000 308 165
0.600000 308 165
0.640000 308 165
0.680000 308 165
0.720000 308 165
0.760000 308 165
0.800000 308 165
0.840000 308 165
0.880000 308 165
0.920000 308 165
0.960000 308 165
1.000000 308 165
1.040000 308 165
1.080000 308 165
1.120000 308 165
1.160000 308 165
1.200000 308 165
1.240000 308 165
1.280000 308 165
1.320000 308 165
1.360000 308 165
1.400000 308 165
1.440000 308 165
1.480000 308 165
1.520000 303 165
1.560000 299 167
1.600000 294 169
1.640000 290 169
1.680000 286 169
1.720000 282 169
1.760000 277 168
1.800000 273 166
1.840000 268 166
1.880000 262 166
1.920000 257 168
1.960000 252 169
2.000000 247 170
2.040000 242 170
2.080000 239 171
2.120000 233 171
2.160000 229 171
2.200000 223 170
2.240000 218 169
2.280000 212 169
2.320000 207 168
2.360000 202 167
2.400000 197 167
2.440000 192 170
2.480000 188 170
2.520000 182 171
2.560000 177 172
2.600000 172 171
2.640000 167 170
2.680000 162 168
2.720000 156 167
2.760000 151 167
2.800000 145 167
2.840000 140 167
2.880000 134 167
2.920000 130 170
2.960000 125 171
3.000000 120 171
3.040000 116 171
3.080000 110 171
3.120000 106 170
3.160000 101 168
3.200000 95 165
3.240000 90 165
3.280000 85 165
3.320000 81 165
3.360000 76 165
3.400000 73 167
3.440000 66 167
3.480000 64 167
3.520000 59 168
3.560000 55 167
3.600000 49 165
3.640000 45 165
3.680000 40 165
3.720000 36 164
3.760000 32 164
3.800000 28 164
3.840000 23 165
3.880000 19 165
3.920000 16 166
3.960000 12 166
4.000000 8 165
4.040000 2 162
4.080000 2 160
4.120000 2 157
4.160000 2 154
4.200000 2 151
4.240000 2 151
4.280000 2 151
4.320000 2 151
4.360000 2 151
4.400000 2 151
4.440000 2 151
4.480000 2 151
4.520000 2 151
4.560000 2 151
4.600000 2 151
4.640000 2 151
4.680000 2 151
4.720000 2 151
4.760000 2 151
4.800000 2 151
4.840000 2 151
4.880000 2 151
4.920000 2 151
4.960000 2 151
5.000000 2 151
5.040000 2 151
5.080000 2 151
5.120000 2 151
5.160000 2 151
5.200000 2 151
5.240000 2 151
5.280000 2 151
5.320000 2 151
5.360000 2 151
5.400000 2 151
5.440000 2 151
5.480000 2 151
5.520000 2 151
5.560000 2 151
5.600000 2 151
5.640000 2 151
5.680000 2 151
5.720000 2 151
5.760000 2 151
5.800000 2 151
5.840000 2 151
