0.000000 314 119
0.040000 314 119
0.080000 314 119
0.120000 314 119
0.160000 314 119
0.200000 314 119
0.240000 314 119
0.280000 314 119
0.320000 314 119
0.360000 314 119
0.400000 314 119
0.440000 314 119
0.480000 314 119
0.520000 314 119
0.560000 314 119
0.600000 314 119
0.640000 314 119
0.680000 314 119
0.720000 314 119
0.760000 314 119
0.800000 314 119
0.840000 314 119
0.880000 314 119
0.920000 314 119
0.960000 314 119
1.000000 314 119
1.040000 314 119
1.080000 314 119
1.120000 314 119
1.160000 314 119
1.200000 314 119
1.240000 314 119
1.280000 314 119
1.320000 314 119
1.360000 314 119
1.400000 314 119
1.440000 314 119
1.480000 308 118
1.520000 303 118
1.560000 299 118
1.600000 294 119
1.640000 291 119
1.680000 287 118
1.720000 283 118
1.760000 280 117
1.800000 275 115
1.840000 271 115
1.880000 266 115
1.920000 260 115
1.960000 257 116
2.000000 251 118
2.040000 244 118
2.080000 241 118
2.120000 236 118
2.160000 231 117
2.200000 226 117
2.240000 221 113
2.280000 216 113
2.320000 210 113
2.360000 205 113
2.400000 199 113
2.440000 194 117
2.480000 190 118
2.520000 189 119
2.560000 184 119
2.600000 181 118
2.640000 173 114
2.680000 170 114
2.720000 168 113
2.760000 163 113
2.800000 158 113
2.840000 152 113
2.880000 147 114
2.920000 137 115
2.960000 129 118
3.000000 127 118
3.040000 124 118
3.080000 120 118
3.120000 113 115
3.160000 110 114
3.200000 106 113
3.240000 101 114
3.280000 94 113
3.320000 91 114
3.360000 86 113
3.400000 81 115
3.440000 80 119
3.480000 77 119
3.520000 74 119
3.560000 69 118
3.600000 64 117
3.640000 59 114
3.680000 55 113
3.720000 51 113
3.760000 45 113
3.800000 39 113
3.840000 34 114
3.880000 29 115
3.920000 28 118
3.960000 24 118
4.000000 19 118
4.040000 18 118
4.080000 13 117
4.120000 13 117
4.160000 13 117
4.200000 13 117
4.240000 13 117
4.280000 13 117
4.320000 13 117
4.360000 13 117
4.400000 13 117
4.440000 13 117
4.480000 13 117
4.520000 13 117
4.560000 13 117
4.600000 13 117
4.640000 13 117
4.680000 13 117
4.720000 13 117
4.760000 13 117
4.800000 13 117
4.840000 13 117
4.880000 13 117
4.920000 13 117
4.960000 13 117
5.000000 13 117
5.040000 13 117
5.080000 13 117
5.120000 13 117
5.160000 13 117
5.200000 13 117
5.240000 13 117
5.280000 13 117
5.320000 13 117
5.360000 13 117
5.400000 13 117
5.440000 13 117
5.480000 13 117
5.520000 13 117
5.560000 13 117
5.600000 13 117
5.640000 13 117
5.680000 13 117
5.720000 13 117
5.760000 13 117
5.800000 13 117
5.840000 13 117
