0.000000 301 59
0.040000 301 59
0.080000 301 59
0.120000 301 59
0.160000 301 59
0.200000 301 59
0.240000 301 59
0.280000 301 59
0.320000 301 59
0.360000 301 59
0.400000 301 59
0.440000 301 59
0.480000 301 59
0.520000 301 59
0.560000 301 59
0.600000 301 59
0.640000 301 59
0.680000 301 59
0.720000 301 59
0.760000 301 59
0.800000 301 59
0.840000 301 59
0.880000 301 59
0.920000 301 59
0.960000 301 59
1.000000 301 59
1.040000 301 59
1.080000 301 59
1.120000 301 59
1.160000 301 59
1.200000 301 59
1.240000 301 59
1.280000 301 59
1.320000 301 59
1.360000 301 59
1.400000 301 59
1.440000 301 59
1.480000 301 59
1.520000 301 59
1.560000 301 59
1.600000 301 59
1.640000 301 59
1.680000 301 59
1.720000 301 59
1.760000 301 59
1.800000 301 59
1.840000 301 59
1.880000 301 59
1.920000 301 59
1.960000 301 59
2.000000 301 59
2.040000 291 56
2.080000 277 56
2.120000 262 59
2.160000 251 61
2.200000 245 63
2.240000 241 59
2.280000 238 55
2.320000 236 53
2.360000 283 61
2.400000 236 53
2.440000 236 53
2.480000 236 52
2.520000 236 53
2.560000 236 54
2.600000 236 52
2.640000 236 52
2.680000 236 52
2.720000 178 55
2.760000 236 52
2.800000 232 52
2.840000 221 54
2.880000 208 54
2.920000 188 52
2.960000 174 50
3.000000 157 51
3.040000 138 52
3.080000 126 56
3.120000 118 59
3.160000 115 56
3.200000 115 51
3.240000 114 50
3.280000 114 50
3.320000 155 58
3.360000 113 50
3.400000 114 50
3.440000 112 50
3.480000 112 50
3.520000 112 50
3.560000 112 50
3.600000 112 50
3.640000 112 49
3.680000 112 48
3.720000 107 51
3.760000 55 55
3.800000 84 52
3.840000 66 56
3.880000 55 52
3.920000 39 51
3.960000 24 53
4.000000 13 57
4.040000 7 61
4.080000 7 59
4.120000 6 56
4.160000 6 56
4.200000 6 56
4.240000 5 56
4.280000 34 61
4.320000 5 56
4.360000 5 56
4.400000 5 56
4.440000 5 56
4.480000 5 56
4.520000 5 56
4.560000 5 56
4.600000 5 56
