0.000000 306 62
0.040000 306 62
0.080000 306 62
0.120000 306 62
0.160000 306 62
0.200000 306 62
0.240000 306 62
0.280000 306 62
0.320000 306 62
0.360000 306 62
0.400000 306 62
0.440000 306 62
0.480000 306 62
0.520000 306 62
0.560000 306 62
0.600000 306 62
0.640000 306 62
0.680000 306 62
0.720000 306 62
0.760000 306 62
0.800000 306 62
0.840000 306 62
0.880000 306 62
0.920000 306 62
0.960000 306 62
1.000000 306 62
1.040000 306 62
1.080000 306 62
1.120000 306 62
1.160000 306 62
1.200000 306 62
1.240000 306 62
1.280000 306 62
1.320000 306 62
1.360000 306 62
1.400000 306 62
1.440000 306 62
1.480000 306 62
1.520000 306 62
1.560000 306 62
1.600000 306 62
1.640000 306 62
1.680000 306 62
1.720000 306 62
1.760000 306 62
1.800000 306 62
1.840000 306 62
1.880000 305 62
1.920000 305 62
1.960000 305 61
2.000000 305 65
2.040000 305 63
2.080000 305 63
2.120000 305 63
2.160000 305 63
2.200000 304 65
2.240000 303 66
2.280000 299 68
2.320000 293 72
2.360000 251 56
2.400000 275 74
2.440000 263 72
2.480000 251 67
2.520000 236 65
2.560000 224 61
2.600000 210 61
2.640000 199 59
2.680000 192 56
2.720000 246 61
2.760000 190 56
2.800000 190 56
2.840000 190 56
2.880000 190 56
2.920000 190 59
2.960000 190 56
3.000000 190 56
3.040000 190 56
3.080000 190 56
3.120000 189 56
3.160000 188 57
3.200000 183 63
3.240000 175 67
3.280000 168 69
3.320000 127 54
3.360000 147 68
3.400000 132 67
3.440000 105 61
3.480000 98 61
3.520000 92 61
3.560000 85 61
3.600000 70 60
3.640000 69 56
3.680000 67 56
3.720000 66 56
3.760000 96 67
3.800000 66 56
3.840000 66 58
3.880000 68 58
3.920000 68 56
3.960000 67 56
4.000000 67 57
4.040000 66 56
4.080000 66 57
4.120000 64 59
4.160000 60 63
4.200000 44 71
4.240000 39 71
4.280000 34 71
4.320000 29 71
4.360000 15 67
4.400000 15 67
4.440000 15 67
4.480000 15 67
4.520000 15 67
4.560000 15 67
4.600000 15 67
