0.000000 307 133
0.040000 307 133
0.080000 307 133
0.120000 307 133
0.160000 307 133
0.200000 307 133
0.240000 307 133
0.280000 307 133
0.320000 307 133
0.360000 307 133
0.400000 307 133
0.440000 307 133
0.480000 307 133
0.520000 307 133
0.560000 307 133
0.600000 307 133
0.640000 307 133
0.680000 307 133
0.720000 307 133
0.760000 307 133
0.800000 307 133
0.840000 307 133
0.880000 307 133
0.920000 307 133
0.960000 307 133
1.000000 307 133
1.040000 307 133
1.080000 307 133
1.120000 307 133
1.160000 307 133
1.200000 307 133
1.240000 307 133
1.280000 307 133
1.320000 307 133
1.360000 307 133
1.400000 307 133
1.440000 307 133
1.480000 307 133
1.520000 307 133
1.560000 307 133
1.600000 307 133
1.640000 307 133
1.680000 307 133
1.720000 307 133
1.760000 307 133
1.800000 307 133
1.840000 307 133
1.880000 307 133
1.920000 304 129
1.960000 303 127
2.000000 297 124
2.040000 288 128
2.080000 279 128
2.120000 273 133
2.160000 267 134
2.200000 257 135
2.240000 252 137
2.280000 248 135
2.320000 242 134
2.360000 240 133
2.400000 238 131
2.440000 236 126
2.480000 233 126
2.520000 231 125
2.560000 228 125
2.600000 209 130
2.640000 204 131
2.680000 200 131
2.720000 195 131
2.760000 191 132
2.800000 186 132
2.840000 179 128
2.880000 177 127
2.920000 175 126
2.960000 173 125
3.000000 162 128
3.040000 153 129
3.080000 144 132
3.120000 136 133
3.160000 131 134
3.200000 125 133
3.240000 120 129
3.280000 117 124
3.320000 113 124
3.360000 110 124
3.400000 107 124
3.440000 104 124
3.480000 92 128
3.520000 121 124
3.560000 118 126
3.600000 116 124
3.640000 110 124
3.680000 103 123
3.720000 87 120
3.760000 79 122
3.800000 72 123
3.840000 64 124
3.880000 57 125
3.920000 49 126
3.960000 42 127
4.000000 29 130
4.040000 24 134
4.080000 17 134
4.120000 6 132
4.160000 5 131
4.200000 4 130
4.240000 3 129
4.280000 2 127
4.320000 2 127
4.360000 2 127
4.400000 2 127
4.440000 2 127
4.480000 2 127
4.520000 2 127
4.560000 2 127
4.600000 2 127
