1.840000 320 145
1.880000 320 145
1.920000 320 144
1.960000 314 143
2.000000 310 144
2.040000 307 144
2.080000 303 145
2.120000 299 145
2.160000 297 146
2.200000 293 147
2.240000 288 147
2.280000 286 146
2.320000 282 145
2.360000 277 145
2.400000 273 144
2.440000 268 143
2.480000 263 143
2.520000 257 144
2.560000 252 145
2.600000 249 145
2.640000 246 146
2.680000 242 148
2.720000 239 147
2.760000 235 145
2.800000 230 145
2.840000 226 144
2.880000 221 143
2.920000 218 143
2.960000 214 143
3.000000 208 144
3.040000 204 144
3.080000 199 144
3.120000 195 145
3.160000 191 145
3.200000 188 146
3.240000 181 145
3.280000 177 145
3.320000 174 144
3.360000 168 144
3.400000 163 143
3.440000 158 143
3.480000 153 144
3.520000 147 145
3.560000 143 145
3.600000 138 145
3.640000 134 145
3.680000 132 145
3.720000 127 145
3.760000 124 145
3.800000 120 141
3.840000 116 141
3.880000 111 140
3.920000 105 141
3.960000 101 140
4.000000 96 141
4.040000 92 143
4.080000 89 144
4.120000 86 144
4.160000 80 145
4.200000 75 144
4.240000 71 144
4.280000 68 143
4.320000 63 142
4.360000 59 141
4.400000 54 141
4.440000 49 140
4.480000 44 141
4.520000 41 143
4.560000 38 144
4.600000 36 145
4.640000 33 144
4.680000 29 144
4.720000 27 143
4.760000 25 141
4.800000 18 139
4.840000 15 139
4.880000 12 139
4.920000 7 139
4.960000 2 139
5.000000 2 140
5.040000 2 140
