0.000000 282 70
0.040000 282 70
0.080000 282 70
0.120000 282 70
0.160000 282 70
0.200000 282 70
0.240000 282 70
0.280000 282 70
0.320000 282 70
0.360000 282 70
0.400000 282 70
0.440000 282 70
0.480000 282 70
0.520000 282 70
0.560000 282 70
0.600000 282 70
0.640000 282 70
0.680000 282 70
0.720000 282 70
0.760000 282 70
0.800000 282 70
0.840000 282 70
0.880000 282 70
0.920000 282 70
0.960000 282 70
1.000000 282 70
1.040000 282 70
1.080000 282 70
1.120000 282 70
1.160000 282 70
1.200000 282 70
1.240000 282 70
1.280000 282 70
1.320000 282 70
1.360000 282 70
1.400000 282 70
1.440000 282 70
1.480000 282 70
1.520000 282 70
1.560000 291 66
1.600000 301 61
1.640000 310 56
1.680000 271 61
1.720000 320 61
1.760000 314 60
1.800000 304 58
1.840000 268 60
1.880000 271 58
1.920000 265 57
1.960000 254 59
2.000000 241 61
2.040000 232 63
2.080000 227 62
2.120000 223 61
2.160000 220 56
2.200000 219 54
2.240000 218 53
2.280000 218 54
2.320000 218 53
2.360000 218 52
2.400000 217 54
2.440000 219 53
2.480000 218 52
2.520000 217 52
2.560000 217 52
2.600000 216 51
2.640000 216 50
2.680000 158 56
2.720000 215 51
2.760000 206 51
2.800000 193 52
2.840000 178 51
2.880000 158 54
2.920000 147 52
2.960000 132 56
3.000000 121 59
3.040000 112 61
3.080000 107 61
3.120000 105 57
3.160000 101 56
3.200000 101 52
3.240000 101 52
3.280000 101 51
3.320000 101 51
3.360000 101 51
3.400000 101 51
3.440000 101 51
3.480000 100 51
3.520000 101 51
3.560000 101 50
3.600000 101 50
3.640000 53 61
3.680000 99 50
3.720000 49 57
3.760000 90 50
3.800000 80 52
3.840000 69 51
3.880000 48 56
3.920000 39 54
3.960000 28 56
4.000000 18 59
4.040000 10 63
4.080000 7 64
4.120000 6 61
4.160000 6 59
4.200000 5 57
4.240000 5 57
4.280000 5 57
4.320000 5 57
4.360000 5 57
4.400000 5 57
4.440000 5 57
4.480000 5 57
4.520000 5 57
4.560000 5 57
4.600000 5 57
4.640000 5 57
4.680000 5 57
4.720000 5 57
4.760000 5 57
4.800000 5 57
4.840000 5 57
4.880000 5 57
4.920000 5 57
4.960000 5 57
5.000000 5 57
5.040000 5 57
5.080000 5 57
5.120000 5 57
5.160000 5 57
