1.800000 309 118
1.840000 303 119
1.880000 297 119
1.920000 293 120
1.960000 288 119
2.000000 283 119
2.040000 282 119
2.080000 278 117
2.120000 277 117
2.160000 274 118
2.200000 275 118
2.240000 273 118
2.280000 272 117
2.320000 271 118
2.360000 268 115
2.400000 266 114
2.440000 262 113
2.480000 258 112
2.520000 255 113
2.560000 250 112
2.600000 242 113
2.640000 236 113
2.680000 227 113
2.720000 220 115
2.760000 213 115
2.800000 205 117
2.840000 196 118
2.880000 190 118
2.920000 183 118
2.960000 179 118
3.000000 174 118
3.040000 173 117
3.080000 171 117
3.120000 169 115
3.160000 168 115
3.200000 166 114
3.240000 166 114
3.280000 167 114
3.320000 164 115
3.360000 158 113
3.400000 155 112
3.440000 152 111
3.480000 147 110
3.520000 139 109
3.560000 133 112
3.600000 125 111
3.640000 116 112
3.680000 108 113
3.720000 101 115
3.760000 90 115
3.800000 84 117
3.840000 77 117
3.880000 71 118
3.920000 67 118
3.960000 64 118
4.000000 60 118
4.040000 58 115
4.080000 56 114
4.120000 55 113
4.160000 55 113
4.200000 54 113
4.240000 53 112
4.280000 54 113
4.320000 49 111
4.360000 49 113
4.400000 49 112
4.440000 44 108
4.480000 39 108
4.520000 34 108
4.560000 28 108
4.600000 19 108
4.640000 12 109
4.680000 7 112
4.720000 6 119
4.760000 2 124
4.800000 1 113
4.840000 2 113
