2.080000 320 153
2.120000 320 154
2.160000 314 155
2.200000 308 155
2.240000 304 155
2.280000 299 155
2.320000 297 156
2.360000 293 156
2.400000 289 155
2.440000 285 155
2.480000 281 154
2.520000 277 154
2.560000 271 154
2.600000 266 154
2.640000 261 154
2.680000 256 155
2.720000 251 155
2.760000 246 156
2.800000 241 156
2.840000 236 158
2.880000 231 158
2.920000 226 156
2.960000 221 155
3.000000 216 154
3.040000 210 154
3.080000 205 154
3.120000 199 154
3.160000 194 154
3.200000 189 154
3.240000 184 155
3.280000 179 156
3.320000 174 155
3.360000 169 155
3.400000 164 155
3.440000 159 155
3.480000 155 155
3.520000 149 153
3.560000 143 153
3.600000 138 152
3.640000 132 152
3.680000 127 152
3.720000 122 154
3.760000 112 155
3.800000 107 155
3.840000 103 154
3.880000 97 154
3.920000 92 154
3.960000 85 150
4.000000 78 150
4.040000 72 150
4.080000 68 152
4.120000 68 154
4.160000 59 153
4.200000 56 154
4.240000 52 154
4.280000 47 154
4.320000 44 153
4.360000 39 152
4.400000 34 151
4.440000 33 150
4.480000 27 150
4.520000 23 150
4.560000 17 150
4.600000 13 149
4.640000 8 150
4.680000 2 152
4.720000 2 155
