2.080000 316 153
2.120000 311 154
2.160000 307 154
2.200000 303 155
2.240000 298 154
2.280000 294 155
2.320000 289 155
2.360000 284 155
2.400000 280 155
2.440000 277 155
2.480000 272 154
2.520000 268 154
2.560000 262 154
2.600000 258 154
2.640000 253 154
2.680000 247 154
2.720000 245 155
2.760000 241 156
2.800000 236 156
2.840000 231 158
2.880000 225 156
2.920000 222 156
2.960000 218 155
3.000000 212 154
3.040000 210 155
3.080000 205 154
3.120000 198 155
3.160000 191 154
3.200000 185 155
3.240000 182 156
3.280000 178 157
3.320000 173 158
3.360000 168 156
3.400000 162 155
3.440000 157 155
3.480000 151 155
3.520000 147 154
3.560000 142 154
3.600000 136 154
3.640000 131 154
3.680000 127 155
3.720000 118 154
3.760000 108 155
3.800000 104 155
3.840000 100 154
3.880000 95 154
3.920000 90 154
3.960000 90 153
4.000000 86 152
4.040000 81 152
4.080000 76 154
4.120000 64 154
4.160000 67 154
4.200000 60 155
4.240000 55 155
4.280000 54 155
4.320000 47 155
4.360000 43 155
4.400000 37 154
4.440000 29 150
4.480000 26 150
4.520000 21 150
4.560000 21 151
4.600000 14 150
4.640000 8 150
