0.000000 301 58
0.040000 301 58
0.080000 301 58
0.120000 301 58
0.160000 301 58
0.200000 301 58
0.240000 301 58
0.280000 301 58
0.320000 301 58
0.360000 301 58
0.400000 301 58
0.440000 301 58
0.480000 301 58
0.520000 301 58
0.560000 301 58
0.600000 301 58
0.640000 301 58
0.680000 301 58
0.720000 301 58
0.760000 301 58
0.800000 301 58
0.840000 301 58
0.880000 301 58
0.920000 301 58
0.960000 301 58
1.000000 301 58
1.040000 301 58
1.080000 301 58
1.120000 301 58
1.160000 301 58
1.200000 301 58
1.240000 301 58
1.280000 301 58
1.320000 301 58
1.360000 301 58
1.400000 301 58
1.440000 301 58
1.480000 301 58
1.520000 301 58
1.560000 301 58
1.600000 305 61
1.640000 310 63
1.680000 315 66
1.720000 303 61
1.760000 303 61
1.800000 289 66
1.840000 303 61
1.880000 262 57
1.920000 256 57
1.960000 253 56
2.000000 252 56
2.040000 252 56
2.080000 252 56
2.120000 252 56
2.160000 253 56
2.200000 253 56
2.240000 253 56
2.280000 253 56
2.320000 253 56
2.360000 253 56
2.400000 252 56
2.440000 252 58
2.480000 248 61
2.520000 245 65
2.560000 237 70
2.600000 227 70
2.640000 216 67
2.680000 200 59
2.720000 190 56
2.760000 173 56
2.800000 158 56
2.840000 144 55
2.880000 138 55
2.920000 138 52
2.960000 138 52
3.000000 137 52
3.040000 179 71
3.080000 138 53
3.120000 138 52
3.160000 138 56
3.200000 126 63
3.240000 113 57
3.280000 99 57
3.320000 138 54
3.360000 138 56
3.400000 82 55
3.440000 132 61
3.480000 127 66
3.520000 82 55
3.560000 105 67
3.600000 91 66
3.640000 80 56
3.680000 67 59
3.720000 54 57
3.760000 40 56
3.800000 33 57
3.840000 31 56
3.880000 31 56
3.920000 29 56
3.960000 29 56
4.000000 30 56
4.040000 30 56
4.080000 30 56
4.120000 31 56
4.160000 31 56
4.200000 29 56
4.240000 29 57
4.280000 29 57
4.320000 29 58
4.360000 27 61
4.400000 27 61
4.440000 27 61
4.480000 27 61
4.520000 27 61
4.560000 27 61
4.600000 27 61
4.640000 27 61
4.680000 27 61
4.720000 27 61
4.760000 27 61
