0.000000 303 60
0.040000 303 60
0.080000 303 60
0.120000 303 60
0.160000 303 60
0.200000 303 60
0.240000 303 60
0.280000 303 60
0.320000 303 60
0.360000 303 60
0.400000 303 60
0.440000 303 60
0.480000 303 60
0.520000 303 60
0.560000 303 60
0.600000 303 60
0.640000 303 60
0.680000 303 60
0.720000 303 60
0.760000 303 60
0.800000 303 60
0.840000 303 60
0.880000 303 60
0.920000 303 60
0.960000 303 60
1.000000 303 60
1.040000 303 60
1.080000 303 60
1.120000 303 60
1.160000 303 60
1.200000 303 60
1.240000 303 60
1.280000 303 60
1.320000 303 60
1.360000 303 60
1.400000 303 60
1.440000 303 60
1.480000 303 60
1.520000 303 60
1.560000 303 60
1.600000 303 60
1.640000 303 59
1.680000 303 59
1.720000 314 71
1.760000 306 61
1.800000 303 61
1.840000 304 63
1.880000 303 60
1.920000 303 61
1.960000 303 61
2.000000 299 66
2.040000 297 70
2.080000 290 73
2.120000 283 74
2.160000 273 73
2.200000 262 71
2.240000 253 67
2.280000 236 63
2.320000 221 58
2.360000 208 57
2.400000 199 57
2.440000 196 56
2.480000 195 56
2.520000 196 54
2.560000 195 55
2.600000 195 55
2.640000 195 55
2.680000 201 56
2.720000 195 56
2.760000 195 56
2.800000 195 56
2.840000 195 56
2.880000 195 56
2.920000 195 59
2.960000 192 63
3.000000 186 68
3.040000 138 53
3.080000 168 72
3.120000 155 70
3.160000 142 57
3.200000 138 54
3.240000 138 52
3.280000 138 54
3.320000 88 58
3.360000 84 56
3.400000 137 58
3.440000 82 55
3.480000 82 56
3.520000 116 68
3.560000 82 55
3.600000 82 56
3.640000 85 56
3.680000 81 57
3.720000 82 56
3.760000 82 56
3.800000 81 56
3.840000 81 58
3.880000 80 61
3.920000 75 66
3.960000 69 70
4.000000 62 70
4.040000 52 69
4.080000 42 67
4.120000 32 61
4.160000 18 63
4.200000 7 62
4.240000 2 63
4.280000 31 60
4.320000 29 62
4.360000 27 63
4.400000 25 64
4.440000 23 65
4.480000 23 65
4.520000 23 65
4.560000 23 65
4.600000 23 65
4.640000 23 65
4.680000 23 65
4.720000 23 65
4.760000 23 65
