0.000000 320 144
0.040000 320 144
0.080000 320 144
0.120000 320 144
0.160000 320 144
0.200000 320 144
0.240000 320 144
0.280000 320 144
0.320000 320 144
0.360000 320 144
0.400000 320 144
0.440000 320 144
0.480000 320 144
0.520000 320 144
0.560000 320 144
0.600000 320 144
0.640000 320 144
0.680000 320 144
0.720000 320 144
0.760000 320 144
0.800000 320 144
0.840000 320 144
0.880000 320 144
0.920000 320 144
0.960000 320 144
1.000000 320 144
1.040000 320 144
1.080000 320 144
1.120000 320 144
1.160000 320 144
1.200000 320 144
1.240000 320 144
1.280000 320 144
1.320000 320 144
1.360000 320 144
1.400000 320 144
1.440000 320 144
1.480000 320 144
1.520000 320 144
1.560000 320 144
1.600000 320 144
1.640000 320 144
1.680000 320 144
1.720000 320 144
1.760000 320 144
1.800000 320 144
1.840000 320 144
1.880000 320 144
1.920000 320 144
1.960000 320 144
2.000000 320 144
2.040000 320 144
2.080000 320 144
2.120000 320 144
2.160000 320 144
2.200000 320 139
2.240000 314 139
2.280000 309 138
2.320000 309 139
2.360000 299 139
2.400000 304 140
2.440000 303 139
2.480000 299 139
2.520000 295 139
2.560000 292 139
2.600000 288 137
2.640000 283 135
2.680000 277 135
2.720000 272 135
2.760000 267 135
2.800000 262 136
2.840000 255 138
2.880000 248 139
2.920000 241 139
2.960000 234 139
3.000000 231 139
3.040000 225 137
3.080000 219 135
3.120000 213 134
3.160000 207 134
3.200000 201 134
3.240000 197 137
3.280000 192 135
3.320000 188 137
3.360000 184 138
3.400000 183 139
3.440000 179 139
3.480000 175 139
3.520000 171 139
3.560000 167 139
3.600000 162 139
3.640000 157 137
3.680000 149 135
3.720000 143 135
3.760000 138 134
3.800000 132 134
3.840000 122 134
3.880000 118 135
3.920000 112 137
3.960000 103 138
4.000000 97 137
4.040000 91 135
4.080000 86 135
4.120000 80 135
4.160000 75 134
4.200000 69 132
4.240000 64 133
4.280000 60 133
4.320000 60 133
4.360000 64 134
4.400000 49 134
4.440000 49 134
4.480000 49 135
4.520000 44 135
4.560000 39 136
4.600000 34 134
4.640000 32 135
4.680000 29 134
4.720000 23 133
4.760000 18 130
4.800000 8 130
4.840000 6 130
4.880000 5 130
4.920000 3 130
4.960000 2 129
5.000000 2 129
5.040000 2 129
5.080000 2 129
5.120000 2 129
5.160000 2 129
5.200000 2 129
5.240000 2 129
