1.960000 320 115
2.000000 320 115
2.040000 314 117
2.080000 307 117
2.120000 303 117
2.160000 299 116
2.200000 296 118
2.240000 292 117
2.280000 288 118
2.320000 285 118
2.360000 282 117
2.400000 278 117
2.440000 275 116
2.480000 271 113
2.520000 266 113
2.560000 261 113
2.600000 257 113
2.640000 251 115
2.680000 247 117
2.720000 245 118
2.760000 240 118
2.800000 236 117
2.840000 231 117
2.880000 226 115
2.920000 221 115
2.960000 216 114
3.000000 211 114
3.040000 207 115
3.080000 203 116
3.120000 199 117
3.160000 194 117
3.200000 190 116
3.240000 185 115
3.280000 181 115
3.320000 179 115
3.360000 173 113
3.400000 168 113
3.440000 163 113
3.480000 158 113
3.520000 153 113
3.560000 149 114
3.600000 145 116
3.640000 142 116
3.680000 136 117
3.720000 132 117
3.760000 128 116
3.800000 123 113
3.840000 119 113
3.880000 114 112
3.920000 109 113
3.960000 105 114
4.000000 101 116
4.040000 93 116
4.080000 91 114
4.120000 87 115
4.160000 84 115
4.200000 80 113
4.240000 76 113
4.280000 73 113
4.320000 68 113
4.360000 63 113
4.400000 59 114
4.440000 55 115
4.480000 50 115
4.520000 48 116
4.560000 44 117
4.600000 40 115
4.640000 35 114
4.680000 32 113
4.720000 29 113
4.760000 23 113
4.800000 18 113
4.840000 14 113
4.880000 11 113
4.920000 6 113
5.000000 2 113
5.040000 2 116
