1.720000 320 156
1.760000 315 156
1.800000 313 156
1.840000 309 154
1.880000 304 154
1.920000 299 154
1.960000 295 154
2.000000 290 154
2.040000 286 154
2.080000 282 155
2.120000 277 155
2.160000 273 156
2.200000 268 156
2.240000 264 157
2.280000 260 156
2.320000 255 155
2.360000 250 154
2.400000 246 154
2.440000 241 154
2.480000 236 154
2.520000 231 154
2.560000 225 154
2.600000 220 155
2.640000 216 155
2.680000 210 156
2.720000 205 158
2.760000 201 158
2.800000 196 158
2.840000 190 156
2.880000 185 155
2.920000 180 154
2.960000 175 154
3.000000 170 154
3.040000 164 154
3.080000 158 155
3.120000 153 155
3.160000 149 156
3.200000 144 159
3.240000 141 159
3.280000 136 158
3.320000 131 156
3.360000 125 155
3.400000 121 154
3.440000 116 154
3.480000 110 154
3.520000 104 154
3.560000 99 154
3.600000 94 154
3.640000 88 154
3.680000 85 156
3.720000 81 157
3.760000 75 156
3.800000 71 156
3.840000 67 155
3.880000 62 154
3.920000 58 154
3.960000 53 152
4.000000 49 151
4.040000 44 151
4.080000 39 152
4.120000 35 153
4.160000 32 154
4.200000 28 154
4.240000 23 155
4.280000 21 154
4.320000 17 154
4.360000 13 154
4.400000 8 152
4.480000 2 150
