1.960000 320 118
2.000000 320 120
2.040000 320 122
2.080000 314 125
2.120000 309 127
2.160000 307 126
2.200000 304 126
2.240000 301 124
2.280000 299 125
2.320000 297 126
2.360000 293 123
2.400000 289 124
2.440000 284 123
2.480000 281 123
2.520000 276 124
2.560000 271 124
2.600000 267 126
2.640000 262 124
2.680000 257 124
2.720000 256 125
2.760000 252 125
2.800000 248 124
2.840000 246 124
2.880000 242 124
2.920000 236 124
2.960000 232 124
3.000000 227 124
3.040000 223 123
3.080000 218 123
3.120000 215 124
3.160000 212 124
3.200000 210 124
3.240000 205 124
3.280000 202 124
3.320000 199 124
3.360000 194 124
3.400000 190 123
3.440000 184 123
3.480000 179 123
3.520000 174 124
3.560000 169 124
3.600000 165 124
3.640000 160 123
3.680000 154 124
3.720000 148 124
3.760000 146 124
3.800000 142 124
3.840000 138 123
3.880000 133 120
3.920000 129 121
3.960000 123 121
4.000000 118 122
4.040000 114 122
4.080000 110 122
4.120000 107 123
4.160000 106 122
4.200000 99 123
4.240000 95 123
4.280000 91 123
4.320000 88 122
4.360000 84 122
4.400000 80 122
4.440000 75 123
4.480000 70 123
4.520000 67 123
4.560000 62 123
4.600000 58 124
4.640000 55 124
4.680000 49 124
4.720000 44 124
4.760000 43 124
4.800000 38 123
4.840000 34 122
4.880000 31 122
4.920000 27 121
4.960000 22 122
5.000000 18 122
5.040000 14 121
5.080000 12 122
5.120000 12 122
5.160000 8 121
5.240000 2 122
5.280000 2 121
5.320000 2 123
