1.960000 320 119
2.000000 320 121
2.040000 314 122
2.080000 309 126
2.120000 305 128
2.160000 303 127
2.200000 299 127
2.240000 296 125
2.280000 294 126
2.320000 290 126
2.360000 287 124
2.400000 283 124
2.440000 279 123
2.480000 275 124
2.520000 270 124
2.560000 266 124
2.600000 262 126
2.640000 257 125
2.680000 253 125
2.720000 251 125
2.760000 247 126
2.800000 244 124
2.840000 241 124
2.880000 237 124
2.920000 233 124
2.960000 229 124
3.000000 223 124
3.040000 220 124
3.080000 214 124
3.120000 210 124
3.160000 207 124
3.200000 204 124
3.240000 201 124
3.280000 196 124
3.320000 194 125
3.360000 190 124
3.400000 184 123
3.440000 179 123
3.480000 174 123
3.520000 169 124
3.560000 164 124
3.600000 162 124
3.640000 157 124
3.680000 152 124
3.720000 147 124
3.760000 143 124
3.800000 142 124
3.840000 137 123
3.880000 133 122
3.920000 129 122
3.960000 123 122
4.000000 118 123
4.040000 112 123
4.080000 107 123
4.120000 105 124
4.160000 103 123
4.200000 100 123
4.240000 95 124
4.280000 92 123
4.320000 90 123
4.360000 86 123
4.400000 82 123
4.440000 77 124
4.480000 73 124
4.520000 69 124
4.560000 65 124
4.600000 60 124
4.640000 58 124
4.680000 54 124
4.720000 49 126
4.760000 44 124
4.800000 40 124
4.840000 38 123
4.880000 34 122
4.920000 29 122
4.960000 25 123
5.000000 22 123
5.040000 18 122
5.080000 17 123
5.120000 14 123
5.160000 12 122
5.200000 7 122
5.240000 1 123
5.280000 2 122
5.320000 2 122
