0.000000 287 61
0.040000 287 61
0.080000 287 61
0.120000 287 61
0.160000 287 61
0.200000 287 61
0.240000 287 61
0.280000 287 61
0.320000 287 61
0.360000 287 61
0.400000 287 61
0.440000 287 61
0.480000 287 61
0.520000 287 61
0.560000 287 61
0.600000 287 61
0.640000 287 61
0.680000 287 61
0.720000 287 61
0.760000 287 61
0.800000 287 61
0.840000 287 61
0.880000 287 61
0.920000 287 61
0.960000 287 61
1.000000 287 61
1.040000 287 61
1.080000 287 61
1.120000 287 61
1.160000 287 61
1.200000 287 61
1.240000 285 59
1.280000 284 58
1.320000 283 57
1.360000 283 57
1.400000 283 56
1.440000 283 57
1.480000 268 61
1.520000 253 62
1.560000 244 66
1.600000 284 56
1.640000 235 61
1.680000 233 59
1.720000 282 56
1.760000 275 56
1.800000 232 56
1.840000 251 56
1.880000 233 56
1.920000 221 54
1.960000 207 56
2.000000 194 58
2.040000 184 59
2.080000 183 57
2.120000 179 55
2.160000 179 54
2.200000 179 52
2.240000 179 53
2.280000 179 54
2.320000 180 52
2.360000 179 53
2.400000 179 53
2.440000 179 52
2.480000 131 61
2.520000 180 51
2.560000 179 51
2.600000 177 51
2.640000 167 53
2.680000 153 52
2.720000 136 55
2.760000 124 52
2.800000 108 52
2.840000 94 56
2.880000 82 59
2.920000 75 61
2.960000 74 56
3.000000 73 56
3.040000 71 55
3.080000 71 53
3.120000 71 52
3.160000 71 53
3.200000 71 52
3.240000 69 52
3.280000 48 60
3.320000 38 61
3.360000 70 52
3.400000 70 51
3.440000 70 50
3.480000 69 52
3.520000 61 55
3.560000 50 54
3.600000 25 56
3.640000 20 56
3.680000 15 56
3.720000 10 56
3.760000 2 56
3.800000 9 56
3.840000 17 56
3.880000 24 56
3.920000 23 56
3.960000 23 56
4.000000 23 56
4.040000 23 56
4.080000 23 56
4.120000 23 56
4.160000 23 56
4.200000 23 56
4.240000 23 56
4.280000 23 56
4.320000 23 56
4.360000 23 56
4.400000 23 56
4.440000 23 56
