0.000000 287 61
0.040000 287 61
0.080000 287 61
0.120000 287 61
0.160000 287 61
0.200000 287 61
0.240000 287 61
0.280000 287 61
0.320000 287 61
0.360000 287 61
0.400000 287 61
0.440000 287 61
0.480000 287 61
0.520000 287 61
0.560000 287 61
0.600000 287 61
0.640000 287 61
0.680000 287 61
0.720000 287 61
0.760000 287 61
0.800000 287 61
0.840000 287 61
0.880000 287 61
0.920000 287 61
0.960000 287 61
1.000000 287 61
1.040000 287 61
1.080000 287 61
1.120000 287 61
1.160000 287 61
1.200000 295 64
1.240000 303 66
1.280000 311 69
1.320000 315 65
1.360000 305 63
1.400000 298 65
1.440000 281 61
1.480000 285 59
1.520000 283 56
1.560000 283 56
1.600000 236 63
1.640000 283 56
1.680000 283 55
1.720000 232 56
1.760000 232 56
1.800000 266 58
1.840000 233 56
1.880000 235 61
1.920000 236 57
1.960000 231 56
2.000000 231 56
2.040000 231 56
2.080000 232 56
2.120000 231 55
2.160000 227 56
2.200000 220 57
2.240000 205 57
2.280000 190 61
2.320000 179 56
2.360000 164 56
2.400000 149 58
2.440000 179 52
2.480000 179 52
2.520000 127 57
2.560000 125 56
2.600000 125 54
2.640000 125 54
2.680000 124 54
2.720000 125 54
2.760000 127 55
2.800000 127 55
2.840000 123 54
2.880000 125 54
2.920000 124 53
2.960000 125 52
3.000000 125 54
3.040000 123 54
3.080000 114 55
3.120000 102 56
3.160000 90 58
3.200000 70 56
3.240000 60 58
3.280000 70 52
3.320000 70 51
3.360000 29 62
3.400000 28 61
3.440000 27 57
3.480000 25 56
3.520000 24 56
3.560000 23 56
3.600000 27 57
3.640000 26 57
3.680000 25 57
3.720000 24 57
3.760000 23 56
3.800000 25 56
3.840000 24 56
3.880000 23 55
3.920000 24 56
3.960000 19 57
4.000000 19 57
4.040000 19 57
4.080000 19 57
4.120000 19 57
4.160000 19 57
4.200000 19 57
4.240000 19 57
4.280000 19 57
4.320000 19 57
4.360000 19 57
4.400000 19 57
4.440000 19 57
