0.000000 320 119
0.040000 320 119
0.080000 320 119
0.120000 320 119
0.160000 320 119
0.200000 320 119
0.240000 320 119
0.280000 320 119
0.320000 320 119
0.360000 320 119
0.400000 320 119
0.440000 320 119
0.480000 320 119
0.520000 320 119
0.560000 320 119
0.600000 320 119
0.640000 320 119
0.680000 320 119
0.720000 320 119
0.760000 320 119
0.800000 320 119
0.840000 320 119
0.880000 320 119
0.920000 320 119
0.960000 320 119
1.000000 320 119
1.040000 320 119
1.080000 320 119
1.120000 320 119
1.160000 320 119
1.200000 320 119
1.240000 320 119
1.280000 320 119
1.320000 320 119
1.360000 320 119
1.400000 320 119
1.440000 320 119
1.480000 320 119
1.520000 320 119
1.560000 320 119
1.600000 320 119
1.640000 320 119
1.680000 320 119
1.720000 320 119
1.760000 320 119
1.800000 320 119
1.840000 320 119
1.880000 320 119
1.920000 314 119
1.960000 311 119
2.000000 308 119
2.040000 303 119
2.080000 299 118
2.120000 296 118
2.160000 292 115
2.200000 288 113
2.240000 283 113
2.280000 277 115
2.320000 272 115
2.360000 269 115
2.400000 265 117
2.440000 262 117
2.480000 257 118
2.520000 256 119
2.560000 252 118
2.600000 247 117
2.640000 245 117
2.680000 240 116
2.720000 232 113
2.760000 227 114
2.800000 219 113
2.840000 216 113
2.880000 210 114
2.920000 209 116
2.960000 201 118
3.000000 196 118
3.040000 192 118
3.080000 187 117
3.120000 183 117
3.160000 179 117
3.200000 174 115
3.240000 168 114
3.280000 162 114
3.320000 157 114
3.360000 152 115
3.400000 147 116
3.440000 143 116
3.480000 141 118
3.520000 137 119
3.560000 132 119
3.600000 129 118
3.640000 125 118
3.680000 120 116
3.720000 114 115
3.760000 110 113
3.800000 104 114
3.840000 99 116
3.880000 95 117
3.920000 91 118
3.960000 88 119
4.000000 81 119
4.040000 76 119
4.080000 71 119
4.120000 69 117
4.160000 62 115
4.200000 58 114
4.240000 54 114
4.280000 49 113
4.320000 44 113
4.360000 38 113
4.400000 34 114
4.440000 32 115
4.480000 28 117
4.520000 23 118
4.560000 23 119
4.600000 18 119
4.640000 14 118
4.680000 12 115
4.720000 10 111
4.760000 2 109
4.800000 2 113
4.840000 2 113
4.880000 2 113
4.920000 2 113
4.960000 2 113
5.000000 2 113
5.040000 2 113
5.080000 2 113
5.120000 2 113
5.160000 2 113
5.200000 2 113
5.240000 2 113
5.280000 2 113
