2.240000 314 159
2.280000 314 158
2.320000 311 156
2.360000 308 155
2.400000 303 155
2.440000 298 154
2.480000 293 154
2.520000 288 154
2.560000 283 154
2.600000 278 154
2.640000 274 154
2.680000 270 155
2.720000 266 158
2.760000 262 156
2.800000 257 156
2.840000 252 155
2.880000 247 154
2.920000 242 154
2.960000 237 154
3.000000 232 154
3.040000 227 154
3.080000 223 154
3.120000 219 155
3.160000 214 156
3.200000 209 157
3.240000 204 157
3.280000 199 156
3.320000 194 155
3.360000 188 154
3.400000 183 154
3.440000 178 154
3.480000 173 154
3.520000 168 154
3.560000 163 155
3.600000 158 156
3.640000 154 156
3.680000 150 156
3.720000 146 155
3.760000 141 154
3.800000 136 154
3.840000 131 153
3.880000 125 152
3.920000 120 152
3.960000 115 153
4.000000 111 154
4.040000 106 154
4.080000 101 155
4.120000 97 155
4.160000 91 155
4.200000 86 155
4.240000 81 154
4.280000 77 154
4.320000 71 150
4.360000 68 152
4.400000 63 152
4.440000 58 152
4.480000 51 154
4.520000 46 154
4.560000 44 154
4.600000 39 154
4.640000 36 152
4.680000 32 150
4.720000 28 150
4.760000 23 149
4.800000 18 149
4.840000 13 149
4.880000 8 149
4.920000 7 150
4.960000 2 150
5.000000 2 152
5.040000 2 150
