0.000000 320 153
0.040000 320 153
0.080000 320 153
0.120000 320 153
0.160000 320 153
0.200000 320 153
0.240000 320 153
0.280000 320 153
0.320000 320 153
0.360000 320 153
0.400000 320 153
0.440000 320 153
0.480000 320 153
0.520000 320 153
0.560000 320 153
0.600000 320 153
0.640000 320 153
0.680000 320 153
0.720000 320 153
0.760000 320 153
0.800000 320 153
0.840000 320 153
0.880000 320 153
0.920000 320 153
0.960000 320 153
1.000000 320 153
1.040000 320 153
1.080000 320 153
1.120000 320 153
1.160000 320 153
1.200000 320 153
1.240000 320 153
1.280000 320 153
1.320000 320 153
1.360000 320 153
1.400000 320 153
1.440000 320 153
1.480000 320 153
1.520000 320 153
1.560000 320 153
1.600000 320 153
1.640000 320 155
1.680000 313 155
1.720000 308 155
1.760000 303 155
1.800000 299 156
1.840000 297 158
1.880000 293 159
1.920000 288 159
1.960000 285 158
2.000000 282 157
2.040000 277 156
2.080000 272 155
2.120000 267 156
2.160000 262 155
2.200000 258 156
2.240000 255 155
2.280000 251 159
2.320000 246 159
2.360000 242 158
2.400000 238 159
2.440000 234 159
2.480000 229 158
2.520000 224 156
2.560000 219 155
2.600000 214 154
2.640000 209 154
2.680000 204 155
2.720000 199 155
2.760000 194 156
2.800000 190 159
2.840000 185 159
2.880000 183 159
2.920000 178 158
2.960000 173 157
3.000000 168 156
3.040000 162 155
3.080000 157 154
3.120000 151 154
3.160000 145 154
3.200000 142 155
3.240000 138 156
3.280000 132 159
3.320000 128 159
3.360000 125 159
3.400000 119 156
3.440000 115 155
3.480000 107 154
3.520000 101 152
3.560000 96 150
3.600000 91 150
3.640000 88 151
3.680000 84 152
3.720000 80 154
3.760000 71 156
3.800000 69 156
3.840000 66 156
3.880000 62 155
3.920000 58 154
3.960000 53 153
4.000000 48 153
4.040000 43 153
4.080000 38 152
4.120000 37 154
4.160000 32 154
4.200000 28 154
4.240000 23 154
4.280000 20 154
4.320000 17 152
4.360000 10 152
4.400000 8 153
4.440000 6 153
4.480000 4 154
4.520000 2 155
4.560000 2 155
4.600000 2 155
4.640000 2 155
4.680000 2 155
4.720000 2 155
4.760000 2 155
4.800000 2 155
4.840000 2 155
4.880000 2 155
4.920000 2 155
4.960000 2 155
5.000000 2 155
