2.040000 288 135
2.080000 284 135
2.120000 282 135
2.160000 277 136
2.200000 272 137
2.240000 267 137
2.280000 262 139
2.320000 255 138
2.360000 251 138
2.400000 247 137
2.440000 242 134
2.480000 236 133
2.520000 233 134
2.560000 230 134
2.600000 225 134
2.640000 221 135
2.680000 219 134
2.720000 216 135
2.760000 212 137
2.800000 209 139
2.840000 207 139
2.880000 201 137
2.920000 202 137
2.960000 200 135
3.000000 195 134
3.040000 190 134
3.080000 185 134
3.120000 181 135
3.160000 177 135
3.200000 172 134
3.240000 165 136
