1.200000 294 61
1.280000 296 57
1.320000 296 57
1.360000 296 58
1.400000 295 59
1.440000 297 61
1.480000 297 58
1.520000 297 59
1.560000 297 59
1.600000 297 61
1.640000 295 61
1.680000 251 56
1.720000 292 66
1.760000 288 70
1.800000 278 71
1.840000 250 57
1.880000 257 61
1.920000 244 56
1.960000 229 55
2.000000 216 54
2.040000 205 55
2.080000 202 54
2.120000 201 52
2.160000 202 52
2.200000 202 52
2.240000 203 53
2.280000 203 54
2.320000 205 56
2.360000 203 54
2.400000 204 54
2.440000 204 54
2.480000 204 56
2.520000 203 56
2.560000 200 58
2.600000 199 61
2.640000 152 55
2.680000 184 67
2.720000 174 66
2.760000 163 65
2.800000 149 56
2.840000 134 56
2.880000 121 52
2.920000 108 52
2.960000 101 54
3.000000 101 51
3.040000 101 51
3.080000 101 51
3.120000 101 51
3.160000 103 52
3.200000 103 53
3.240000 103 53
3.280000 103 53
3.320000 103 52
3.360000 103 53
3.400000 102 56
3.440000 101 57
3.480000 99 60
3.520000 94 66
3.560000 85 66
3.600000 78 66
3.640000 64 66
3.680000 54 56
3.720000 42 56
3.760000 29 56
3.800000 19 56
3.840000 15 56
3.880000 14 56
3.920000 14 56
3.960000 14 56
4.000000 14 56
4.040000 14 56
4.160000 14 57
4.200000 14 57
4.240000 16 57
4.280000 14 58
