1.520000 298 118
1.560000 294 119
1.600000 288 118
1.640000 284 117
1.680000 281 117
1.720000 279 117
1.760000 277 117
1.800000 275 117
1.840000 273 117
2.040000 257 114
2.080000 252 113
2.120000 249 117
2.160000 245 118
2.200000 240 117
2.360000 227 113
2.400000 222 116
2.440000 216 117
2.480000 212 117
2.520000 207 118
2.560000 201 117
2.600000 197 117
2.640000 194 117
2.680000 190 115
2.720000 188 115
2.760000 185 115
2.800000 184 113
3.280000 133 113
3.440000 117 114
3.480000 112 117
3.520000 106 116
3.560000 101 115
3.600000 96 115
3.640000 93 114
3.680000 90 113
4.080000 70 112
4.120000 66 111
4.160000 60 111
4.200000 56 111
