0.000000 320 109
0.040000 320 109
0.080000 320 109
0.120000 320 109
0.160000 320 109
0.200000 320 109
0.240000 320 109
0.280000 320 109
0.320000 320 109
0.360000 320 109
0.400000 320 109
0.440000 320 109
0.480000 320 109
0.520000 320 109
0.560000 320 109
0.600000 320 109
0.640000 320 109
0.680000 320 109
0.720000 320 109
0.760000 320 109
0.800000 320 109
0.840000 320 109
0.880000 320 109
0.920000 320 109
0.960000 320 109
1.000000 320 109
1.040000 320 109
1.080000 320 109
1.120000 320 109
1.160000 320 109
1.200000 320 109
1.240000 320 109
1.280000 320 109
1.320000 320 109
1.360000 320 109
1.400000 320 109
1.440000 320 109
1.480000 320 109
1.520000 320 109
1.560000 320 109
1.600000 320 109
1.640000 320 109
1.680000 320 109
1.720000 320 109
1.760000 320 109
1.800000 320 109
1.840000 320 109
1.880000 320 109
1.920000 320 107
1.960000 314 107
2.000000 310 109
2.040000 316 111
2.080000 313 113
2.120000 307 113
2.160000 300 112
2.200000 293 112
2.240000 286 109
2.280000 277 111
2.320000 271 113
2.360000 262 112
2.400000 255 112
2.440000 251 113
2.480000 246 112
2.520000 241 111
2.560000 240 110
2.600000 238 109
2.640000 237 109
2.680000 236 108
2.720000 236 109
2.760000 236 110
2.800000 234 109
2.840000 232 108
2.880000 231 108
2.920000 226 108
2.960000 221 109
3.000000 216 109
3.040000 210 108
3.080000 205 108
3.120000 196 108
3.160000 188 109
3.200000 179 109
3.240000 169 109
3.280000 160 112
3.320000 153 113
3.360000 147 113
3.400000 142 113
3.440000 137 112
3.480000 133 109
3.520000 132 108
3.560000 132 108
3.600000 131 108
3.640000 129 108
3.680000 127 108
3.720000 127 108
3.760000 125 108
3.800000 125 105
3.840000 122 104
3.880000 118 104
3.920000 114 104
3.960000 109 106
4.000000 103 104
4.040000 97 108
4.080000 90 107
4.120000 84 107
4.160000 73 108
4.200000 65 108
4.240000 58 109
4.280000 52 111
4.320000 45 112
4.360000 40 111
4.400000 34 109
4.440000 33 110
4.480000 29 108
4.520000 29 108
4.560000 28 108
4.600000 27 108
4.640000 25 107
4.680000 24 104
4.720000 23 107
4.760000 23 104
4.800000 22 104
4.840000 19 103
4.880000 18 104
4.920000 12 105
4.960000 12 105
5.000000 12 105
5.040000 12 105
5.080000 12 105
5.120000 12 105
5.160000 12 105
5.200000 12 105
5.240000 12 105
5.280000 12 105
