0.000000 314 145
0.040000 314 145
0.080000 314 145
0.120000 314 145
0.160000 314 145
0.200000 314 145
0.240000 314 145
0.280000 314 145
0.320000 314 145
0.360000 314 145
0.400000 314 145
0.440000 314 145
0.480000 314 145
0.520000 314 145
0.560000 314 145
0.600000 314 145
0.640000 314 145
0.680000 314 145
0.720000 314 145
0.760000 314 145
0.800000 314 145
0.840000 314 145
0.880000 314 145
0.920000 314 145
0.960000 314 145
1.000000 314 145
1.040000 314 145
1.080000 314 145
1.120000 314 145
1.160000 314 145
1.200000 314 145
1.240000 314 145
1.280000 314 145
1.320000 314 145
1.360000 314 145
1.400000 314 145
1.440000 314 145
1.480000 314 145
1.520000 314 145
1.560000 314 145
1.600000 314 145
1.640000 314 145
1.680000 314 145
1.720000 314 145
1.760000 314 145
1.800000 314 145
1.840000 314 145
1.880000 312 144
1.920000 309 144
1.960000 304 144
2.000000 300 144
2.040000 296 144
2.080000 293 145
2.120000 289 145
2.160000 286 146
2.200000 283 148
2.240000 279 147
2.280000 277 146
2.320000 273 145
2.360000 270 145
2.400000 266 144
2.440000 261 144
2.480000 257 144
2.520000 253 145
2.560000 250 145
2.600000 246 145
2.640000 241 147
2.680000 237 148
2.720000 234 147
2.760000 230 146
2.800000 227 145
2.840000 221 145
2.880000 217 144
2.920000 212 144
2.960000 207 144
3.000000 203 145
3.040000 199 145
3.080000 194 145
3.120000 191 146
3.160000 187 146
3.200000 183 148
3.240000 183 148
3.280000 179 145
3.320000 170 145
3.360000 171 144
3.400000 167 144
3.440000 161 144
3.480000 157 144
3.520000 152 145
3.560000 148 145
3.600000 146 145
3.640000 142 145
3.680000 137 146
3.720000 132 147
3.760000 127 145
3.800000 121 144
3.840000 120 143
3.880000 116 141
3.920000 112 142
3.960000 106 143
4.000000 101 144
4.040000 97 144
4.080000 92 145
4.120000 86 145
4.160000 87 145
4.200000 84 145
4.240000 80 145
4.280000 76 144
4.320000 72 143
4.360000 68 140
4.400000 64 141
4.440000 59 141
4.480000 55 143
4.520000 52 144
4.560000 48 144
4.600000 44 145
4.640000 42 145
4.680000 38 145
4.720000 33 144
4.760000 26 143
4.800000 27 141
4.840000 22 140
4.880000 18 139
4.920000 13 140
4.960000 9 140
5.000000 7 140
5.040000 2 142
5.080000 2 142
5.120000 2 142
5.160000 2 142
5.200000 2 142
5.240000 2 142
5.280000 2 142
