0.000000 307 117
0.040000 307 117
0.080000 307 117
0.120000 307 117
0.160000 307 117
0.200000 307 117
0.240000 307 117
0.280000 307 117
0.320000 307 117
0.360000 307 117
0.400000 307 117
0.440000 307 117
0.480000 307 117
0.520000 307 117
0.560000 307 117
0.600000 307 117
0.640000 307 117
0.680000 307 117
0.720000 307 117
0.760000 307 117
0.800000 307 117
0.840000 307 117
0.880000 307 117
0.920000 307 117
0.960000 307 117
1.000000 307 117
1.040000 307 117
1.080000 307 117
1.120000 307 117
1.160000 307 117
1.200000 307 117
1.240000 307 117
1.280000 307 117
1.320000 307 117
1.360000 307 117
1.400000 307 117
1.440000 307 117
1.480000 307 117
1.520000 307 117
1.560000 307 117
1.600000 307 117
1.640000 307 117
1.680000 307 117
1.720000 307 117
1.760000 307 117
1.800000 307 117
1.840000 307 117
1.880000 299 115
1.920000 294 113
1.960000 288 114
2.000000 286 115
2.040000 283 115
2.080000 279 115
2.120000 279 117
2.160000 277 115
2.200000 274 115
2.240000 272 115
2.280000 269 114
2.320000 264 114
2.360000 260 114
2.400000 257 114
2.440000 254 114
2.480000 247 113
2.520000 240 113
2.560000 237 113
2.600000 234 113
2.640000 231 113
2.680000 229 113
2.720000 226 113
2.760000 223 113
2.800000 216 115
2.840000 208 113
2.880000 200 113
2.920000 194 113
2.960000 190 113
3.000000 189 114
3.040000 186 115
3.080000 183 114
3.120000 179 113
3.160000 175 114
3.200000 172 115
3.240000 168 115
3.280000 161 117
3.320000 157 117
3.360000 154 117
3.400000 150 117
3.440000 147 116
3.480000 143 116
3.520000 140 116
3.560000 136 115
3.600000 133 115
3.640000 129 115
3.680000 126 114
3.720000 122 114
3.760000 119 114
3.800000 110 113
3.840000 104 113
3.880000 99 113
3.920000 90 112
3.960000 89 112
4.000000 88 112
4.040000 87 111
4.080000 86 111
4.120000 85 111
4.160000 84 110
4.200000 83 110
4.240000 82 110
4.280000 81 109
4.320000 80 109
4.360000 79 108
4.400000 75 108
4.440000 71 109
4.480000 60 111
4.520000 54 112
4.560000 49 112
4.600000 44 113
4.640000 39 113
4.680000 34 113
4.720000 29 114
4.760000 24 114
4.800000 19 115
4.840000 14 115
4.880000 9 115
4.920000 9 115
4.960000 9 115
5.000000 9 115
5.040000 9 115
5.080000 9 115
5.120000 9 115
5.160000 9 115
5.200000 9 115
5.240000 9 115
5.280000 9 115
