2.680000 251 119
2.720000 247 118
2.760000 241 117
2.800000 236 117
2.840000 232 118
2.880000 228 118
2.920000 224 118
2.960000 220 118
3.000000 215 118
3.040000 210 116
3.080000 205 115
3.120000 199 114
3.160000 193 114
3.200000 187 115
3.240000 182 116
3.280000 178 116
3.320000 174 117
3.360000 169 117
3.400000 165 118
3.440000 161 118
3.480000 157 118
3.520000 153 117
3.560000 148 115
3.600000 143 114
3.640000 138 114
3.680000 132 115
3.720000 127 116
3.760000 121 117
3.800000 117 117
3.840000 113 117
3.880000 109 116
3.920000 105 117
3.960000 100 116
4.000000 96 116
4.040000 91 116
4.080000 86 115
4.120000 82 115
4.160000 77 114
4.200000 71 115
4.240000 66 115
4.280000 62 114
4.320000 58 115
4.360000 54 115
4.400000 50 116
4.440000 47 118
4.480000 43 118
4.520000 40 118
4.560000 37 117
4.600000 34 116
4.640000 31 116
4.680000 27 115
4.720000 21 116
4.760000 15 115
4.800000 11 115
4.840000 7 115
4.880000 5 115
4.920000 3 115
4.960000 3 116
