2.680000 261 55
2.720000 254 55
2.760000 247 55
2.800000 236 54
2.840000 226 54
2.880000 216 54
2.920000 206 54
2.960000 194 54
3.000000 193 54
3.040000 191 55
3.080000 198 53
3.120000 199 52
3.160000 192 52
3.200000 181 53
3.240000 179 52
3.280000 169 53
3.320000 156 53
3.360000 157 53
3.400000 154 53
3.440000 153 53
3.480000 153 54
3.520000 152 54
3.560000 151 54
3.600000 150 53
3.640000 149 52
3.680000 147 52
3.720000 140 52
3.760000 126 53
3.800000 119 53
3.840000 107 53
3.880000 95 53
3.920000 87 55
3.960000 81 55
4.000000 73 57
4.040000 63 60
4.080000 55 62
4.120000 50 63
4.160000 46 61
4.200000 47 60
4.240000 47 58
4.280000 47 56
4.320000 47 56
4.360000 46 56
4.400000 45 55
4.440000 44 56
4.480000 43 56
4.520000 40 57
4.560000 36 56
4.600000 27 57
4.640000 20 57
4.680000 23 56
4.720000 31 53
4.760000 38 53
4.800000 38 54
4.840000 25 55
4.880000 21 56
4.920000 25 57
4.960000 24 57
