1.920000 320 150
1.960000 317 150
2.000000 313 150
2.040000 308 152
2.080000 303 152
2.120000 299 154
2.160000 296 153
2.200000 292 152
2.240000 288 150
2.280000 283 150
2.320000 277 150
2.360000 272 150
2.400000 267 150
2.440000 262 151
2.480000 260 154
2.520000 256 154
2.560000 251 154
2.600000 247 154
2.640000 242 154
2.680000 238 151
2.720000 234 150
2.760000 230 150
2.800000 224 150
2.840000 219 150
2.880000 214 150
2.920000 210 152
2.960000 205 151
3.000000 200 152
3.040000 195 150
3.080000 190 150
3.120000 184 150
3.160000 179 150
3.200000 174 150
3.240000 169 149
3.280000 164 150
3.320000 158 150
3.360000 154 151
3.400000 151 152
3.440000 147 153
3.480000 142 152
3.520000 137 152
3.560000 132 151
3.600000 127 150
3.640000 122 148
3.680000 117 148
3.720000 112 148
3.760000 107 149
3.800000 103 150
3.840000 97 149
3.880000 93 150
3.920000 88 150
3.960000 85 154
4.000000 80 150
4.040000 75 150
4.080000 70 149
4.120000 65 148
4.160000 60 148
4.200000 55 149
4.240000 52 149
4.280000 47 149
4.320000 44 149
4.360000 39 149
4.400000 36 150
4.440000 32 149
4.480000 28 148
4.520000 23 147
4.560000 19 146
4.600000 16 146
4.640000 12 145
4.680000 8 146
4.760000 2 149
4.800000 2 149
