1.880000 320 112
1.920000 312 113
1.960000 307 115
2.000000 302 115
2.040000 299 118
2.080000 295 117
2.120000 293 118
2.160000 288 115
2.200000 286 114
2.240000 283 115
2.280000 277 113
2.320000 272 114
2.360000 267 113
2.400000 262 113
2.440000 257 115
2.480000 252 117
2.520000 247 118
2.560000 244 117
2.600000 241 117
2.640000 236 117
2.680000 232 114
2.720000 229 113
2.760000 223 113
2.800000 218 113
2.840000 211 113
2.880000 205 113
2.920000 202 113
2.960000 199 113
3.000000 194 115
3.040000 190 113
3.080000 188 113
3.120000 183 113
3.160000 179 113
3.200000 173 112
3.240000 167 113
3.280000 161 113
3.320000 157 113
3.360000 153 113
3.400000 149 113
3.440000 145 115
3.480000 142 116
3.520000 136 113
3.560000 132 113
3.600000 127 112
3.640000 122 109
3.680000 116 109
3.720000 111 112
3.760000 106 113
3.800000 101 113
3.840000 99 113
3.880000 95 115
3.920000 90 115
3.960000 86 115
4.000000 82 113
4.040000 79 113
4.080000 75 113
4.120000 69 112
4.160000 64 113
4.200000 59 113
4.240000 55 113
4.280000 51 114
4.320000 49 114
4.360000 44 114
4.400000 40 115
4.440000 38 113
4.480000 33 113
4.520000 28 113
4.560000 23 111
4.600000 19 113
4.640000 14 113
4.680000 10 113
4.720000 8 113
4.760000 6 113
4.800000 2 114
