1.880000 303 87
1.920000 316 84
1.960000 301 87
2.000000 298 87
2.040000 290 91
2.080000 284 91
2.120000 278 92
2.160000 273 90
2.200000 269 87
2.240000 265 87
2.280000 261 87
2.320000 257 87
2.360000 252 85
2.400000 250 86
2.440000 247 85
2.480000 245 87
2.520000 246 87
2.560000 242 87
2.600000 242 87
2.640000 241 87
2.680000 238 87
2.720000 236 85
2.760000 231 86
2.800000 223 85
2.840000 214 85
2.880000 197 84
2.920000 198 85
2.960000 190 87
3.000000 181 89
3.040000 174 89
3.080000 191 83
3.120000 166 87
3.160000 162 86
3.200000 157 83
3.240000 153 83
3.280000 148 85
3.320000 147 83
3.360000 144 82
3.400000 143 85
3.440000 143 87
3.480000 142 87
3.520000 141 85
3.560000 138 83
3.600000 137 83
3.640000 133 82
3.680000 127 82
3.720000 121 83
3.760000 110 83
3.800000 94 83
3.840000 94 85
3.880000 91 87
3.920000 80 89
3.960000 74 89
4.000000 70 87
4.040000 65 85
4.080000 60 84
4.120000 57 85
4.160000 53 86
4.200000 49 86
4.240000 47 85
4.280000 45 85
4.320000 44 87
4.360000 44 87
4.400000 44 87
4.440000 42 85
4.480000 40 84
4.520000 38 85
4.560000 34 83
4.600000 29 85
4.640000 23 85
4.680000 13 87
4.720000 7 87
4.760000 1 87
4.800000 2 87
