1.880000 293 60
1.920000 293 60
1.960000 294 61
2.000000 294 60
2.040000 294 61
2.080000 294 61
2.120000 294 61
2.160000 293 61
2.200000 293 61
2.240000 293 61
2.280000 293 61
2.320000 292 61
2.360000 245 61
2.400000 244 61
2.440000 284 65
2.480000 278 67
2.520000 270 67
2.560000 259 67
2.600000 247 61
2.640000 236 59
2.680000 223 56
2.720000 210 56
2.760000 200 56
2.800000 195 56
2.840000 195 56
2.880000 195 56
2.920000 236 67
2.960000 195 56
3.000000 195 56
3.040000 196 56
3.080000 195 57
3.120000 195 56
3.160000 178 66
3.200000 195 56
3.240000 194 56
3.280000 194 56
3.320000 143 59
3.360000 142 56
3.400000 188 61
3.440000 182 65
3.480000 173 67
3.520000 164 67
3.560000 152 67
3.600000 140 63
3.640000 128 61
3.680000 116 56
3.720000 101 55
3.760000 93 56
3.800000 90 56
3.840000 89 55
3.880000 88 56
3.920000 132 65
3.960000 88 54
4.000000 88 55
4.040000 88 54
4.080000 88 56
4.120000 86 54
4.160000 87 56
4.200000 86 56
4.240000 86 54
4.280000 86 54
4.320000 86 54
4.360000 83 56
4.400000 79 60
4.440000 72 62
4.480000 65 64
4.520000 55 66
4.560000 45 65
4.600000 38 61
4.640000 27 59
4.680000 18 57
4.720000 7 58
4.760000 2 57
4.800000 2 56
4.840000 2 56
4.880000 2 56
4.920000 2 56
4.960000 25 67
5.000000 2 56
