1.800000 304 133
1.960000 315 122
2.000000 310 124
2.040000 304 124
2.080000 297 125
2.120000 288 126
2.160000 283 128
2.200000 275 128
2.240000 268 129
2.280000 262 130
2.320000 257 129
2.360000 253 130
2.400000 251 129
2.440000 247 129
2.480000 247 128
2.520000 247 128
2.560000 248 124
2.600000 247 128
2.640000 247 126
2.680000 246 124
2.720000 245 124
2.760000 242 123
2.800000 239 122
2.840000 234 122
2.880000 228 121
2.920000 221 121
2.960000 214 122
3.000000 205 122
3.040000 195 123
3.080000 187 124
3.120000 179 125
3.160000 169 128
3.200000 161 128
3.240000 153 128
3.280000 148 129
3.320000 143 129
3.360000 141 129
3.400000 138 128
3.440000 137 128
3.480000 136 126
3.520000 136 124
3.560000 136 124
3.600000 137 124
3.640000 135 124
3.680000 133 124
3.720000 132 123
3.760000 127 122
3.800000 122 122
3.840000 117 119
3.880000 112 119
3.920000 105 122
3.960000 95 119
4.000000 86 120
4.040000 80 121
4.080000 69 122
4.120000 63 124
4.160000 55 124
4.200000 49 126
4.240000 44 128
4.280000 38 128
4.320000 34 128
4.360000 29 125
4.400000 28 124
4.440000 28 124
4.480000 27 124
4.520000 27 124
4.560000 27 122
4.600000 25 121
4.640000 23 120
4.680000 23 121
4.720000 19 120
4.760000 18 119
4.800000 14 119
4.840000 11 118
4.880000 6 118
4.920000 2 119
