1.800000 304 133
1.840000 299 134
1.880000 297 133
1.920000 294 134
1.960000 292 133
2.000000 288 133
2.040000 287 133
2.080000 284 130
2.160000 278 128
2.240000 268 130
2.280000 263 130
2.320000 258 130
2.360000 255 130
2.440000 247 129
2.480000 244 129
2.680000 226 129
2.720000 221 132
2.760000 216 133
2.800000 211 133
2.840000 206 133
2.880000 201 133
2.920000 198 132
2.960000 194 129
3.200000 165 132
3.240000 161 132
3.280000 155 133
3.320000 181 124
3.360000 178 124
3.400000 173 124
3.440000 168 124
3.480000 162 124
3.520000 157 124
4.160000 88 130
4.200000 85 127
4.240000 84 124
4.280000 80 124
4.320000 75 123
4.360000 74 124
4.400000 69 122
4.440000 64 123
4.480000 58 124
4.520000 53 127
4.760000 27 127
4.800000 23 128
4.840000 18 128
4.880000 14 128
4.920000 12 129
4.960000 12 130
5.000000 10 129
