0.000000 314 152
0.040000 314 152
0.080000 314 152
0.120000 314 152
0.160000 314 152
0.200000 314 152
0.240000 314 152
0.280000 314 152
0.320000 314 152
0.360000 314 152
0.400000 314 152
0.440000 314 152
0.480000 314 152
0.520000 314 152
0.560000 314 152
0.600000 314 152
0.640000 314 152
0.680000 314 152
0.720000 314 152
0.760000 314 152
0.800000 314 152
0.840000 314 152
0.880000 314 152
0.920000 314 152
0.960000 314 152
1.000000 314 152
1.040000 314 152
1.080000 314 152
1.120000 314 152
1.160000 314 152
1.200000 314 152
1.240000 314 152
1.280000 314 152
1.320000 314 152
1.360000 313 151
1.400000 309 152
1.440000 305 152
1.480000 300 151
1.520000 297 152
1.560000 293 151
1.600000 289 151
1.640000 284 150
1.680000 280 150
1.720000 275 150
1.760000 271 150
1.800000 267 150
1.840000 262 150
1.880000 258 151
1.920000 255 154
1.960000 251 154
2.000000 247 154
2.040000 242 154
2.080000 238 152
2.120000 233 151
2.160000 229 150
2.200000 224 150
2.240000 219 150
2.280000 214 152
2.320000 208 153
2.360000 205 154
2.400000 199 154
2.440000 195 154
2.480000 190 154
2.520000 187 154
2.560000 183 154
2.600000 179 154
2.640000 173 153
2.680000 169 152
2.720000 163 151
2.760000 158 152
2.800000 153 152
2.840000 148 152
2.880000 143 154
2.920000 138 154
2.960000 134 154
3.000000 131 154
3.040000 131 154
3.080000 127 153
3.120000 124 150
3.160000 120 150
3.200000 116 149
3.240000 110 149
3.280000 106 150
3.320000 97 153
3.360000 92 154
3.400000 91 154
3.440000 84 154
3.480000 81 154
3.520000 73 154
3.560000 70 152
3.600000 65 150
3.640000 60 150
3.680000 55 150
3.720000 51 149
3.760000 49 150
3.800000 43 150
3.840000 41 151
3.880000 42 152
3.920000 39 150
3.960000 35 150
4.000000 33 149
4.040000 29 149
4.080000 25 148
4.120000 23 146
4.160000 18 145
4.200000 13 146
4.240000 11 145
4.280000 7 146
4.320000 2 145
4.360000 2 145
4.400000 2 145
4.440000 2 145
4.480000 2 145
4.520000 2 145
4.560000 2 145
4.600000 2 145
