1.200000 320 117
1.240000 320 118
1.280000 314 117
1.320000 310 117
1.360000 304 116
1.400000 301 117
1.440000 298 115
1.480000 295 114
1.520000 292 114
1.560000 288 115
1.600000 282 115
1.640000 277 113
1.680000 271 113
1.720000 268 113
1.760000 264 117
1.800000 262 119
1.840000 257 117
1.880000 252 115
1.920000 249 114
1.960000 246 113
2.000000 241 113
2.040000 236 112
2.080000 231 113
2.120000 225 113
2.160000 220 113
2.200000 215 113
2.240000 210 114
2.280000 206 114
2.320000 201 114
2.360000 199 113
2.400000 194 114
2.440000 191 112
2.480000 188 111
2.520000 184 110
2.560000 177 111
2.600000 173 111
2.640000 165 112
2.680000 162 113
2.720000 158 113
2.760000 158 114
2.800000 154 115
2.840000 151 117
2.880000 142 113
2.920000 139 111
2.960000 133 109
3.000000 130 109
3.040000 123 110
3.080000 119 109
3.120000 112 109
3.160000 103 112
3.200000 99 113
3.240000 97 114
3.280000 96 114
3.320000 90 113
3.360000 86 113
3.400000 84 113
3.440000 81 113
3.480000 78 112
3.520000 74 113
3.560000 68 113
3.600000 64 111
3.640000 59 112
3.680000 56 113
3.720000 54 113
3.760000 50 113
3.800000 45 115
3.840000 43 114
3.880000 36 113
3.920000 29 111
3.960000 26 111
4.000000 22 113
4.040000 18 113
4.080000 14 112
4.120000 6 111
4.200000 2 112
4.240000 2 115
