0.000000 300 131
0.040000 300 131
0.080000 300 131
0.120000 300 131
0.160000 300 131
0.200000 300 131
0.240000 300 131
0.280000 300 131
0.320000 300 131
0.360000 300 131
0.400000 300 131
0.440000 300 131
0.480000 300 131
0.520000 300 131
0.560000 300 131
0.600000 300 131
0.640000 300 131
0.680000 300 131
0.720000 300 131
0.760000 300 131
0.800000 300 131
0.840000 300 131
0.880000 300 131
0.920000 300 131
0.960000 300 131
1.000000 300 131
1.040000 300 131
1.080000 300 131
1.120000 300 131
1.160000 300 131
1.200000 300 131
1.240000 300 131
1.280000 300 131
1.320000 300 131
1.360000 300 131
1.400000 300 131
1.440000 300 131
1.480000 300 131
1.520000 300 131
1.560000 300 131
1.600000 300 131
1.640000 300 131
1.680000 300 131
1.720000 300 131
1.760000 300 131
1.800000 300 131
1.840000 300 131
1.880000 300 131
1.920000 300 131
1.960000 300 131
2.000000 297 131
2.040000 294 131
2.080000 291 131
2.120000 289 130
2.160000 286 130
2.200000 283 130
2.240000 275 133
2.280000 268 133
2.320000 262 135
2.360000 257 135
2.400000 251 135
2.440000 248 135
2.480000 246 134
2.520000 245 134
2.560000 240 130
2.600000 237 130
2.640000 235 130
2.680000 232 130
2.720000 230 130
2.760000 227 130
2.800000 218 129
2.840000 212 131
2.880000 205 129
2.920000 201 131
2.960000 194 128
3.000000 193 130
3.040000 188 130
3.080000 185 131
3.120000 182 131
3.160000 179 132
3.200000 176 132
3.240000 173 133
3.280000 170 133
3.320000 162 134
3.360000 158 134
3.400000 153 134
3.440000 142 133
3.480000 138 133
3.520000 135 133
3.560000 132 132
3.600000 128 132
3.640000 125 132
3.680000 122 131
3.720000 118 131
3.760000 115 131
3.800000 133 125
3.840000 132 127
3.880000 127 126
3.920000 123 124
3.960000 118 124
4.000000 107 124
4.040000 103 125
4.080000 99 125
4.120000 95 125
4.160000 91 125
4.200000 87 126
4.240000 83 126
4.280000 79 126
4.320000 75 126
4.360000 71 127
4.400000 67 127
4.440000 63 127
4.480000 59 127
4.520000 55 128
4.560000 51 128
4.600000 47 128
4.640000 43 128
4.680000 38 126
4.720000 35 126
4.760000 34 125
4.800000 32 124
4.840000 29 124
4.880000 25 123
4.920000 23 124
4.960000 18 123
5.000000 12 122
5.040000 7 123
5.080000 7 123
5.120000 7 123
5.160000 7 123
5.200000 7 123
5.240000 7 123
5.280000 7 123
5.320000 7 123
5.360000 7 123
5.400000 7 123
5.440000 7 123
5.480000 7 123
5.520000 7 123
5.560000 7 123
5.600000 7 123
5.640000 7 123
5.680000 7 123
