0.000000 320 85
0.040000 320 85
0.080000 320 85
0.120000 320 85
0.160000 320 85
0.200000 320 85
0.240000 320 85
0.280000 320 85
0.320000 320 85
0.360000 320 85
0.400000 320 85
0.440000 320 85
0.480000 320 85
0.520000 320 85
0.560000 320 85
0.600000 320 85
0.640000 320 85
0.680000 320 85
0.720000 320 85
0.760000 320 85
0.800000 320 85
0.840000 320 85
0.880000 320 85
0.920000 320 85
0.960000 320 85
1.000000 320 85
1.040000 320 85
1.080000 320 85
1.120000 320 85
1.160000 320 85
1.200000 320 85
1.240000 320 85
1.280000 320 85
1.320000 320 85
1.360000 320 85
1.400000 320 85
1.440000 320 85
1.480000 320 85
1.520000 320 85
1.560000 320 85
1.600000 320 85
1.640000 320 85
1.680000 320 85
1.720000 320 85
1.760000 320 85
1.800000 320 85
1.840000 320 85
1.880000 320 85
1.920000 320 85
1.960000 320 85
2.000000 320 85
2.040000 320 85
2.080000 320 85
2.120000 320 85
2.160000 320 85
2.200000 320 85
2.240000 320 85
2.280000 320 85
2.320000 320 85
2.360000 320 85
2.400000 320 85
2.440000 320 87
2.480000 314 87
2.520000 304 87
2.560000 295 87
2.600000 288 88
2.640000 281 91
2.680000 273 92
2.720000 267 93
2.760000 262 92
2.800000 257 91
2.840000 252 91
2.880000 247 88
2.920000 242 88
2.960000 236 88
3.000000 235 88
3.040000 232 89
3.080000 232 88
3.120000 231 87
3.160000 227 87
3.200000 225 86
3.240000 221 86
3.280000 216 86
3.320000 209 84
3.360000 199 83
3.400000 189 83
3.440000 179 87
3.480000 170 89
3.520000 163 91
3.560000 157 92
3.600000 152 92
3.640000 147 91
3.680000 143 88
3.720000 138 87
3.760000 133 87
3.800000 128 87
3.840000 127 87
3.880000 125 87
3.920000 122 87
3.960000 121 88
4.000000 121 87
4.040000 120 87
4.080000 117 86
4.120000 113 87
4.160000 110 85
4.200000 103 84
4.240000 95 83
4.280000 85 84
4.320000 78 86
4.360000 71 87
4.400000 65 88
4.440000 59 89
4.480000 54 89
4.520000 50 88
4.560000 48 87
4.600000 44 87
4.640000 39 87
4.680000 36 87
4.720000 33 87
4.760000 32 87
4.800000 29 87
4.840000 27 88
4.880000 25 89
4.920000 25 87
4.960000 24 87
5.000000 23 87
5.040000 19 86
5.080000 18 84
5.120000 13 82
5.160000 13 82
5.200000 13 82
5.240000 13 82
5.280000 13 82
5.320000 13 82
5.360000 13 82
5.400000 13 82
5.440000 13 82
5.480000 13 82
5.520000 13 82
5.560000 13 82
5.600000 13 82
5.640000 13 82
5.680000 13 82
5.720000 13 82
5.760000 13 82
5.800000 13 82
5.840000 13 82
5.880000 13 82
5.920000 13 82
5.960000 13 82
6.000000 13 82
6.040000 13 82
6.080000 13 82
6.120000 13 82
