0.000000 297 63
0.040000 297 63
0.080000 297 63
0.120000 297 63
0.160000 297 63
0.200000 297 63
0.240000 297 63
0.280000 297 63
0.320000 297 63
0.360000 297 63
0.400000 297 63
0.440000 297 63
0.480000 297 63
0.520000 297 63
0.560000 297 63
0.600000 297 63
0.640000 297 63
0.680000 297 63
0.720000 297 63
0.760000 297 63
0.800000 297 63
0.840000 297 63
0.880000 297 63
0.920000 297 63
0.960000 297 63
1.000000 297 63
1.040000 297 63
1.080000 297 63
1.120000 297 63
1.160000 297 63
1.200000 297 63
1.240000 297 63
1.280000 297 63
1.320000 297 63
1.360000 297 63
1.400000 297 63
1.440000 297 63
1.480000 297 63
1.520000 297 63
1.560000 297 63
1.600000 297 63
1.640000 297 63
1.680000 297 63
1.720000 297 63
1.760000 297 63
1.800000 297 63
1.840000 297 63
1.880000 297 63
1.920000 297 63
1.960000 297 63
2.000000 297 63
2.040000 297 63
2.080000 293 62
2.120000 320 64
2.160000 320 67
2.200000 320 67
2.240000 314 71
2.280000 308 71
2.320000 299 72
2.360000 288 66
2.400000 278 65
2.440000 268 62
2.480000 257 62
2.520000 251 63
2.560000 247 62
2.600000 246 61
2.640000 245 61
2.680000 243 61
2.720000 242 60
2.760000 242 60
2.800000 242 61
2.840000 242 61
2.880000 244 59
2.920000 242 60
2.960000 242 59
3.000000 242 60
3.040000 242 60
3.080000 241 61
3.120000 240 63
3.160000 236 66
3.200000 231 67
3.240000 221 69
3.280000 214 67
3.320000 203 67
3.360000 190 61
3.400000 179 61
3.440000 168 61
3.480000 158 61
3.520000 152 61
3.560000 150 60
3.600000 148 57
3.640000 148 56
3.680000 147 56
3.720000 147 56
3.760000 147 56
3.800000 147 59
3.840000 148 59
3.880000 148 57
3.920000 147 57
3.960000 147 56
4.000000 147 57
4.040000 146 59
4.080000 144 61
4.120000 139 65
4.160000 133 67
4.200000 124 67
4.240000 116 66
4.280000 104 66
4.320000 90 61
4.360000 79 61
4.400000 68 61
4.440000 60 61
4.480000 56 61
4.520000 55 60
4.560000 55 59
4.600000 54 58
4.640000 53 57
4.680000 54 58
4.720000 53 58
4.760000 53 61
4.800000 55 61
4.840000 54 58
4.880000 54 58
4.920000 53 59
4.960000 53 59
5.000000 51 60
5.040000 49 61
5.080000 46 66
5.120000 40 68
5.160000 34 70
5.200000 27 67
5.240000 9 63
5.280000 9 63
5.320000 10 62
5.360000 11 62
5.400000 12 61
5.440000 12 61
5.480000 12 61
5.520000 12 61
5.560000 12 61
5.600000 12 61
5.640000 12 61
5.680000 12 61
5.720000 12 61
5.760000 12 61
5.800000 12 61
5.840000 12 61
5.880000 12 61
5.920000 12 61
5.960000 12 61
6.000000 12 61
6.040000 12 61
6.080000 12 61
6.120000 12 61
6.160000 12 61
6.200000 12 61
6.240000 12 61
6.280000 12 61
6.320000 12 61
6.360000 12 61
