0.000000 304 123
0.040000 304 123
0.080000 304 123
0.120000 304 123
0.160000 304 123
0.200000 304 123
0.240000 304 123
0.280000 304 123
0.320000 304 123
0.360000 304 123
0.400000 304 123
0.440000 304 123
0.480000 304 123
0.520000 304 123
0.560000 304 123
0.600000 304 123
0.640000 304 123
0.680000 304 123
0.720000 304 123
0.760000 304 123
0.800000 304 123
0.840000 304 123
0.880000 304 123
0.920000 304 123
0.960000 304 123
1.000000 304 123
1.040000 304 123
1.080000 304 123
1.120000 304 123
1.160000 304 123
1.200000 304 123
1.240000 304 123
1.280000 304 123
1.320000 304 123
1.360000 304 123
1.400000 304 123
1.440000 304 123
1.480000 304 123
1.520000 304 123
1.560000 304 123
1.600000 304 123
1.640000 304 123
1.680000 304 123
1.720000 304 123
1.760000 304 123
1.800000 304 123
1.840000 304 123
1.880000 304 123
1.920000 304 123
1.960000 304 123
2.000000 304 123
2.040000 298 123
2.080000 294 123
2.120000 291 122
2.160000 288 122
2.200000 286 122
2.240000 283 121
2.280000 283 122
2.320000 282 119
2.360000 279 119
2.400000 277 119
2.440000 275 119
2.480000 273 119
2.520000 262 121
2.560000 259 121
2.600000 256 120
2.640000 254 120
2.680000 248 119
2.720000 245 119
2.760000 242 119
2.800000 240 119
2.840000 237 119
2.880000 227 120
2.920000 221 122
2.960000 215 122
3.000000 208 121
3.040000 204 122
3.080000 199 123
3.120000 196 122
3.160000 194 122
3.200000 194 122
3.240000 190 120
3.280000 187 120
3.320000 185 120
3.360000 181 119
3.400000 177 119
3.440000 173 119
3.480000 169 119
3.520000 165 119
3.560000 162 119
3.600000 158 119
3.640000 154 119
3.680000 150 119
3.720000 146 119
3.760000 143 119
3.800000 139 119
3.840000 135 119
3.880000 131 119
3.920000 122 121
3.960000 116 122
4.000000 110 122
4.040000 105 122
4.080000 102 122
4.120000 99 121
4.160000 95 119
4.200000 94 119
4.240000 93 119
4.280000 92 119
4.320000 91 119
4.360000 90 119
4.400000 89 119
4.440000 88 119
4.480000 87 119
4.520000 81 117
4.560000 75 118
4.600000 70 118
4.640000 65 118
4.680000 60 119
4.720000 55 119
4.760000 49 119
4.800000 44 120
4.840000 39 120
4.880000 34 120
4.920000 25 122
4.960000 21 123
5.000000 17 122
5.040000 31 115
5.080000 28 116
5.120000 26 116
5.160000 23 116
5.200000 21 117
5.240000 19 117
5.280000 16 117
5.320000 14 117
5.360000 12 118
5.400000 9 118
5.440000 7 118
5.480000 5 118
5.520000 5 118
5.560000 5 118
5.600000 5 118
5.640000 5 118
5.680000 5 118
5.720000 5 118
5.760000 5 118
5.800000 5 118
5.840000 5 118
5.880000 5 118
5.920000 5 118
5.960000 5 118
6.000000 5 118
6.040000 5 118
6.080000 5 118
6.120000 5 118
6.160000 5 118
6.200000 5 118
6.240000 5 118
6.280000 5 118
6.320000 5 118
6.360000 5 118
