0.000000 291 59
0.040000 291 59
0.080000 291 59
0.120000 291 59
0.160000 291 59
0.200000 291 59
0.240000 291 59
0.280000 291 59
0.320000 291 59
0.360000 291 59
0.400000 291 59
0.440000 291 59
0.480000 291 59
0.520000 291 59
0.560000 291 59
0.600000 291 59
0.640000 291 59
0.680000 291 59
0.720000 291 59
0.760000 291 59
0.800000 291 59
0.840000 291 59
0.880000 291 59
0.920000 291 59
0.960000 291 59
1.000000 291 59
1.040000 291 59
1.080000 291 59
1.120000 291 59
1.160000 291 59
1.200000 291 59
1.240000 291 59
1.280000 291 59
1.320000 291 59
1.360000 298 62
1.400000 305 65
1.440000 312 68
1.480000 289 57
1.520000 306 64
1.560000 292 61
1.600000 281 59
1.640000 267 61
1.680000 288 56
1.720000 288 56
1.760000 242 61
1.800000 239 58
1.840000 238 56
1.880000 238 56
1.920000 240 56
1.960000 241 60
2.000000 240 59
2.040000 239 58
2.080000 238 57
2.120000 238 56
2.160000 238 56
2.200000 239 56
2.240000 238 56
2.280000 236 56
2.320000 227 56
2.360000 216 56
2.400000 204 58
2.440000 185 56
2.480000 173 56
2.520000 157 56
2.560000 144 59
2.600000 137 60
2.640000 135 56
2.680000 134 56
2.720000 132 53
2.760000 132 53
2.800000 132 54
2.840000 133 55
2.880000 134 56
2.920000 137 54
2.960000 132 54
3.000000 132 54
3.040000 132 52
3.080000 133 53
3.120000 132 52
3.160000 129 54
3.200000 119 56
3.240000 107 57
3.280000 93 57
3.320000 79 58
3.360000 64 58
3.400000 80 51
3.440000 41 61
3.480000 34 61
3.520000 34 59
3.560000 34 56
3.600000 32 56
3.640000 32 56
3.680000 32 56
3.720000 33 56
3.760000 34 52
3.800000 33 56
3.840000 6 57
3.880000 32 56
3.920000 33 56
3.960000 32 54
4.000000 29 56
4.040000 27 57
4.080000 25 59
4.120000 23 60
4.160000 23 60
4.200000 23 60
4.240000 23 60
