1.440000 320 66
1.520000 320 66
1.560000 320 67
1.600000 320 67
1.640000 320 67
1.680000 314 73
1.720000 307 76
1.760000 296 75
1.800000 283 72
1.840000 268 66
1.880000 257 65
1.920000 240 61
1.960000 225 62
2.000000 215 63
2.040000 210 63
2.080000 207 61
2.120000 205 61
2.160000 205 61
2.200000 205 61
2.240000 205 61
2.280000 205 61
2.320000 205 62
2.360000 205 61
2.400000 205 61
2.440000 205 61
2.480000 205 61
2.520000 205 61
2.560000 201 66
2.600000 194 69
2.640000 184 72
2.680000 173 72
2.720000 161 70
2.760000 146 66
2.800000 132 62
2.840000 116 61
2.880000 101 61
2.920000 90 62
2.960000 83 63
3.000000 81 61
3.040000 80 61
3.080000 80 61
3.120000 80 61
3.160000 80 60
3.200000 80 61
3.240000 80 61
3.280000 80 61
3.320000 80 61
3.360000 80 61
3.400000 79 61
3.440000 79 61
3.480000 75 65
3.520000 70 70
3.560000 64 72
3.600000 55 75
3.640000 45 74
3.680000 33 72
3.720000 23 66
3.800000 2 65
3.960000 23 68
