1.400000 314 70
1.440000 302 65
1.480000 288 62
1.520000 277 62
1.560000 272 61
1.600000 270 60
1.640000 270 60
1.680000 270 60
1.720000 270 61
1.760000 270 61
1.800000 268 61
1.840000 275 69
1.880000 270 61
1.920000 270 61
1.960000 269 61
2.000000 270 61
2.040000 269 65
2.080000 268 66
2.120000 262 71
2.160000 256 76
2.200000 246 77
2.240000 234 75
2.280000 220 72
2.320000 200 67
2.360000 188 62
2.400000 173 60
2.440000 158 59
2.480000 147 59
2.520000 146 57
2.560000 145 57
2.600000 144 56
2.640000 144 56
2.680000 144 56
2.720000 144 57
2.760000 144 56
2.800000 144 59
2.840000 144 58
2.880000 144 58
2.920000 144 58
2.960000 144 60
3.000000 143 61
3.040000 139 65
3.080000 132 72
3.120000 123 76
3.160000 112 76
3.200000 101 72
3.240000 86 71
3.280000 72 66
3.320000 60 65
3.360000 47 62
3.400000 34 62
3.440000 30 62
3.480000 29 61
3.520000 29 61
3.560000 29 61
3.600000 29 61
3.640000 29 61
3.680000 29 61
3.720000 30 61
3.760000 28 61
3.800000 28 61
3.840000 29 61
3.920000 29 63
3.960000 28 66
4.000000 23 71
