1.400000 314 128
1.440000 310 127
1.480000 305 123
1.520000 301 123
1.560000 297 122
1.600000 292 122
1.640000 284 123
1.680000 279 123
1.720000 276 123
1.760000 272 124
1.800000 268 128
1.840000 266 128
1.880000 260 128
1.920000 258 126
1.960000 257 124
2.000000 251 124
2.040000 247 123
2.080000 238 122
2.120000 231 120
2.160000 225 122
2.200000 215 123
2.240000 210 124
2.280000 201 126
2.320000 195 126
2.360000 190 125
2.400000 184 124
2.440000 180 123
2.480000 174 121
2.520000 169 120
2.560000 162 119
2.600000 155 119
2.640000 149 121
2.680000 147 123
2.720000 140 124
2.760000 143 127
2.800000 138 128
2.840000 134 126
2.880000 129 126
2.920000 124 124
2.960000 118 123
3.000000 112 122
3.040000 106 122
3.080000 101 123
3.120000 94 123
3.160000 86 124
3.200000 81 125
3.240000 71 124
3.280000 66 124
3.320000 61 124
3.360000 63 124
3.400000 60 124
3.440000 56 123
3.480000 49 122
3.520000 42 121
3.560000 39 122
3.600000 33 122
3.640000 29 124
3.680000 27 124
3.720000 23 126
3.760000 19 126
3.800000 17 126
3.840000 13 124
3.920000 6 123
3.960000 2 124
