1.960000 320 139
2.000000 320 138
2.040000 314 138
2.080000 312 138
2.120000 308 135
2.160000 305 136
2.200000 303 135
2.240000 299 137
2.280000 298 137
2.320000 297 137
2.360000 295 139
2.400000 294 139
2.440000 290 139
2.480000 288 139
2.520000 284 138
2.560000 282 135
2.600000 277 135
2.640000 272 134
2.680000 267 134
2.720000 262 134
2.760000 257 134
2.800000 251 135
2.840000 246 136
2.880000 240 138
2.920000 233 139
2.960000 226 139
3.000000 221 139
3.040000 216 139
3.080000 210 139
3.120000 205 138
3.160000 201 136
3.200000 197 135
3.240000 194 135
3.280000 190 135
3.320000 185 135
3.360000 184 137
3.400000 182 138
3.440000 181 137
3.480000 179 138
3.520000 176 139
3.560000 174 139
3.600000 170 139
3.640000 167 139
3.680000 162 137
3.720000 157 135
3.760000 152 134
3.800000 147 134
3.840000 140 133
3.880000 134 133
3.920000 129 134
3.960000 121 134
4.000000 116 139
4.040000 108 137
4.080000 101 138
4.120000 96 139
4.160000 91 139
4.200000 86 137
4.240000 82 135
4.280000 80 135
4.320000 75 134
4.360000 71 134
4.400000 68 135
4.440000 64 134
4.480000 62 134
4.520000 60 135
4.560000 59 135
4.600000 56 137
4.640000 54 138
4.680000 53 137
4.720000 52 136
4.760000 49 134
4.800000 44 134
4.840000 40 133
4.880000 36 133
4.920000 31 132
4.960000 25 131
5.000000 18 133
5.040000 13 133
5.080000 8 133
5.120000 6 137
5.200000 2 138
5.280000 12 134
5.320000 8 134
5.360000 5 135
5.400000 2 137
