2.000000 320 68
2.040000 320 67
2.080000 290 62
2.120000 278 62
2.160000 272 61
2.200000 269 61
2.240000 268 60
2.280000 267 61
2.320000 267 61
2.360000 267 61
2.400000 267 61
2.440000 267 61
2.480000 267 61
2.520000 267 61
2.560000 267 62
2.600000 266 63
2.640000 263 66
2.680000 258 67
2.720000 251 70
2.760000 241 72
2.800000 199 60
2.840000 216 72
2.880000 202 70
2.920000 190 64
2.960000 174 62
3.000000 158 60
3.040000 144 59
3.080000 136 59
3.120000 132 57
3.160000 129 57
3.200000 128 56
3.240000 128 57
3.280000 128 56
3.320000 128 56
3.360000 128 58
3.400000 128 59
3.440000 127 59
3.480000 127 59
3.520000 127 61
3.560000 123 61
3.600000 120 63
3.640000 112 67
3.680000 101 70
3.720000 63 57
3.760000 80 72
3.800000 66 72
3.840000 55 67
3.880000 40 65
3.920000 28 61
3.960000 16 61
4.000000 8 61
4.080000 2 59
4.120000 2 59
4.160000 2 58
