2.040000 300 93
2.080000 314 89
2.120000 312 89
2.160000 309 88
2.200000 302 91
2.240000 293 91
2.280000 283 89
2.320000 273 87
2.360000 262 91
2.400000 253 93
2.440000 246 95
2.480000 238 96
2.520000 232 94
2.560000 227 91
2.600000 221 88
2.640000 216 87
2.680000 210 89
2.720000 203 87
2.760000 199 87
2.800000 203 87
2.840000 194 87
2.880000 194 92
2.920000 194 90
2.960000 190 89
3.000000 188 87
3.040000 184 87
3.080000 179 87
3.120000 173 87
3.160000 162 88
3.200000 152 87
3.240000 138 87
3.280000 131 87
3.320000 117 92
3.360000 109 93
3.400000 101 94
3.440000 94 93
3.480000 88 91
3.520000 85 87
3.560000 80 87
3.600000 72 87
3.640000 65 87
3.680000 60 87
3.720000 62 85
3.760000 58 87
3.800000 59 89
3.840000 56 91
3.880000 55 87
3.920000 51 87
3.960000 49 87
4.000000 47 87
4.040000 41 87
4.080000 33 89
4.120000 23 87
4.160000 14 87
