2.000000 314 155
2.040000 308 154
2.080000 304 154
2.120000 298 153
2.160000 294 152
2.200000 288 152
2.240000 283 153
2.280000 277 154
2.320000 272 154
2.360000 268 156
2.400000 263 158
2.440000 258 159
2.480000 253 158
2.520000 246 159
2.560000 241 156
2.600000 235 155
2.640000 229 154
2.680000 221 155
2.720000 216 155
2.760000 210 156
2.800000 205 157
2.840000 198 159
2.880000 194 160
2.920000 186 159
2.960000 180 159
3.000000 174 158
3.040000 168 156
3.080000 162 155
3.120000 155 154
3.160000 148 154
3.200000 142 154
3.240000 137 155
3.280000 132 158
3.320000 131 159
3.360000 125 159
3.400000 121 159
3.440000 114 159
3.480000 110 155
3.520000 104 155
3.560000 97 154
3.600000 90 154
3.640000 85 153
3.680000 79 154
3.720000 72 155
3.760000 67 155
3.800000 60 158
3.840000 56 159
3.880000 51 159
3.920000 45 156
3.960000 40 154
4.000000 34 154
4.040000 29 153
4.080000 23 152
4.120000 18 154
4.160000 12 153
4.200000 7 154
