2.520000 304 58
2.560000 303 59
2.600000 303 59
2.640000 304 59
2.680000 304 59
2.720000 304 58
2.760000 303 58
2.800000 303 57
2.840000 257 59
2.880000 303 58
2.920000 296 59
2.960000 288 59
3.000000 258 58
3.040000 261 57
3.080000 253 56
3.120000 241 56
3.160000 231 59
3.200000 222 61
3.240000 218 60
3.280000 217 57
3.320000 216 54
3.360000 216 54
3.400000 216 54
3.440000 216 54
3.480000 216 54
3.520000 215 54
3.560000 215 56
3.600000 216 54
3.640000 216 54
3.680000 216 53
3.720000 216 53
3.760000 216 52
3.800000 215 52
3.840000 214 54
3.880000 205 54
3.920000 195 54
3.960000 184 54
4.000000 167 54
4.040000 157 52
4.080000 143 54
4.120000 132 56
4.160000 122 59
4.200000 121 58
4.240000 120 56
4.280000 118 54
4.320000 118 53
4.360000 118 52
4.400000 118 52
4.440000 118 53
4.480000 117 54
4.520000 117 52
4.560000 118 52
4.600000 118 52
4.640000 118 52
4.680000 118 51
4.720000 117 51
4.760000 116 51
4.800000 112 53
4.840000 105 55
4.880000 92 55
4.920000 77 56
4.960000 70 52
5.000000 58 56
5.040000 49 57
5.080000 38 61
5.120000 33 61
5.160000 32 61
5.200000 32 57
5.240000 30 56
5.280000 71 56
5.320000 29 55
5.360000 29 55
5.400000 29 55
5.440000 29 54
5.480000 28 56
5.520000 29 55
5.560000 29 55
5.600000 29 54
5.640000 29 55
5.680000 29 54
5.720000 29 54
5.760000 29 55
5.840000 2 56
