2.480000 320 152
2.520000 320 153
2.560000 314 154
2.600000 313 153
2.640000 309 151
2.680000 305 150
2.720000 303 150
2.760000 298 150
2.800000 294 150
2.840000 290 150
2.880000 288 150
2.920000 283 150
2.960000 279 151
3.000000 277 152
3.040000 273 152
3.080000 268 153
3.120000 266 152
3.160000 262 152
3.200000 258 150
3.240000 255 150
3.280000 251 150
3.320000 247 150
3.360000 242 150
3.400000 240 150
3.440000 236 151
3.480000 231 152
3.520000 228 154
3.560000 225 154
3.600000 221 154
3.640000 216 154
3.680000 213 151
3.720000 210 150
3.760000 200 150
3.800000 195 151
3.840000 192 152
3.880000 188 152
3.920000 184 152
3.960000 179 154
4.000000 176 154
4.040000 173 154
4.080000 169 154
4.120000 164 154
4.160000 160 153
4.200000 157 151
4.240000 153 150
4.280000 147 150
4.320000 143 150
4.360000 138 152
4.400000 134 152
4.440000 132 153
4.480000 123 154
4.520000 120 154
4.560000 117 154
4.600000 112 152
4.640000 108 150
4.680000 105 150
4.720000 101 150
4.760000 96 151
4.800000 92 151
4.840000 90 154
4.880000 85 154
4.920000 81 154
4.960000 79 154
5.000000 75 154
5.040000 70 152
5.080000 66 150
5.120000 64 150
5.160000 60 150
5.200000 55 150
5.240000 51 150
5.280000 48 150
5.320000 44 150
5.360000 41 150
5.400000 38 151
5.440000 34 151
5.480000 32 150
5.520000 29 150
5.560000 25 149
5.600000 23 149
5.640000 19 148
5.680000 16 147
5.720000 13 146
5.760000 8 149
5.800000 5 149
5.840000 2 150
