2.480000 313 163
2.520000 309 164
2.560000 307 165
2.600000 303 165
2.640000 299 164
2.680000 297 164
2.720000 294 163
2.760000 289 162
2.800000 286 163
2.840000 283 165
2.880000 278 164
2.920000 273 165
2.960000 271 165
3.000000 268 165
3.040000 263 165
3.080000 260 166
3.120000 257 165
3.160000 253 165
3.200000 249 165
3.240000 246 165
3.280000 242 165
3.320000 237 165
3.360000 234 165
3.400000 231 165
3.440000 226 165
3.480000 222 166
3.520000 219 168
3.560000 215 169
3.600000 210 167
3.640000 207 166
3.680000 204 166
3.720000 199 165
3.760000 191 165
3.800000 188 165
3.840000 183 165
3.880000 179 165
3.920000 174 166
3.960000 171 168
4.000000 167 169
4.040000 163 168
4.080000 158 167
4.120000 154 166
4.160000 151 165
4.200000 147 165
4.240000 142 165
4.280000 138 165
4.320000 133 165
4.360000 129 165
4.400000 125 166
4.440000 121 165
4.480000 112 166
4.520000 110 165
4.560000 106 165
4.600000 101 164
4.640000 97 164
4.680000 94 163
4.720000 90 163
4.760000 85 163
4.800000 82 162
4.840000 79 163
4.880000 75 164
4.920000 70 164
4.960000 67 164
5.000000 64 164
5.040000 60 163
5.080000 57 162
5.120000 53 161
5.160000 49 160
5.200000 44 160
5.240000 41 160
5.280000 38 160
5.320000 34 160
5.360000 29 161
5.400000 28 161
5.440000 23 161
5.480000 19 160
5.520000 18 160
5.560000 14 159
5.600000 12 159
5.640000 8 159
5.680000 6 158
5.720000 2 158
5.760000 2 159
5.800000 2 160
