0.000000 309 65
0.040000 309 65
0.080000 309 65
0.120000 309 65
0.160000 309 65
0.200000 309 65
0.240000 309 65
0.280000 309 65
0.320000 309 65
0.360000 309 65
0.400000 309 65
0.440000 309 65
0.480000 309 65
0.520000 309 65
0.560000 309 65
0.600000 309 65
0.640000 309 65
0.680000 309 65
0.720000 309 65
0.760000 309 65
0.800000 309 65
0.840000 309 65
0.880000 309 65
0.920000 309 65
0.960000 309 65
1.000000 309 65
1.040000 309 65
1.080000 309 65
1.120000 309 65
1.160000 309 65
1.200000 309 65
1.240000 309 65
1.280000 309 65
1.320000 309 65
1.360000 309 65
1.400000 309 65
1.440000 309 65
1.480000 309 65
1.520000 309 65
1.560000 309 65
1.600000 309 65
1.640000 309 65
1.680000 309 65
1.720000 309 65
1.760000 309 65
1.800000 309 65
1.840000 309 65
1.880000 309 65
1.920000 309 65
1.960000 309 65
2.000000 309 65
2.040000 309 65
2.080000 309 65
2.120000 309 65
2.160000 309 65
2.200000 309 65
2.240000 309 65
2.280000 308 65
2.320000 307 65
2.360000 306 64
2.400000 304 64
2.440000 304 64
2.480000 304 64
2.520000 304 63
2.560000 304 63
2.600000 304 62
2.640000 302 66
2.680000 288 67
2.720000 278 62
2.760000 268 61
2.800000 304 61
2.840000 257 62
2.880000 256 61
2.920000 303 65
2.960000 252 60
3.000000 252 59
3.040000 290 70
3.080000 283 70
3.120000 274 70
3.160000 266 68
3.200000 253 61
3.240000 245 60
3.280000 231 57
3.320000 220 58
3.360000 210 59
3.400000 205 59
3.440000 201 57
3.480000 200 57
3.520000 199 56
3.560000 240 69
3.600000 231 71
3.640000 199 56
3.680000 199 56
3.720000 199 57
3.760000 199 58
3.800000 199 56
3.840000 199 56
3.880000 199 56
3.920000 199 57
3.960000 199 58
4.000000 197 60
4.040000 195 61
4.080000 138 56
4.120000 184 66
4.160000 179 67
4.200000 138 56
4.240000 159 66
4.280000 148 65
4.320000 137 59
4.360000 126 56
4.400000 112 56
4.440000 101 56
4.480000 92 56
4.520000 88 57
4.560000 86 56
4.600000 85 56
4.640000 85 56
4.680000 123 67
4.720000 116 67
4.760000 107 69
4.800000 98 68
4.840000 85 56
4.880000 84 56
4.920000 84 57
4.960000 84 56
5.000000 84 56
5.040000 82 57
5.080000 38 61
5.120000 34 60
5.160000 80 61
5.200000 33 60
5.240000 69 65
5.280000 62 67
5.320000 55 67
5.360000 46 67
5.400000 35 66
5.440000 29 61
5.480000 33 60
5.520000 8 59
5.560000 2 61
5.600000 32 60
5.640000 32 61
5.680000 31 61
5.720000 25 67
5.760000 22 68
5.800000 19 69
5.840000 16 70
5.880000 8 72
5.920000 8 72
5.960000 8 72
6.000000 8 72
6.040000 8 72
6.080000 8 72
6.120000 8 72
6.160000 8 72
6.200000 8 72
6.240000 8 72
