0.000000 320 139
0.040000 320 139
0.080000 320 139
0.120000 320 139
0.160000 320 139
0.200000 320 139
0.240000 320 139
0.280000 320 139
0.320000 320 139
0.360000 320 139
0.400000 320 139
0.440000 320 139
0.480000 320 139
0.520000 320 139
0.560000 320 139
0.600000 320 139
0.640000 320 139
0.680000 320 139
0.720000 320 139
0.760000 320 139
0.800000 320 139
0.840000 320 139
0.880000 320 139
0.920000 320 139
0.960000 320 139
1.000000 320 139
1.040000 320 139
1.080000 320 139
1.120000 320 139
1.160000 320 139
1.200000 320 139
1.240000 320 139
1.280000 320 139
1.320000 320 139
1.360000 320 139
1.400000 320 139
1.440000 320 139
1.480000 320 139
1.520000 320 139
1.560000 320 139
1.600000 320 139
1.640000 320 139
1.680000 320 139
1.720000 320 139
1.760000 320 139
1.800000 320 139
1.840000 320 139
1.880000 320 139
1.920000 320 139
1.960000 320 139
2.000000 320 139
2.040000 320 139
2.080000 320 139
2.120000 320 139
2.160000 320 139
2.200000 320 139
2.240000 320 139
2.280000 320 139
2.320000 320 139
2.360000 320 139
2.400000 320 139
2.440000 320 139
2.480000 320 139
2.520000 320 140
2.560000 320 141
2.600000 308 139
2.640000 304 139
2.680000 303 139
2.720000 299 139
2.760000 296 139
2.800000 293 139
2.840000 288 136
2.880000 283 135
2.920000 281 135
2.960000 275 134
3.000000 271 134
3.040000 273 137
3.080000 271 139
3.120000 268 139
3.160000 266 139
3.200000 262 139
3.240000 259 139
3.280000 256 139
3.320000 252 139
3.360000 247 139
3.400000 243 138
3.440000 240 138
3.480000 235 138
3.520000 230 137
3.560000 224 136
3.600000 218 137
3.640000 211 138
3.680000 207 137
3.720000 203 139
3.760000 195 139
3.800000 189 138
3.840000 184 136
3.880000 179 135
3.920000 174 135
3.960000 169 134
4.000000 165 134
4.040000 161 134
4.080000 157 135
4.120000 157 134
4.160000 154 137
4.200000 149 137
4.240000 143 138
4.280000 142 139
4.320000 137 139
4.360000 133 139
4.400000 129 139
4.440000 126 135
4.480000 122 135
4.520000 117 135
4.560000 112 134
4.600000 107 134
4.640000 103 134
4.680000 100 134
4.720000 95 134
4.760000 92 135
4.800000 85 138
4.840000 81 137
4.880000 84 139
4.920000 69 135
4.960000 64 135
5.000000 60 135
5.040000 70 137
5.080000 51 134
5.120000 49 134
5.160000 43 133
5.200000 40 133
5.240000 48 135
5.280000 33 134
5.320000 31 134
5.360000 34 135
5.400000 28 135
5.440000 28 135
5.480000 22 135
5.520000 19 135
5.560000 16 135
5.600000 16 134
5.640000 12 134
5.680000 5 133
5.720000 5 133
5.760000 5 133
5.800000 5 133
5.840000 5 133
5.880000 5 133
5.920000 5 133
5.960000 5 133
6.000000 5 133
6.040000 5 133
6.080000 5 133
6.120000 5 133
6.160000 5 133
6.200000 5 133
6.240000 5 133
