0.000000 307 60
0.040000 307 60
0.080000 307 60
0.120000 307 60
0.160000 307 60
0.200000 307 60
0.240000 307 60
0.280000 307 60
0.320000 307 60
0.360000 307 60
0.400000 307 60
0.440000 307 60
0.480000 307 60
0.520000 307 60
0.560000 307 60
0.600000 307 60
0.640000 307 60
0.680000 307 60
0.720000 307 60
0.760000 307 60
0.800000 307 60
0.840000 307 60
0.880000 307 60
0.920000 307 60
0.960000 307 60
1.000000 307 60
1.040000 307 60
1.080000 307 60
1.120000 307 60
1.160000 307 60
1.200000 307 60
1.240000 307 60
1.280000 307 60
1.320000 307 60
1.360000 307 60
1.400000 307 60
1.440000 307 60
1.480000 307 60
1.520000 307 60
1.560000 307 60
1.600000 307 60
1.640000 307 60
1.680000 307 60
1.720000 307 60
1.760000 307 60
1.800000 307 60
1.840000 307 60
1.880000 307 60
1.920000 307 60
1.960000 307 60
2.000000 307 60
2.040000 307 60
2.080000 307 60
2.120000 307 60
2.160000 307 60
2.200000 307 60
2.240000 307 60
2.280000 307 60
2.320000 307 60
2.360000 307 60
2.400000 307 59
2.440000 306 58
2.480000 306 57
2.520000 307 58
2.560000 320 72
2.600000 314 72
2.640000 308 60
2.680000 305 59
2.720000 306 58
2.760000 306 58
2.800000 262 57
2.840000 305 59
2.880000 305 61
2.920000 256 56
2.960000 304 66
3.000000 299 69
3.040000 256 56
3.080000 257 56
3.120000 257 56
3.160000 255 58
3.200000 261 65
3.240000 257 56
3.280000 256 56
3.320000 256 56
3.360000 256 56
3.400000 257 58
3.440000 255 59
3.480000 253 61
3.520000 251 65
3.560000 246 71
3.600000 203 54
3.640000 228 72
3.680000 220 71
3.720000 210 67
3.760000 195 63
3.800000 185 61
3.840000 173 56
3.880000 160 56
3.920000 151 56
3.960000 144 55
4.000000 143 53
4.040000 142 52
4.080000 195 63
4.120000 142 54
4.160000 142 54
4.200000 174 69
4.240000 142 54
4.280000 142 56
4.320000 143 56
4.360000 141 55
4.400000 142 54
4.440000 142 54
4.480000 142 55
4.520000 141 56
4.560000 141 56
4.600000 138 60
4.640000 134 64
4.680000 86 52
4.720000 86 52
4.760000 86 52
4.800000 103 70
4.840000 93 67
4.880000 79 66
4.920000 71 58
4.960000 60 56
5.000000 49 56
5.040000 87 53
5.080000 86 55
5.120000 86 56
5.160000 38 56
5.200000 81 62
5.240000 36 56
5.280000 34 56
5.320000 34 56
5.360000 34 56
5.400000 38 57
5.440000 37 57
5.480000 21 60
5.520000 35 56
5.560000 2 59
5.600000 10 60
5.640000 27 60
5.680000 26 63
5.720000 25 65
5.760000 25 67
5.800000 24 69
5.840000 24 71
5.880000 24 71
5.920000 24 71
5.960000 24 71
6.000000 24 71
6.040000 24 71
6.080000 24 71
6.120000 24 71
6.160000 24 71
6.200000 24 71
6.240000 24 71
