0.000000 320 153
0.040000 320 153
0.080000 320 153
0.120000 320 153
0.160000 320 153
0.200000 320 153
0.240000 320 153
0.280000 320 153
0.320000 320 153
0.360000 320 153
0.400000 320 153
0.440000 320 153
0.480000 320 153
0.520000 320 153
0.560000 320 153
0.600000 320 153
0.640000 320 153
0.680000 320 153
0.720000 320 153
0.760000 320 153
0.800000 320 153
0.840000 320 153
0.880000 320 153
0.920000 320 153
0.960000 320 153
1.000000 320 153
1.040000 320 153
1.080000 320 153
1.120000 320 153
1.160000 320 153
1.200000 320 153
1.240000 320 153
1.280000 320 153
1.320000 320 153
1.360000 320 153
1.400000 320 153
1.440000 320 153
1.480000 320 153
1.520000 320 153
1.560000 320 153
1.600000 320 153
1.640000 320 153
1.680000 320 153
1.720000 320 153
1.760000 313 152
1.800000 308 150
1.840000 305 150
1.880000 302 149
1.920000 298 149
1.960000 294 149
2.000000 288 149
2.040000 284 149
2.080000 281 149
2.120000 277 150
2.160000 273 150
2.200000 268 152
2.240000 265 154
2.280000 261 153
2.320000 257 151
2.360000 252 150
2.400000 247 150
2.440000 242 150
2.480000 236 150
2.520000 231 150
2.560000 226 150
2.600000 221 151
2.640000 217 153
2.680000 214 154
2.720000 210 154
2.760000 205 154
2.800000 201 154
2.840000 196 152
2.880000 191 150
2.920000 186 150
2.960000 181 150
3.000000 175 150
3.040000 170 150
3.080000 164 150
3.120000 158 151
3.160000 154 154
3.200000 149 154
3.240000 146 154
3.280000 142 154
3.320000 137 153
3.360000 133 150
3.400000 129 150
3.440000 124 149
3.480000 119 149
3.520000 114 149
3.560000 109 150
3.600000 105 151
3.640000 100 152
3.680000 95 154
3.720000 91 154
3.760000 86 153
3.800000 81 152
3.840000 77 150
3.880000 73 150
3.920000 69 149
3.960000 64 149
4.000000 59 149
4.040000 54 149
4.080000 49 149
4.120000 45 149
4.160000 43 150
4.200000 39 150
4.240000 35 149
4.280000 32 149
4.320000 28 148
4.360000 23 147
4.400000 19 145
4.440000 16 145
4.480000 12 145
4.520000 7 146
4.560000 2 147
4.600000 2 146
4.640000 2 146
4.680000 2 146
4.720000 2 146
4.760000 2 146
4.800000 2 146
4.840000 2 146
4.880000 2 146
4.920000 2 146
4.960000 2 146
5.000000 2 146
5.040000 2 146
5.080000 2 146
5.120000 2 146
5.160000 2 146
5.200000 2 146
5.240000 2 146
5.280000 2 146
5.320000 2 146
5.360000 2 146
5.400000 2 146
5.440000 2 146
5.480000 2 146
5.520000 2 146
5.560000 2 146
5.600000 2 146
5.640000 2 146
5.680000 2 146
5.720000 2 146
5.760000 2 146
5.800000 2 146
5.840000 2 146
5.880000 2 146
5.920000 2 146
5.960000 2 146
