1.560000 306 122
1.600000 301 123
1.640000 297 122
1.680000 294 121
1.720000 292 122
1.760000 289 120
1.880000 278 122
1.920000 273 123
1.960000 266 123
2.000000 258 123
2.040000 253 123
2.080000 248 123
2.120000 245 122
2.160000 242 122
2.200000 237 119
2.240000 236 119
2.280000 236 122
2.440000 220 122
2.480000 208 119
2.520000 200 119
2.560000 203 123
2.600000 190 121
2.640000 191 123
2.680000 189 123
2.720000 182 119
2.880000 168 121
2.920000 160 122
2.960000 153 120
3.000000 147 122
3.040000 140 121
3.080000 137 121
3.120000 133 120
3.160000 131 119
3.200000 128 119
3.360000 112 117
3.400000 101 117
3.440000 92 117
3.480000 122 119
3.520000 117 119
3.560000 112 119
3.600000 107 119
3.640000 101 118
3.680000 95 118
3.720000 68 117
3.840000 55 119
3.880000 48 121
3.920000 43 122
3.960000 38 122
4.000000 59 117
4.040000 30 121
4.080000 49 117
4.280000 29 119
4.320000 29 119
4.360000 27 121
4.400000 25 119
4.440000 23 119
4.480000 18 119
4.520000 14 119
4.560000 11 118
