0.000000 320 163
0.040000 320 163
0.080000 320 163
0.120000 320 163
0.160000 320 163
0.200000 320 163
0.240000 320 163
0.280000 320 163
0.320000 320 163
0.360000 320 163
0.400000 320 163
0.440000 320 163
0.480000 320 163
0.520000 320 163
0.560000 320 163
0.600000 320 163
0.640000 320 163
0.680000 320 163
0.720000 320 163
0.760000 320 163
0.800000 320 163
0.840000 320 163
0.880000 320 163
0.920000 320 163
0.960000 320 163
1.000000 320 163
1.040000 320 163
1.080000 320 163
1.120000 320 163
1.160000 320 163
1.200000 320 163
1.240000 320 163
1.280000 320 163
1.320000 320 163
1.360000 320 163
1.400000 320 163
1.440000 320 163
1.480000 320 163
1.520000 320 163
1.560000 320 163
1.600000 320 163
1.640000 320 163
1.680000 320 163
1.720000 320 163
1.760000 320 163
1.800000 320 163
1.840000 320 163
1.880000 320 163
1.920000 313 162
1.960000 308 161
2.000000 304 163
2.040000 299 165
2.080000 294 165
2.120000 291 165
2.160000 287 166
2.200000 283 166
2.240000 278 165
2.280000 273 165
2.320000 268 165
2.360000 263 165
2.400000 258 164
2.440000 252 164
2.480000 247 165
2.520000 242 165
2.560000 238 165
2.600000 233 166
2.640000 228 168
2.680000 223 169
2.720000 218 167
2.760000 213 166
2.800000 208 165
2.840000 201 165
2.880000 195 165
2.920000 190 164
2.960000 184 165
3.000000 179 165
3.040000 173 166
3.080000 169 168
3.120000 165 169
3.160000 159 169
3.200000 154 168
3.240000 149 167
3.280000 143 165
3.320000 138 165
3.360000 132 165
3.400000 127 165
3.440000 121 165
3.480000 116 165
3.520000 111 165
3.560000 106 165
3.600000 101 166
3.640000 96 166
3.680000 91 165
3.720000 86 165
3.760000 81 164
3.800000 76 161
3.840000 71 160
3.880000 66 160
3.920000 61 160
3.960000 58 161
4.000000 53 163
4.040000 49 163
4.080000 45 165
4.120000 42 165
4.160000 38 165
4.200000 33 165
4.240000 29 163
4.280000 25 161
4.320000 21 160
4.360000 17 160
4.400000 12 159
4.440000 7 160
4.480000 2 160
4.520000 2 160
4.560000 2 160
4.600000 2 160
4.640000 2 160
4.680000 2 160
4.720000 2 160
4.760000 2 160
4.800000 2 160
4.840000 2 160
4.880000 2 160
4.920000 2 160
4.960000 2 160
5.000000 2 160
5.040000 2 160
5.080000 2 160
5.120000 2 160
5.160000 2 160
5.200000 2 160
5.240000 2 160
5.280000 2 160
5.320000 2 160
