0.000000 292 70
0.040000 292 70
0.080000 292 70
0.120000 292 70
0.160000 292 70
0.200000 292 70
0.240000 292 70
0.280000 292 70
0.320000 292 70
0.360000 292 70
0.400000 292 70
0.440000 292 70
0.480000 292 70
0.520000 292 70
0.560000 292 70
0.600000 292 70
0.640000 292 70
0.680000 292 70
0.720000 292 70
0.760000 292 70
0.800000 292 70
0.840000 292 70
0.880000 292 70
0.920000 292 70
0.960000 292 70
1.000000 292 70
1.040000 292 70
1.080000 292 70
1.120000 292 70
1.160000 292 70
1.200000 292 70
1.240000 292 70
1.280000 292 70
1.320000 292 70
1.360000 292 70
1.400000 292 70
1.440000 292 70
1.480000 292 70
1.520000 292 70
1.560000 292 70
1.600000 292 70
1.640000 292 70
1.680000 292 70
1.720000 292 70
1.760000 292 70
1.800000 292 70
1.840000 292 70
1.880000 288 68
1.920000 288 67
1.960000 287 67
2.000000 286 67
2.040000 286 67
2.080000 286 67
2.120000 286 67
2.160000 286 70
2.200000 287 67
2.240000 286 67
2.280000 286 67
2.320000 286 67
2.360000 284 67
2.400000 283 70
2.440000 280 71
2.480000 273 76
2.520000 264 78
2.560000 257 78
2.600000 243 77
2.640000 231 76
2.680000 216 68
2.720000 201 67
2.760000 188 66
2.800000 175 65
2.840000 170 63
2.880000 169 61
2.920000 168 61
2.960000 168 61
3.000000 167 61
3.040000 168 61
3.080000 168 61
3.120000 168 63
3.160000 168 64
3.200000 168 61
3.240000 168 62
3.280000 168 61
3.320000 167 63
3.360000 164 65
3.400000 161 67
3.440000 154 72
3.480000 144 74
3.520000 133 76
3.560000 122 73
3.600000 111 71
3.640000 95 67
3.680000 83 67
3.720000 70 65
3.760000 59 66
3.800000 53 66
3.840000 50 65
3.880000 49 62
3.920000 49 63
3.960000 49 62
4.000000 49 63
4.040000 49 63
4.080000 49 64
4.120000 49 65
4.160000 49 64
4.200000 49 64
4.240000 49 63
4.280000 49 65
4.320000 48 65
4.360000 47 66
4.400000 43 70
4.440000 37 73
4.480000 29 76
4.520000 21 77
4.560000 21 77
4.600000 21 77
4.640000 21 77
4.680000 21 77
4.720000 21 77
4.760000 21 77
4.800000 21 77
4.840000 21 77
4.880000 21 77
4.920000 21 77
4.960000 21 77
5.000000 21 77
5.040000 21 77
5.080000 21 77
5.120000 21 77
5.160000 21 77
5.200000 21 77
5.240000 21 77
5.280000 21 77
5.320000 21 77
