1.640000 310 156
1.680000 308 158
1.720000 303 157
1.760000 299 158
1.800000 294 158
1.840000 290 158
1.880000 287 156
1.920000 282 156
1.960000 278 156
2.000000 273 155
2.040000 270 155
2.080000 266 155
2.120000 262 156
2.160000 257 158
2.200000 253 158
2.240000 247 158
2.280000 245 159
2.320000 241 160
2.360000 236 159
2.400000 231 158
2.440000 227 158
2.480000 223 156
2.520000 218 156
2.560000 214 156
2.600000 210 159
2.640000 204 159
2.680000 199 159
2.720000 194 159
2.760000 189 159
2.800000 184 159
2.840000 179 159
2.880000 175 158
2.920000 171 156
2.960000 166 155
3.000000 161 155
3.040000 157 156
3.080000 150 157
3.120000 146 158
3.160000 142 158
3.200000 136 158
3.240000 132 159
3.280000 128 159
3.320000 126 159
3.360000 121 159
3.400000 116 156
3.440000 112 155
3.480000 107 155
3.520000 102 155
3.560000 97 155
3.600000 92 156
3.640000 90 158
3.680000 84 159
3.720000 79 159
3.760000 75 158
3.800000 71 157
3.840000 61 155
3.880000 60 154
3.920000 56 154
3.960000 51 154
4.000000 46 154
4.040000 43 154
4.080000 39 154
4.120000 35 154
4.160000 32 155
4.200000 28 155
4.240000 23 155
4.280000 20 154
4.320000 18 154
4.360000 12 153
4.440000 2 150
