0.000000 320 111
0.040000 320 111
0.080000 320 111
0.120000 320 111
0.160000 320 111
0.200000 320 111
0.240000 320 111
0.280000 320 111
0.320000 320 111
0.360000 320 111
0.400000 320 111
0.440000 320 111
0.480000 320 111
0.520000 320 111
0.560000 320 111
0.600000 320 111
0.640000 320 111
0.680000 320 111
0.720000 320 111
0.760000 320 111
0.800000 320 111
0.840000 320 111
0.880000 320 111
0.920000 320 111
0.960000 320 111
1.000000 320 111
1.040000 320 111
1.080000 320 111
1.120000 320 111
1.160000 320 111
1.200000 320 111
1.240000 320 111
1.280000 320 111
1.320000 320 111
1.360000 320 111
1.400000 320 111
1.440000 320 111
1.480000 320 111
1.520000 320 111
1.560000 320 111
1.600000 320 111
1.640000 320 111
1.680000 320 111
1.720000 320 111
1.760000 320 111
1.800000 320 111
1.840000 320 111
1.880000 320 111
1.920000 320 111
1.960000 320 111
2.000000 320 111
2.040000 320 111
2.080000 320 111
2.120000 320 111
2.160000 320 111
2.200000 320 111
2.240000 320 111
2.280000 320 111
2.320000 320 111
2.360000 320 111
2.400000 320 111
2.440000 320 111
2.480000 320 111
2.520000 320 111
2.560000 320 111
2.600000 320 111
2.640000 320 111
2.680000 320 111
2.720000 320 111
2.760000 320 111
2.800000 320 111
2.840000 320 111
2.880000 320 111
2.920000 320 111
2.960000 320 111
3.000000 320 111
3.040000 320 111
3.080000 320 111
3.120000 320 111
3.160000 320 111
3.200000 320 111
3.240000 320 111
3.280000 320 111
3.320000 320 111
3.360000 320 111
3.400000 320 111
3.440000 320 111
3.480000 320 111
3.520000 320 111
3.560000 320 111
3.600000 320 111
3.640000 320 111
3.680000 320 111
3.720000 320 111
3.760000 320 111
3.800000 320 111
3.840000 320 111
3.880000 320 111
3.920000 320 111
3.960000 320 111
4.000000 320 111
4.040000 320 111
4.080000 320 111
4.120000 320 111
4.160000 320 111
4.200000 320 111
4.240000 319 112
4.280000 318 112
4.320000 317 113
4.360000 309 117
4.400000 305 119
4.440000 300 119
4.480000 296 119
4.520000 291 117
4.560000 288 118
4.600000 286 118
4.640000 282 119
4.680000 278 118
4.720000 270 117
4.760000 269 118
4.800000 266 115
4.840000 261 115
4.880000 253 116
4.920000 249 115
4.960000 242 117
5.000000 237 118
5.040000 233 118
5.080000 230 117
5.120000 225 118
5.160000 221 117
5.200000 216 117
5.240000 212 117
5.280000 207 114
5.320000 201 113
5.360000 195 113
5.400000 190 113
5.440000 184 117
5.480000 179 117
5.520000 173 117
5.560000 170 117
5.600000 166 118
5.640000 162 117
5.680000 158 118
5.720000 153 116
5.760000 149 114
5.800000 143 113
5.840000 138 113
5.880000 132 112
5.920000 125 113
5.960000 121 114
6.000000 116 117
6.040000 112 117
6.080000 106 117
6.120000 101 119
6.160000 95 118
6.200000 94 119
6.240000 90 118
6.280000 84 115
6.320000 80 113
6.360000 77 114
6.400000 71 115
6.440000 64 115
6.480000 59 115
6.520000 56 115
6.560000 51 115
6.600000 48 114
6.640000 43 117
6.680000 38 118
6.720000 34 118
6.760000 32 116
6.800000 28 113
6.840000 23 114
6.880000 19 113
6.920000 14 114
6.960000 10 115
7.000000 5 114
7.040000 5 113
7.080000 2 113
7.120000 2 119
7.160000 2 119
7.200000 2 119
7.240000 2 119
7.280000 2 119
7.320000 2 119
7.360000 2 119
7.400000 2 119
7.440000 2 119
7.480000 2 119
7.520000 2 119
7.560000 2 119
7.600000 2 119
7.640000 2 119
7.680000 2 119
7.720000 2 119
7.760000 2 119
7.800000 2 119
7.840000 2 119
7.880000 2 119
7.920000 2 119
7.960000 2 119
8.000000 2 119
8.040000 2 119
8.080000 2 119
8.120000 2 119
8.160000 2 119
8.200000 2 119
8.240000 2 119
8.280000 2 119
8.320000 2 119
8.360000 2 119
8.400000 2 119
8.440000 2 119
8.480000 2 119
8.520000 2 119
8.560000 2 119
