0.000000 320 58
0.040000 320 58
0.080000 320 58
0.120000 320 58
0.160000 320 58
0.200000 320 58
0.240000 320 58
0.280000 320 58
0.320000 320 58
0.360000 320 58
0.400000 320 58
0.440000 320 58
0.480000 320 58
0.520000 320 58
0.560000 320 58
0.600000 320 58
0.640000 320 58
0.680000 320 58
0.720000 320 58
0.760000 320 58
0.800000 320 58
0.840000 320 58
0.880000 320 58
0.920000 320 58
0.960000 320 58
1.000000 320 58
1.040000 320 58
1.080000 320 58
1.120000 320 58
1.160000 320 58
1.200000 320 58
1.240000 320 58
1.280000 320 58
1.320000 320 58
1.360000 320 58
1.400000 320 58
1.440000 320 58
1.480000 320 58
1.520000 320 58
1.560000 320 58
1.600000 320 58
1.640000 320 58
1.680000 320 58
1.720000 320 58
1.760000 320 58
1.800000 320 58
1.840000 320 58
1.880000 320 58
1.920000 320 58
1.960000 320 58
2.000000 320 58
2.040000 320 58
2.080000 320 58
2.120000 320 58
2.160000 320 58
2.200000 320 58
2.240000 320 58
2.280000 320 58
2.320000 320 58
2.360000 320 58
2.400000 320 58
2.440000 320 58
2.480000 320 58
2.520000 320 58
2.560000 320 58
2.600000 320 58
2.640000 320 58
2.680000 320 58
2.720000 320 58
2.760000 320 58
2.800000 320 58
2.840000 320 58
2.880000 320 58
2.920000 320 58
2.960000 320 58
3.000000 320 58
3.040000 320 58
3.080000 320 58
3.120000 320 58
3.160000 320 58
3.200000 320 58
3.240000 320 58
3.280000 320 58
3.320000 320 58
3.360000 320 58
3.400000 320 58
3.440000 320 58
3.480000 320 58
3.520000 320 58
3.560000 320 58
3.600000 320 58
3.640000 320 58
3.680000 320 58
3.720000 320 58
3.760000 320 58
3.800000 320 58
3.840000 320 58
3.880000 320 58
3.920000 320 58
3.960000 320 58
4.000000 320 58
4.040000 320 58
4.080000 320 58
4.120000 320 58
4.160000 320 58
4.200000 320 58
4.240000 320 58
4.280000 320 58
4.320000 320 58
4.360000 314 59
4.400000 313 59
4.440000 310 59
4.480000 305 61
4.520000 295 60
4.560000 282 64
4.600000 272 61
4.640000 257 56
4.680000 245 56
4.720000 269 56
4.760000 221 61
4.800000 218 62
4.840000 214 60
4.880000 212 56
4.920000 212 55
4.960000 267 55
5.000000 212 54
5.040000 211 54
5.080000 214 55
5.120000 213 55
5.160000 212 54
5.200000 211 54
5.240000 210 54
5.280000 211 54
5.320000 211 53
5.360000 212 53
5.400000 210 53
5.440000 210 52
5.480000 204 56
5.520000 194 56
5.560000 177 54
5.600000 160 57
5.640000 149 53
5.680000 134 54
5.720000 152 50
5.760000 109 58
5.800000 101 61
5.840000 97 61
5.880000 95 57
5.920000 94 56
5.960000 93 54
6.000000 94 54
6.040000 93 54
6.080000 93 53
6.120000 95 56
6.160000 101 56
6.200000 95 54
6.240000 94 53
6.280000 94 52
6.320000 94 52
6.360000 92 52
6.400000 39 56
6.440000 92 52
6.480000 90 54
6.520000 80 55
6.560000 69 56
6.600000 58 59
6.640000 39 56
6.680000 32 56
6.720000 9 61
6.760000 7 62
6.800000 5 63
6.840000 3 64
6.880000 2 60
6.920000 2 58
6.960000 2 57
7.000000 2 58
7.040000 2 58
7.080000 2 58
7.120000 2 58
7.160000 2 58
7.200000 2 58
7.240000 2 58
7.280000 2 58
7.320000 2 58
7.360000 2 58
7.400000 2 58
7.440000 2 58
7.480000 2 58
7.520000 2 58
7.560000 2 58
7.600000 2 58
7.640000 2 58
7.680000 2 58
7.720000 2 58
7.760000 2 58
7.800000 2 58
7.840000 2 58
7.880000 2 58
7.920000 2 58
7.960000 2 58
8.000000 2 58
8.040000 2 58
8.080000 2 58
8.120000 2 58
8.160000 2 58
8.200000 2 58
8.240000 2 58
8.280000 2 58
8.320000 2 58
8.360000 2 58
8.400000 2 58
8.440000 2 58
8.480000 2 58
8.520000 2 58
8.560000 2 58
