0.000000 314 113
0.040000 314 113
0.080000 314 113
0.120000 314 113
0.160000 314 113
0.200000 314 113
0.240000 314 113
0.280000 314 113
0.320000 314 113
0.360000 314 113
0.400000 314 113
0.440000 314 113
0.480000 314 113
0.520000 314 113
0.560000 314 113
0.600000 314 113
0.640000 314 113
0.680000 314 113
0.720000 314 113
0.760000 314 113
0.800000 314 113
0.840000 314 113
0.880000 314 113
0.920000 314 113
0.960000 314 113
1.000000 314 113
1.040000 314 113
1.080000 314 113
1.120000 314 113
1.160000 314 113
1.200000 314 113
1.240000 314 113
1.280000 314 113
1.320000 314 113
1.360000 314 113
1.400000 314 113
1.440000 314 113
1.480000 314 113
1.520000 314 113
1.560000 314 113
1.600000 314 113
1.640000 314 113
1.680000 314 113
1.720000 314 113
1.760000 314 113
1.800000 314 113
1.840000 314 113
1.880000 314 113
1.920000 314 113
1.960000 314 113
2.000000 314 113
2.040000 314 113
2.080000 314 113
2.120000 314 113
2.160000 314 113
2.200000 314 113
2.240000 314 113
2.280000 314 113
2.320000 314 113
2.360000 314 113
2.400000 314 113
2.440000 314 113
2.480000 314 113
2.520000 314 113
2.560000 314 113
2.600000 314 113
2.640000 314 113
2.680000 314 113
2.720000 314 113
2.760000 314 113
2.800000 314 113
2.840000 314 113
2.880000 314 113
2.920000 314 113
2.960000 314 113
3.000000 314 113
3.040000 314 113
3.080000 314 113
3.120000 314 113
3.160000 314 113
3.200000 314 113
3.240000 314 113
3.280000 314 113
3.320000 314 113
3.360000 314 113
3.400000 314 113
3.440000 314 113
3.480000 314 113
3.520000 314 113
3.560000 314 113
3.600000 314 113
3.640000 314 113
3.680000 314 113
3.720000 314 113
3.760000 314 113
3.800000 314 113
3.840000 314 113
3.880000 314 113
3.920000 314 113
3.960000 314 113
4.000000 314 113
4.040000 314 113
4.080000 314 113
4.120000 314 113
4.160000 314 113
4.200000 314 113
4.240000 312 114
4.280000 311 114
4.320000 309 114
4.360000 301 118
4.400000 297 119
4.440000 293 119
4.480000 288 119
4.520000 283 118
4.560000 281 119
4.600000 277 119
4.640000 277 119
4.680000 272 119
4.720000 275 117
4.760000 264 118
4.800000 257 115
4.840000 252 115
4.880000 248 115
4.920000 242 115
4.960000 242 117
5.000000 231 119
5.040000 227 119
5.080000 225 117
5.120000 220 119
5.160000 216 118
5.200000 212 118
5.240000 209 117
5.280000 205 115
5.320000 201 114
5.360000 194 113
5.400000 188 114
5.440000 183 117
5.480000 175 118
5.520000 169 119
5.560000 164 118
5.600000 166 118
5.640000 161 118
5.680000 153 118
5.720000 155 117
5.760000 147 114
5.800000 143 113
5.840000 142 114
5.880000 136 113
5.920000 131 115
5.960000 123 115
6.000000 117 117
6.040000 113 118
6.080000 112 118
6.120000 108 119
6.160000 103 119
6.200000 101 119
6.240000 94 118
6.280000 90 116
6.320000 85 115
6.360000 75 115
6.400000 69 115
6.440000 69 117
6.480000 61 117
6.520000 52 116
6.560000 55 115
6.600000 53 115
6.640000 49 117
6.680000 45 118
6.720000 43 118
6.760000 39 117
6.800000 34 115
6.840000 32 116
6.880000 27 114
6.920000 23 116
6.960000 18 115
7.000000 13 114
7.040000 10 113
7.080000 10 113
7.120000 10 113
7.160000 10 113
7.200000 10 113
7.240000 10 113
7.280000 10 113
7.320000 10 113
7.360000 10 113
7.400000 10 113
7.440000 10 113
7.480000 10 113
7.520000 10 113
7.560000 10 113
7.600000 10 113
7.640000 10 113
7.680000 10 113
7.720000 10 113
7.760000 10 113
7.800000 10 113
7.840000 10 113
7.880000 10 113
7.920000 10 113
7.960000 10 113
8.000000 10 113
8.040000 10 113
8.080000 10 113
8.120000 10 113
8.160000 10 113
8.200000 10 113
8.240000 10 113
8.280000 10 113
8.320000 10 113
8.360000 10 113
8.400000 10 113
8.440000 10 113
8.480000 10 113
8.520000 10 113
8.560000 10 113
