1.480000 312 125
1.520000 303 126
1.560000 296 126
1.600000 289 128
1.640000 282 127
1.680000 277 128
1.720000 271 128
1.760000 267 128
1.800000 264 128
1.840000 262 128
1.880000 262 127
1.920000 260 124
2.040000 249 122
2.080000 244 121
2.120000 238 122
2.160000 232 123
2.200000 227 123
2.240000 221 121
2.280000 216 122
2.480000 194 128
2.520000 185 128
2.560000 178 128
2.600000 171 129
2.640000 166 129
2.680000 162 129
2.720000 159 128
2.760000 157 128
2.800000 155 125
2.920000 142 123
2.960000 133 124
3.000000 153 128
3.080000 147 123
3.120000 143 123
3.160000 138 122
3.200000 132 120
3.240000 122 119
3.480000 74 128
3.520000 65 128
3.560000 60 128
3.600000 57 128
3.640000 53 128
3.680000 48 125
3.720000 64 117
3.960000 42 121
4.000000 40 122
4.040000 38 122
4.080000 34 122
4.120000 29 120
4.160000 25 119
4.200000 19 119
4.240000 12 119
4.280000 2 102
