0.000000 320 118
0.040000 320 118
0.080000 320 118
0.120000 320 118
0.160000 320 118
0.200000 320 118
0.240000 320 118
0.280000 320 118
0.320000 320 118
0.360000 320 118
0.400000 320 118
0.440000 320 118
0.480000 320 118
0.520000 320 118
0.560000 320 118
0.600000 320 118
0.640000 320 118
0.680000 320 118
0.720000 320 118
0.760000 320 118
0.800000 320 118
0.840000 320 118
0.880000 320 118
0.920000 320 118
0.960000 320 118
1.000000 320 118
1.040000 320 118
1.080000 320 118
1.120000 320 118
1.160000 320 118
1.200000 320 118
1.240000 320 118
1.280000 320 118
1.320000 320 118
1.360000 320 118
1.400000 320 118
1.440000 320 118
1.480000 320 118
1.520000 320 118
1.560000 320 118
1.600000 320 118
1.640000 320 118
1.680000 320 118
1.720000 320 118
1.760000 320 118
1.800000 320 118
1.840000 320 118
1.880000 320 118
1.920000 320 118
1.960000 320 118
2.000000 320 113
2.040000 314 113
2.080000 308 113
2.120000 302 112
2.160000 297 113
2.200000 292 113
2.240000 288 113
2.280000 283 114
2.320000 278 113
2.360000 273 115
2.400000 271 113
2.440000 267 113
2.480000 262 113
2.520000 256 113
2.560000 251 113
2.600000 246 113
2.640000 240 113
2.680000 235 113
2.720000 231 113
2.760000 227 115
2.800000 223 113
2.840000 219 113
2.880000 215 112
2.920000 210 112
2.960000 204 111
3.000000 196 109
3.040000 190 109
3.080000 184 109
3.120000 179 112
3.160000 175 113
3.200000 169 113
3.240000 164 113
3.280000 158 113
3.320000 153 112
3.360000 148 111
3.400000 143 109
3.440000 137 109
3.480000 131 109
3.520000 125 110
3.560000 121 111
3.600000 117 111
3.640000 112 112
3.680000 108 112
3.720000 103 112
3.760000 98 112
3.800000 95 110
3.840000 88 111
3.880000 82 110
3.920000 76 109
3.960000 72 109
4.000000 66 109
4.040000 63 111
4.080000 57 112
4.120000 52 113
4.160000 47 113
4.200000 44 113
4.240000 38 110
4.280000 33 109
4.320000 28 108
4.360000 22 109
4.400000 16 109
4.440000 12 109
4.480000 7 111
4.520000 6 112
4.560000 2 113
4.600000 2 113
4.640000 2 113
4.680000 2 113
4.720000 2 113
4.760000 2 113
4.800000 2 113
4.840000 2 113
4.880000 2 113
4.920000 2 113
4.960000 2 113
5.000000 2 113
5.040000 2 113
5.080000 2 113
5.120000 2 113
5.160000 2 113
5.200000 2 113
5.240000 2 113
