0.000000 283 62
0.040000 283 62
0.080000 283 62
0.120000 283 62
0.160000 283 62
0.200000 283 62
0.240000 283 62
0.280000 283 62
0.320000 283 62
0.360000 283 62
0.400000 283 62
0.440000 283 62
0.480000 283 62
0.520000 283 62
0.560000 283 62
0.600000 283 62
0.640000 283 62
0.680000 283 62
0.720000 283 62
0.760000 283 62
0.800000 283 62
0.840000 283 62
0.880000 283 62
0.920000 283 62
0.960000 283 62
1.000000 283 62
1.040000 283 62
1.080000 283 62
1.120000 283 62
1.160000 283 62
1.200000 283 62
1.240000 283 62
1.280000 283 62
1.320000 283 62
1.360000 283 62
1.400000 283 62
1.440000 283 62
1.480000 283 62
1.520000 283 62
1.560000 283 62
1.600000 283 62
1.640000 283 62
1.680000 283 62
1.720000 283 62
1.760000 283 62
1.800000 283 62
1.840000 283 62
1.880000 283 62
1.920000 283 62
1.960000 283 62
2.000000 288 62
2.040000 293 62
2.080000 298 62
2.120000 304 62
2.160000 309 62
2.200000 314 62
2.240000 310 56
2.280000 268 59
2.320000 289 56
2.360000 271 56
2.400000 262 54
2.440000 246 54
2.480000 234 56
2.520000 227 57
2.560000 225 54
2.600000 223 51
2.640000 223 50
2.680000 222 50
2.720000 223 50
2.760000 223 50
2.800000 223 50
2.840000 220 51
2.880000 224 50
2.920000 188 56
2.960000 177 61
3.000000 169 61
3.040000 167 57
3.080000 166 55
3.120000 164 54
3.160000 212 50
3.200000 164 54
3.240000 185 51
3.280000 166 52
3.320000 153 50
3.360000 137 50
3.400000 122 55
3.440000 114 57
3.480000 109 56
3.520000 108 52
3.560000 107 50
3.600000 107 50
3.640000 153 56
3.680000 107 50
3.720000 107 50
3.760000 107 50
3.800000 106 50
3.840000 107 50
3.880000 107 50
3.920000 107 50
3.960000 106 49
4.000000 106 50
4.040000 56 56
4.080000 101 50
4.120000 90 50
4.160000 79 51
4.200000 57 56
4.240000 49 51
4.280000 36 52
4.320000 23 56
4.360000 14 61
4.400000 10 61
4.440000 10 58
4.480000 8 56
4.520000 8 56
4.560000 8 56
4.600000 44 58
4.640000 33 59
4.680000 7 55
4.720000 7 55
4.760000 7 55
4.800000 7 55
4.840000 8 54
4.880000 8 54
4.920000 8 54
4.960000 8 54
5.000000 8 54
5.040000 8 54
5.080000 8 54
5.120000 8 54
5.160000 8 54
5.200000 8 54
5.240000 8 54
5.280000 8 54
5.320000 8 54
5.360000 8 54
5.400000 8 54
5.440000 8 54
5.480000 8 54
5.520000 8 54
5.560000 8 54
