1.720000 320 120
1.760000 320 122
1.800000 315 119
1.840000 309 122
1.880000 304 120
1.920000 301 120
1.960000 298 119
2.000000 295 118
2.040000 292 115
2.080000 288 115
2.120000 283 115
2.160000 278 117
2.200000 272 117
2.240000 267 118
2.280000 262 119
2.320000 258 119
2.360000 252 119
2.400000 249 119
2.440000 246 119
2.480000 241 118
2.520000 236 117
2.560000 231 115
2.600000 226 115
2.640000 220 115
2.680000 214 115
2.720000 208 115
2.760000 205 118
2.800000 201 119
2.840000 197 120
2.880000 194 120
2.920000 190 119
2.960000 184 118
3.000000 181 118
3.040000 175 117
3.080000 170 117
3.120000 164 115
3.160000 158 116
3.200000 153 117
3.240000 148 118
3.280000 142 119
3.320000 138 119
3.360000 132 119
3.400000 129 119
3.440000 123 118
3.480000 118 119
3.520000 114 115
3.560000 107 114
3.600000 101 115
3.640000 97 117
3.680000 92 117
3.720000 86 117
3.760000 84 117
3.800000 80 118
3.840000 76 119
3.880000 73 119
3.920000 69 118
3.960000 64 118
4.000000 60 118
4.040000 57 117
4.080000 51 114
4.120000 45 114
4.160000 40 114
4.200000 38 115
4.240000 33 118
4.280000 29 117
4.320000 25 118
4.360000 23 119
4.400000 18 118
4.440000 14 117
4.480000 12 115
4.520000 7 114
4.600000 2 119
