1.640000 320 98
1.680000 314 93
1.720000 312 93
1.760000 310 94
1.800000 307 93
1.840000 299 95
1.880000 294 94
1.920000 288 96
1.960000 283 92
2.000000 281 92
2.040000 299 87
2.080000 273 91
2.120000 292 89
2.160000 284 91
2.200000 260 89
2.240000 257 90
2.280000 253 91
2.320000 253 92
2.360000 252 93
2.400000 251 92
2.440000 249 91
2.480000 247 90
2.520000 246 89
2.560000 242 89
2.600000 236 91
2.640000 231 89
2.680000 220 91
2.720000 200 87
2.760000 199 91
2.800000 192 92
2.840000 186 93
2.880000 179 94
2.920000 173 93
2.960000 190 87
3.000000 188 87
3.040000 159 88
3.080000 179 87
3.120000 172 87
3.160000 162 87
3.200000 140 87
3.240000 138 87
3.280000 136 88
3.320000 137 91
3.360000 117 92
3.400000 133 91
3.440000 107 89
3.480000 130 89
3.520000 127 88
3.560000 122 88
3.600000 117 89
3.640000 108 90
3.680000 98 90
3.720000 89 88
3.760000 80 90
3.800000 77 88
3.840000 75 91
3.880000 61 94
3.920000 56 92
3.960000 54 91
4.000000 51 91
4.040000 48 91
4.080000 42 88
4.120000 36 88
4.160000 32 90
4.200000 29 87
4.240000 29 88
4.280000 25 87
4.320000 26 92
4.360000 25 92
4.400000 24 90
4.440000 23 88
4.480000 22 88
4.520000 18 88
4.600000 6 97
