2.440000 320 66
2.480000 312 67
2.520000 299 63
2.560000 289 61
2.600000 283 61
2.640000 283 61
2.680000 282 60
2.720000 282 60
2.760000 282 60
2.800000 282 60
2.840000 282 60
2.880000 282 61
2.920000 282 61
2.960000 282 61
3.000000 281 60
3.040000 282 60
3.080000 281 61
3.120000 281 61
3.160000 279 61
3.200000 277 64
3.240000 271 67
3.280000 263 68
3.320000 253 67
3.360000 241 66
3.400000 231 61
3.440000 219 60
3.480000 205 56
3.520000 195 57
3.560000 188 58
3.600000 184 56
3.640000 184 56
3.680000 184 56
3.720000 184 56
3.760000 184 56
3.800000 184 56
3.840000 184 56
3.880000 184 56
3.920000 184 56
3.960000 184 56
4.000000 184 56
4.040000 184 56
4.080000 184 56
4.120000 183 58
4.160000 179 61
4.200000 176 61
4.240000 169 66
4.280000 159 66
4.320000 149 66
4.360000 136 63
4.400000 127 58
4.440000 112 56
4.480000 101 56
4.520000 90 56
4.560000 85 57
4.600000 84 56
4.640000 84 56
4.680000 84 56
4.720000 84 56
4.760000 85 56
4.800000 85 56
4.840000 85 56
4.880000 84 56
4.920000 84 56
4.960000 84 56
5.000000 83 56
5.040000 83 56
5.080000 82 57
5.120000 81 60
5.160000 76 63
5.200000 70 67
5.240000 62 67
5.280000 54 68
5.320000 44 67
5.360000 34 61
5.400000 23 60
5.440000 13 60
5.480000 4 61
5.520000 2 59
5.560000 2 60
5.600000 2 59
5.640000 2 59
5.680000 25 71
5.720000 20 71
