0.000000 310 95
0.040000 310 95
0.080000 310 95
0.120000 310 95
0.160000 310 95
0.200000 310 95
0.240000 310 95
0.280000 310 95
0.320000 310 95
0.360000 310 95
0.400000 310 95
0.440000 310 95
0.480000 310 95
0.520000 310 95
0.560000 310 95
0.600000 310 95
0.640000 310 95
0.680000 310 95
0.720000 310 95
0.760000 310 95
0.800000 310 95
0.840000 310 95
0.880000 310 95
0.920000 310 95
0.960000 310 95
1.000000 310 95
1.040000 310 95
1.080000 310 95
1.120000 310 95
1.160000 310 95
1.200000 310 95
1.240000 310 95
1.280000 310 95
1.320000 310 95
1.360000 310 95
1.400000 310 95
1.440000 310 95
1.480000 310 95
1.520000 310 95
1.560000 310 95
1.600000 310 95
1.640000 310 95
1.680000 310 95
1.720000 310 95
1.760000 310 95
1.800000 310 95
1.840000 310 95
1.880000 304 96
1.920000 298 98
1.960000 293 98
2.000000 288 98
2.040000 283 97
2.080000 282 96
2.120000 277 93
2.160000 272 93
2.200000 268 92
2.240000 263 93
2.280000 261 93
2.320000 258 93
2.360000 257 93
2.400000 257 93
2.440000 257 93
2.480000 256 93
2.520000 253 92
2.560000 252 92
2.600000 249 91
2.640000 245 91
2.680000 238 92
2.720000 230 92
2.760000 221 91
2.800000 214 91
2.840000 205 92
2.880000 199 93
2.920000 190 94
2.960000 186 95
3.000000 182 93
3.040000 179 92
3.080000 173 91
3.120000 168 91
3.160000 163 89
3.200000 158 89
3.240000 154 89
3.280000 153 89
3.320000 153 89
3.360000 153 92
3.400000 151 92
3.440000 148 90
3.480000 148 88
3.520000 146 87
3.560000 142 87
3.600000 137 88
3.640000 128 89
3.680000 121 89
3.720000 111 89
3.760000 104 89
3.800000 95 91
3.840000 89 93
3.880000 83 92
3.920000 78 93
3.960000 75 92
4.000000 70 91
4.040000 67 92
4.080000 62 91
4.120000 57 91
4.160000 54 89
4.200000 51 89
4.240000 49 89
4.280000 49 91
4.320000 49 93
4.360000 48 92
4.400000 45 92
4.440000 44 89
4.480000 40 89
4.520000 37 88
4.560000 29 91
4.600000 23 91
4.640000 15 92
4.680000 8 91
4.720000 8 91
4.760000 8 91
4.800000 8 91
4.840000 8 91
4.880000 8 91
4.920000 8 91
4.960000 8 91
5.000000 8 91
5.040000 8 91
5.080000 8 91
5.120000 8 91
