1.600000 169 50
1.640000 170 51
1.680000 172 51
1.720000 172 51
1.760000 175 51
1.800000 175 51
1.840000 170 51
1.880000 168 52
1.920000 159 52
1.960000 153 52
2.000000 161 54
2.040000 163 55
2.080000 163 57
2.120000 161 61
2.160000 156 62
2.200000 144 60
2.240000 128 57
2.280000 115 53
2.320000 100 52
2.360000 87 51
2.400000 76 51
2.440000 70 51
2.480000 67 51
2.520000 67 51
2.560000 68 51
2.600000 69 51
2.640000 67 51
2.680000 72 51
2.720000 73 52
2.760000 70 52
2.800000 64 52
2.840000 58 54
2.880000 64 54
2.920000 65 54
2.960000 67 56
3.000000 65 57
3.040000 63 61
3.080000 62 64
3.120000 45 62
3.160000 31 60
3.200000 22 57
3.240000 21 57
3.280000 16 58
3.320000 17 58
3.360000 19 59
3.400000 18 59
3.440000 20 60
