1.600000 190 112
1.640000 184 113
1.680000 179 113
1.720000 175 113
1.760000 172 113
1.800000 169 113
1.840000 165 114
1.880000 162 114
1.920000 157 113
1.960000 152 113
2.000000 147 113
2.040000 142 113
2.080000 137 113
2.120000 131 113
2.160000 126 113
2.200000 121 114
2.240000 117 114
2.280000 112 114
2.320000 107 113
2.360000 102 113
2.400000 98 112
2.440000 93 111
2.480000 88 111
2.520000 83 111
2.560000 78 112
2.600000 73 112
2.640000 70 113
2.680000 68 113
2.720000 65 113
2.760000 61 113
2.800000 57 114
2.840000 53 113
2.880000 50 113
2.920000 46 113
2.960000 41 113
3.000000 36 113
3.040000 32 113
3.080000 28 113
3.120000 23 113
3.160000 20 113
3.200000 17 113
3.240000 13 113
3.280000 8 113
3.320000 3 112
3.360000 2 112
3.400000 2 113
3.440000 2 114
