1.600000 198 82
1.640000 189 82
1.680000 181 83
1.720000 173 84
1.760000 164 86
1.800000 160 87
1.840000 153 88
1.880000 149 87
1.920000 148 86
1.960000 149 84
2.000000 144 82
2.040000 134 82
2.080000 127 82
2.120000 120 83
2.160000 115 83
2.200000 113 83
2.240000 112 85
2.280000 113 86
2.320000 112 85
2.360000 112 83
2.400000 111 83
2.440000 107 82
2.480000 103 82
2.520000 97 82
2.560000 89 83
2.600000 80 83
2.640000 73 84
2.680000 66 86
2.720000 60 87
2.760000 56 87
2.800000 53 86
2.840000 53 84
2.880000 50 83
2.920000 43 85
2.960000 35 86
3.000000 31 86
3.040000 27 86
3.080000 22 85
3.120000 23 85
3.160000 22 86
3.200000 21 87
3.240000 21 87
3.280000 19 86
3.320000 16 84
3.360000 15 84
3.400000 12 85
3.440000 11 86
