0.000000 303 123
0.040000 303 123
0.080000 303 123
0.120000 303 123
0.160000 303 123
0.200000 303 123
0.240000 303 123
0.280000 303 123
0.320000 303 123
0.360000 303 123
0.400000 303 123
0.440000 303 123
0.480000 303 123
0.520000 303 123
0.560000 303 123
0.600000 303 123
0.640000 303 123
0.680000 303 123
0.720000 303 123
0.760000 303 123
0.800000 303 123
0.840000 303 123
0.880000 303 123
0.920000 303 123
0.960000 303 123
1.000000 303 123
1.040000 303 123
1.080000 303 123
1.120000 303 123
1.160000 303 123
1.200000 303 123
1.240000 303 123
1.280000 303 123
1.320000 303 123
1.360000 303 123
1.400000 303 123
1.440000 303 123
1.480000 303 123
1.520000 303 123
1.560000 303 123
1.600000 303 123
1.640000 303 123
1.680000 296 123
1.720000 294 123
1.760000 292 123
1.800000 290 123
1.840000 313 114
1.880000 314 113
1.920000 310 115
1.960000 304 114
2.000000 294 114
2.040000 288 117
2.080000 279 117
2.120000 271 118
2.160000 264 119
2.200000 257 119
2.240000 251 120
2.280000 247 122
2.320000 244 121
2.360000 242 119
2.400000 240 118
2.440000 236 117
2.480000 235 118
2.520000 236 116
2.560000 236 116
2.600000 236 117
2.640000 233 113
2.680000 231 113
2.720000 226 113
2.760000 221 113
2.800000 216 113
2.840000 209 111
2.880000 200 113
2.920000 190 113
2.960000 184 114
3.000000 173 116
3.040000 164 117
3.080000 153 118
3.120000 147 119
3.160000 142 119
3.200000 136 119
3.240000 132 119
3.280000 127 118
3.320000 127 117
3.360000 127 115
3.400000 125 114
3.440000 124 114
3.480000 122 114
3.520000 122 113
3.560000 122 114
3.600000 118 113
3.640000 116 111
3.680000 111 111
3.720000 106 111
3.760000 100 109
3.800000 91 109
3.840000 82 110
3.880000 75 111
3.920000 65 113
3.960000 55 113
4.000000 49 117
4.040000 41 117
4.080000 36 118
4.120000 32 119
4.160000 28 118
4.200000 23 118
4.240000 23 116
4.280000 21 115
4.320000 21 114
4.360000 20 113
4.400000 20 112
4.440000 18 112
4.480000 18 112
4.520000 16 113
4.560000 12 108
4.600000 10 109
4.640000 9 109
4.680000 7 109
4.720000 6 109
4.760000 6 109
4.800000 6 109
4.840000 6 109
4.880000 6 109
4.920000 6 109
4.960000 6 109
5.000000 6 109
5.040000 6 109
5.080000 6 109
5.120000 6 109
5.160000 6 109
5.200000 6 109
5.240000 6 109
5.280000 6 109
5.320000 6 109
5.360000 6 109
5.400000 6 109
