0.000000 320 68
0.040000 320 68
0.080000 320 68
0.120000 320 68
0.160000 320 68
0.200000 320 68
0.240000 320 68
0.280000 320 68
0.320000 320 68
0.360000 320 68
0.400000 320 68
0.440000 320 68
0.480000 320 68
0.520000 320 68
0.560000 320 68
0.600000 320 68
0.640000 320 68
0.680000 320 68
0.720000 320 68
0.760000 320 68
0.800000 320 68
0.840000 320 68
0.880000 320 68
0.920000 320 68
0.960000 320 68
1.000000 320 68
1.040000 320 68
1.080000 320 68
1.120000 320 68
1.160000 320 68
1.200000 320 68
1.240000 320 68
1.280000 320 68
1.320000 320 68
1.360000 320 68
1.400000 320 68
1.440000 320 68
1.480000 320 68
1.520000 320 68
1.560000 320 68
1.600000 320 68
1.640000 320 68
1.680000 320 68
1.720000 320 68
1.760000 314 69
1.800000 303 60
1.840000 288 62
1.880000 276 56
1.920000 263 56
1.960000 256 55
2.000000 252 53
2.040000 252 51
2.080000 252 51
2.120000 252 52
2.160000 252 52
2.200000 252 52
2.240000 252 54
2.280000 251 52
2.320000 252 52
2.360000 252 53
2.400000 252 52
2.440000 252 54
2.480000 251 57
2.520000 247 60
2.560000 242 66
2.600000 232 69
2.640000 221 71
2.680000 209 69
2.720000 190 55
2.760000 180 59
2.800000 166 56
2.840000 150 55
2.880000 138 52
2.920000 131 51
2.960000 128 50
3.000000 127 50
3.040000 127 50
3.080000 127 50
3.120000 127 50
3.160000 127 50
3.200000 128 50
3.240000 127 51
3.280000 127 51
3.320000 127 51
3.360000 127 51
3.400000 127 52
3.440000 127 55
3.480000 123 57
3.520000 119 61
3.560000 112 66
3.600000 69 53
3.640000 90 67
3.680000 70 55
3.720000 67 55
3.760000 54 56
3.800000 39 54
3.840000 28 53
3.880000 19 55
3.920000 17 55
3.960000 16 53
4.000000 16 52
4.040000 16 52
4.080000 44 70
4.120000 16 52
4.160000 16 52
4.200000 16 52
