0.000000 320 122
0.040000 320 122
0.080000 320 122
0.120000 320 122
0.160000 320 122
0.200000 320 122
0.240000 320 122
0.280000 320 122
0.320000 320 122
0.360000 320 122
0.400000 320 122
0.440000 320 122
0.480000 320 122
0.520000 320 122
0.560000 320 122
0.600000 320 122
0.640000 320 122
0.680000 320 122
0.720000 320 122
0.760000 320 122
0.800000 320 122
0.840000 320 122
0.880000 320 122
0.920000 320 122
0.960000 320 122
1.000000 320 122
1.040000 320 122
1.080000 320 122
1.120000 320 122
1.160000 320 122
1.200000 320 122
1.240000 320 122
1.280000 320 122
1.320000 320 122
1.360000 320 122
1.400000 320 122
1.440000 320 122
1.480000 320 122
1.520000 320 122
1.560000 320 122
1.600000 320 122
1.640000 320 121
1.680000 313 119
1.720000 308 122
1.760000 303 122
1.800000 299 121
1.840000 297 119
1.880000 293 120
1.920000 288 119
1.960000 284 120
2.000000 278 118
2.040000 273 118
2.080000 268 119
2.120000 262 120
2.160000 257 120
2.200000 251 119
2.240000 246 120
2.280000 244 121
2.320000 239 120
2.360000 234 120
2.400000 229 117
2.440000 225 118
2.480000 217 115
2.520000 210 114
2.560000 205 117
2.600000 199 119
2.640000 195 119
2.680000 190 119
2.720000 184 120
2.760000 179 119
2.800000 175 119
2.840000 173 122
2.880000 167 117
2.920000 162 118
2.960000 155 116
3.000000 148 114
3.040000 142 117
3.080000 133 117
3.120000 130 118
3.160000 126 118
3.200000 122 119
3.240000 117 119
3.280000 112 118
3.320000 108 118
3.360000 105 118
3.400000 99 117
3.440000 93 117
3.480000 86 117
3.520000 81 117
3.560000 75 116
3.600000 71 117
3.640000 68 118
3.680000 62 119
3.720000 58 121
3.760000 54 121
3.800000 49 119
3.840000 45 117
3.880000 40 114
3.920000 36 114
3.960000 29 113
4.000000 24 115
4.040000 18 115
4.080000 14 117
4.120000 12 118
4.160000 8 118
4.200000 8 118
