0.000000 314 159
0.040000 314 159
0.080000 314 159
0.120000 314 159
0.160000 314 159
0.200000 314 159
0.240000 314 159
0.280000 314 159
0.320000 314 159
0.360000 314 159
0.400000 314 159
0.440000 314 159
0.480000 314 159
0.520000 314 159
0.560000 314 159
0.600000 314 159
0.640000 314 159
0.680000 314 159
0.720000 314 159
0.760000 314 159
0.800000 314 159
0.840000 314 159
0.880000 314 159
0.920000 314 159
0.960000 314 159
1.000000 314 159
1.040000 314 159
1.080000 314 159
1.120000 314 159
1.160000 314 159
1.200000 314 159
1.240000 314 159
1.280000 314 159
1.320000 314 159
1.360000 314 159
1.400000 314 159
1.440000 314 159
1.480000 314 159
1.520000 314 159
1.560000 314 159
1.600000 314 159
1.640000 312 160
1.680000 310 160
1.720000 308 160
1.760000 303 160
1.800000 299 161
1.840000 294 161
1.880000 288 161
1.920000 284 160
1.960000 279 159
2.000000 274 159
2.040000 271 159
2.080000 266 159
2.120000 261 160
2.160000 257 161
2.200000 251 162
2.240000 247 164
2.280000 245 165
2.320000 242 164
2.360000 237 163
2.400000 229 162
2.440000 223 161
2.480000 217 160
2.520000 213 160
2.560000 205 160
2.600000 199 161
2.640000 201 163
2.680000 194 165
2.720000 186 165
2.760000 179 165
2.800000 175 165
2.840000 170 165
2.880000 165 164
2.920000 160 163
2.960000 155 161
3.000000 152 161
3.040000 147 160
3.080000 138 160
3.120000 137 161
3.160000 129 161
3.200000 129 163
3.240000 126 161
3.280000 121 161
3.320000 116 160
3.360000 111 160
3.400000 106 159
3.440000 100 159
3.480000 94 159
3.520000 88 159
3.560000 83 159
3.600000 76 159
3.640000 74 159
3.680000 69 160
3.720000 64 160
3.760000 60 160
3.800000 54 160
3.840000 49 159
3.880000 44 159
3.920000 39 158
3.960000 36 156
4.000000 30 156
4.040000 25 158
4.080000 17 158
4.120000 19 158
4.160000 17 158
4.200000 13 157
