0.000000 320 119
0.040000 320 119
0.080000 320 119
0.120000 320 119
0.160000 320 119
0.200000 320 119
0.240000 320 119
0.280000 320 119
0.320000 320 119
0.360000 320 119
0.400000 320 119
0.440000 320 119
0.480000 320 119
0.520000 320 119
0.560000 320 119
0.600000 320 119
0.640000 320 119
0.680000 320 119
0.720000 320 119
0.760000 320 119
0.800000 320 119
0.840000 320 119
0.880000 320 119
0.920000 320 119
0.960000 320 119
1.000000 320 119
1.040000 320 119
1.080000 320 119
1.120000 320 119
1.160000 320 119
1.200000 320 119
1.240000 320 119
1.280000 320 119
1.320000 320 119
1.360000 320 119
1.400000 320 119
1.440000 320 119
1.480000 320 119
1.520000 320 119
1.560000 320 119
1.600000 320 119
1.640000 320 119
1.680000 315 120
1.720000 311 123
1.760000 307 124
1.800000 303 124
1.840000 299 123
1.880000 297 124
1.920000 293 121
1.960000 288 122
2.000000 283 119
2.040000 278 119
2.080000 273 120
2.120000 268 120
2.160000 264 122
2.200000 261 120
2.240000 255 122
2.280000 251 122
2.320000 247 122
2.360000 243 122
2.400000 238 118
2.440000 233 117
2.480000 229 119
2.520000 221 119
2.560000 216 119
2.600000 211 119
2.640000 208 119
2.680000 203 122
2.720000 199 123
2.760000 194 122
2.800000 190 122
2.840000 184 119
2.880000 179 119
2.920000 174 119
2.960000 168 116
3.000000 162 117
3.040000 158 119
3.080000 152 119
3.120000 145 119
3.160000 142 120
3.200000 138 119
3.240000 132 117
3.280000 129 119
3.320000 126 119
3.360000 120 117
3.400000 114 115
3.440000 108 118
3.480000 104 118
3.520000 98 119
3.560000 94 119
3.600000 90 119
3.640000 85 121
3.680000 80 122
3.720000 75 119
3.760000 72 118
3.800000 68 119
3.840000 64 115
3.880000 58 113
3.920000 53 117
3.960000 48 117
4.000000 43 118
4.040000 38 119
4.080000 35 120
4.120000 33 119
4.160000 29 118
4.200000 25 117
4.240000 22 119
4.280000 18 119
4.320000 13 118
4.360000 1 117
4.400000 1 118
4.440000 1 118
4.480000 1 118
4.520000 2 118
4.560000 2 118
4.600000 2 118
4.640000 2 118
4.680000 2 118
4.720000 2 118
4.760000 2 118
4.800000 2 118
4.840000 2 118
4.880000 2 118
4.920000 2 118
4.960000 2 118
5.000000 2 118
5.040000 2 118
5.080000 2 118
5.120000 2 118
5.160000 2 118
