0.000000 309 93
0.040000 309 93
0.080000 309 93
0.120000 309 93
0.160000 309 93
0.200000 309 93
0.240000 309 93
0.280000 309 93
0.320000 309 93
0.360000 309 93
0.400000 309 93
0.440000 309 93
0.480000 309 93
0.520000 309 93
0.560000 309 93
0.600000 309 93
0.640000 309 93
0.680000 309 93
0.720000 309 93
0.760000 309 93
0.800000 309 93
0.840000 309 93
0.880000 309 93
0.920000 309 93
0.960000 309 93
1.000000 309 93
1.040000 309 93
1.080000 309 93
1.120000 309 93
1.160000 309 93
1.200000 309 93
1.240000 309 93
1.280000 309 93
1.320000 309 93
1.360000 309 93
1.400000 309 93
1.440000 309 93
1.480000 309 93
1.520000 309 93
1.560000 309 93
1.600000 309 93
1.640000 305 93
1.680000 304 92
1.720000 303 93
1.760000 303 92
1.800000 301 93
1.840000 299 92
1.880000 298 93
1.920000 296 91
1.960000 292 92
2.000000 288 91
2.040000 283 90
2.080000 275 90
2.120000 267 89
2.160000 261 87
2.200000 252 88
2.240000 251 92
2.280000 237 93
2.320000 253 87
2.360000 251 87
2.400000 223 89
2.440000 219 88
2.480000 239 87
2.520000 210 89
2.560000 205 89
2.600000 203 88
2.640000 200 87
2.680000 196 87
2.720000 199 92
2.760000 197 88
2.800000 194 87
2.840000 192 87
2.880000 189 87
2.920000 184 87
2.960000 179 87
3.000000 168 87
3.040000 158 86
3.080000 143 86
3.120000 142 86
3.160000 136 88
3.200000 127 91
3.240000 121 89
3.280000 136 83
3.320000 111 87
3.360000 128 83
3.400000 101 85
3.440000 96 87
3.480000 105 84
3.520000 91 87
3.560000 88 86
3.600000 85 87
3.640000 86 89
3.680000 85 89
3.720000 84 87
3.760000 81 87
3.800000 79 87
3.840000 75 86
3.880000 69 85
3.920000 60 87
3.960000 53 87
4.000000 44 87
4.040000 34 87
4.080000 33 88
4.120000 28 91
4.160000 21 91
4.200000 18 89
4.240000 13 89
4.280000 11 91
4.320000 6 87
4.360000 2 87
4.400000 5 86
4.440000 5 86
4.480000 5 86
4.520000 5 86
4.560000 5 86
4.600000 5 86
4.640000 5 86
4.680000 5 86
4.720000 5 86
4.760000 5 86
4.800000 5 86
4.840000 5 86
4.880000 5 86
4.920000 5 86
4.960000 5 86
5.000000 5 86
5.040000 5 86
5.080000 5 86
5.120000 5 86
5.160000 5 86
