1.480000 320 133
1.520000 320 133
1.560000 320 133
1.600000 314 133
1.640000 314 133
1.680000 312 133
1.720000 309 133
1.760000 308 134
1.800000 303 133
1.840000 299 133
1.880000 295 133
1.920000 291 131
1.960000 284 131
2.000000 278 132
2.040000 273 132
2.080000 268 130
2.120000 260 131
2.160000 253 133
2.200000 247 133
2.240000 241 133
2.280000 233 133
2.320000 226 133
2.360000 220 132
2.400000 216 132
2.440000 212 132
2.480000 209 133
2.520000 205 133
2.560000 204 133
2.600000 203 133
2.640000 200 132
2.680000 199 133
2.720000 195 133
2.760000 191 133
2.800000 188 133
2.840000 184 132
2.880000 177 132
2.920000 171 130
2.960000 164 130
3.000000 158 130
3.040000 150 130
3.080000 143 131
3.120000 136 132
3.160000 128 130
3.200000 121 130
3.240000 115 130
3.280000 108 131
3.320000 105 133
3.360000 101 131
3.400000 95 130
3.440000 90 130
3.480000 86 129
3.520000 85 130
3.560000 81 129
3.600000 80 130
3.640000 76 130
3.680000 75 131
3.720000 73 130
3.760000 71 130
3.800000 68 129
3.840000 64 128
3.880000 58 128
3.920000 53 128
3.960000 44 128
4.000000 38 128
4.040000 33 128
4.080000 26 129
4.120000 20 129
4.160000 15 130
4.200000 10 131
4.240000 6 132
4.280000 2 132
4.320000 2 133
4.360000 2 130
4.400000 2 134
