0.000000 320 119
0.040000 320 119
0.080000 320 119
0.120000 320 119
0.160000 320 119
0.200000 320 119
0.240000 320 119
0.280000 320 119
0.320000 320 119
0.360000 320 119
0.400000 320 119
0.440000 320 119
0.480000 320 119
0.520000 320 119
0.560000 320 119
0.600000 320 119
0.640000 320 119
0.680000 320 119
0.720000 320 119
0.760000 320 119
0.800000 320 119
0.840000 320 119
0.880000 320 119
0.920000 320 119
0.960000 320 119
1.000000 320 119
1.040000 320 119
1.080000 320 119
1.120000 320 119
1.160000 320 119
1.200000 320 119
1.240000 320 119
1.280000 320 119
1.320000 320 119
1.360000 320 119
1.400000 320 119
1.440000 320 119
1.480000 320 119
1.520000 320 119
1.560000 320 119
1.600000 320 119
1.640000 320 119
1.680000 320 119
1.720000 320 119
1.760000 320 115
1.800000 320 114
1.840000 313 114
1.880000 303 117
1.920000 300 115
1.960000 295 115
2.000000 290 118
2.040000 288 119
2.080000 283 119
2.120000 278 119
2.160000 274 122
2.200000 270 119
2.240000 267 119
2.280000 262 117
2.320000 257 117
2.360000 251 117
2.400000 245 119
2.440000 241 118
2.480000 236 118
2.520000 231 118
2.560000 227 118
2.600000 223 119
2.640000 220 119
2.680000 214 117
2.720000 210 113
2.760000 203 115
2.800000 195 113
2.840000 192 115
2.880000 186 114
2.920000 180 116
2.960000 176 117
3.000000 172 118
3.040000 164 119
3.080000 158 119
3.120000 154 118
3.160000 149 114
3.200000 144 113
3.240000 138 113
3.280000 132 113
3.320000 125 113
3.360000 122 113
3.400000 116 115
3.440000 112 118
3.480000 110 118
3.520000 104 118
3.560000 101 119
3.600000 96 117
3.640000 92 115
3.680000 86 114
3.720000 81 113
3.760000 75 113
3.800000 69 114
3.840000 64 115
3.880000 60 117
3.920000 55 118
3.960000 51 118
4.000000 49 119
4.040000 44 119
4.080000 38 116
4.120000 34 115
4.160000 31 114
4.200000 25 113
4.240000 19 113
4.280000 14 114
4.320000 12 117
4.360000 9 118
4.400000 7 119
4.440000 2 117
4.480000 2 119
4.520000 2 119
4.560000 2 122
4.600000 2 122
4.640000 2 122
4.680000 2 122
4.720000 2 122
4.760000 2 122
4.800000 2 122
4.840000 2 122
4.880000 2 122
4.920000 2 122
4.960000 2 122
5.000000 2 122
5.040000 2 122
