0.000000 314 137
0.040000 314 137
0.080000 314 137
0.120000 314 137
0.160000 314 137
0.200000 314 137
0.240000 314 137
0.280000 314 137
0.320000 314 137
0.360000 314 137
0.400000 314 137
0.440000 314 137
0.480000 314 137
0.520000 314 137
0.560000 314 137
0.600000 314 137
0.640000 314 137
0.680000 314 137
0.720000 314 137
0.760000 314 137
0.800000 314 137
0.840000 314 137
0.880000 314 137
0.920000 314 137
0.960000 314 137
1.000000 314 137
1.040000 314 137
1.080000 314 137
1.120000 314 137
1.160000 314 137
1.200000 314 137
1.240000 314 137
1.280000 314 137
1.320000 314 137
1.360000 314 137
1.400000 314 137
1.440000 314 137
1.480000 314 137
1.520000 314 137
1.560000 314 137
1.600000 314 137
1.640000 314 137
1.680000 314 137
1.720000 314 137
1.760000 314 137
1.800000 314 137
1.840000 314 137
1.880000 314 137
1.920000 314 137
1.960000 314 137
2.000000 314 137
2.040000 314 137
2.080000 314 137
2.120000 314 137
2.160000 314 137
2.200000 314 137
2.240000 314 137
2.280000 314 137
2.320000 309 135
2.360000 307 135
2.400000 303 134
2.440000 299 133
2.480000 296 133
2.520000 293 133
2.560000 285 134
2.600000 283 135
2.640000 282 135
2.680000 280 135
2.720000 279 135
2.760000 273 135
2.800000 271 135
2.840000 268 135
2.880000 265 134
2.920000 263 133
2.960000 253 131
3.000000 249 132
3.040000 246 132
3.080000 243 132
3.120000 240 133
3.160000 237 133
3.200000 233 133
3.240000 230 134
3.280000 227 134
3.320000 224 134
3.360000 218 135
3.400000 214 134
3.440000 210 133
3.480000 205 133
3.520000 196 131
3.560000 197 131
3.600000 199 130
3.640000 194 131
3.680000 184 133
3.720000 181 133
3.760000 179 133
3.800000 177 133
3.840000 175 133
3.880000 169 131
3.920000 163 130
3.960000 173 126
4.000000 166 130
4.040000 158 130
4.080000 153 133
4.120000 133 130
4.160000 130 131
4.200000 127 131
4.240000 124 131
4.280000 122 131
4.320000 119 132
4.360000 116 132
4.400000 113 132
4.440000 107 130
4.480000 105 130
4.520000 93 128
4.560000 90 129
4.600000 87 129
4.640000 82 130
4.680000 81 131
4.720000 80 131
4.760000 79 132
4.800000 78 132
4.840000 77 133
4.880000 76 133
4.920000 75 134
4.960000 71 133
5.000000 67 133
5.040000 64 133
5.080000 60 133
5.120000 55 133
5.160000 50 133
5.200000 46 133
5.240000 43 133
5.280000 39 133
5.320000 34 134
5.360000 33 134
5.400000 29 133
5.440000 24 134
5.480000 19 130
5.520000 17 130
5.560000 15 130
5.600000 13 130
5.640000 12 130
5.680000 12 130
5.720000 12 130
5.760000 12 130
5.800000 12 130
5.840000 12 130
5.880000 12 130
5.920000 12 130
5.960000 12 130
6.000000 12 130
6.040000 12 130
6.080000 12 130
6.120000 12 130
6.160000 12 130
6.200000 12 130
6.240000 12 130
6.280000 12 130
6.320000 12 130
6.360000 12 130
6.400000 12 130
6.440000 12 130
6.480000 12 130
6.520000 12 130
6.560000 12 130
6.600000 12 130
