2.600000 219 140
2.640000 214 139
2.680000 208 139
2.720000 202 139
2.760000 196 139
2.800000 190 140
2.840000 183 142
2.880000 176 143
2.920000 172 143
2.960000 166 142
3.000000 158 140
3.040000 153 139
3.080000 148 139
3.120000 142 139
3.160000 137 139
3.200000 132 139
3.240000 127 140
3.280000 124 141
3.320000 121 143
3.360000 118 144
3.400000 115 143
3.440000 112 142
3.480000 106 140
3.520000 102 140
3.560000 99 140
3.600000 93 139
3.640000 90 139
3.680000 87 139
3.720000 84 139
3.760000 79 139
3.800000 73 139
3.840000 65 140
3.880000 60 140
3.920000 54 140
3.960000 47 139
4.000000 41 139
4.040000 35 138
4.080000 32 136
4.120000 27 135
4.160000 24 137
4.200000 21 138
4.240000 18 138
4.280000 14 139
4.320000 12 139
4.360000 10 139
4.400000 6 139
4.440000 2 139
4.480000 2 138
4.520000 2 138
4.560000 2 138
4.600000 2 138
4.640000 2 138
4.680000 2 138
