2.600000 204 164
2.640000 199 164
2.680000 194 164
2.720000 189 165
2.760000 184 165
2.800000 180 165
2.840000 176 166
2.880000 172 167
2.920000 169 167
2.960000 164 166
3.000000 160 165
3.040000 154 165
3.080000 149 165
3.120000 145 165
3.160000 141 165
3.200000 136 165
3.240000 132 165
3.280000 128 166
3.320000 124 167
3.360000 120 167
3.400000 116 167
3.440000 111 165
3.480000 107 165
3.520000 101 165
3.560000 96 164
3.600000 92 163
3.640000 85 163
3.680000 80 163
3.720000 75 163
3.760000 70 164
3.800000 67 164
3.840000 64 165
3.880000 60 165
3.920000 57 165
3.960000 54 165
4.000000 52 164
4.040000 50 161
4.080000 46 160
4.120000 42 159
4.160000 38 159
4.200000 34 159
4.240000 30 159
4.280000 27 160
4.320000 23 162
4.360000 19 163
4.400000 14 164
4.440000 10 163
4.480000 8 162
4.520000 7 161
4.560000 7 161
4.600000 7 161
4.640000 7 161
4.680000 7 161
