2.600000 189 127
2.640000 184 127
2.680000 181 127
2.720000 177 127
2.760000 172 125
2.800000 168 124
2.840000 164 124
2.880000 159 124
2.920000 157 124
2.960000 153 124
3.000000 150 124
3.040000 146 124
3.080000 144 123
3.120000 151 122
3.160000 146 121
3.200000 144 122
3.240000 137 123
3.280000 130 123
3.320000 125 124
3.360000 118 125
3.400000 112 125
3.440000 105 126
3.480000 99 127
3.520000 91 128
3.560000 84 128
3.600000 79 127
3.640000 71 126
3.680000 67 126
3.720000 63 126
3.760000 59 126
3.800000 56 127
3.840000 53 127
3.880000 49 127
3.920000 45 128
3.960000 44 128
4.000000 45 126
4.040000 54 122
4.080000 55 120
4.120000 53 119
4.160000 49 119
4.200000 44 119
4.240000 41 119
4.280000 35 121
4.320000 34 121
4.360000 33 121
4.400000 34 121
4.440000 34 121
4.480000 34 121
4.520000 35 121
4.560000 34 121
4.600000 34 121
4.640000 34 121
4.680000 34 121
