0.000000 320 65
0.040000 320 65
0.080000 320 65
0.120000 320 65
0.160000 320 65
0.200000 320 65
0.240000 320 65
0.280000 320 65
0.320000 320 65
0.360000 320 65
0.400000 320 65
0.440000 320 65
0.480000 320 65
0.520000 320 65
0.560000 320 65
0.600000 320 65
0.640000 320 65
0.680000 320 65
0.720000 320 65
0.760000 320 65
0.800000 320 65
0.840000 320 65
0.880000 320 65
0.920000 320 65
0.960000 320 65
1.000000 320 65
1.040000 320 65
1.080000 320 65
1.120000 320 65
1.160000 320 65
1.200000 320 65
1.240000 320 65
1.280000 320 65
1.320000 320 65
1.360000 320 65
1.400000 320 65
1.440000 320 65
1.480000 320 65
1.520000 320 65
1.560000 320 65
1.600000 320 65
1.640000 320 65
1.680000 320 65
1.720000 320 65
1.760000 320 65
1.800000 320 65
1.840000 320 65
1.880000 320 65
1.920000 320 65
1.960000 320 65
2.000000 320 65
2.040000 320 65
2.080000 320 65
2.120000 320 65
2.160000 320 63
2.200000 314 62
2.240000 315 62
2.280000 314 62
2.320000 314 63
2.360000 314 63
2.400000 313 65
2.440000 309 67
2.480000 304 70
2.520000 297 71
2.560000 288 71
2.600000 279 69
2.640000 267 63
2.680000 257 61
2.720000 243 57
2.760000 231 56
2.800000 221 56
2.840000 220 56
2.880000 217 56
2.920000 216 56
2.960000 216 56
3.000000 216 55
3.040000 216 56
3.080000 216 56
3.120000 216 56
3.160000 216 56
3.200000 216 56
3.240000 216 56
3.280000 216 56
3.320000 215 56
3.360000 212 59
3.400000 209 61
3.440000 203 65
3.480000 159 57
3.520000 185 67
3.560000 174 66
3.600000 160 61
3.640000 151 60
3.680000 137 56
3.720000 125 56
3.760000 114 56
3.800000 108 56
3.840000 107 56
3.880000 106 56
3.920000 106 55
3.960000 106 56
4.000000 106 55
4.040000 106 55
4.080000 106 56
4.120000 106 57
4.160000 106 56
4.200000 106 56
4.240000 106 56
4.280000 106 56
4.320000 105 56
4.360000 102 59
4.400000 99 61
4.440000 91 66
4.480000 84 67
4.520000 76 67
4.560000 69 67
4.600000 56 62
4.640000 48 61
4.680000 36 59
4.720000 25 57
4.760000 18 60
4.800000 13 59
4.840000 12 58
4.880000 12 58
4.920000 49 66
4.960000 10 58
5.000000 29 71
5.040000 25 69
5.080000 21 67
5.120000 17 65
5.160000 13 63
5.200000 8 61
5.240000 10 60
5.280000 9 61
5.320000 8 61
5.360000 8 61
5.400000 8 61
5.440000 8 61
5.480000 8 61
5.520000 8 61
5.560000 8 61
5.600000 8 61
5.640000 8 61
