0.000000 305 57
0.040000 305 57
0.080000 305 57
0.120000 305 57
0.160000 305 57
0.200000 305 57
0.240000 305 57
0.280000 305 57
0.320000 305 57
0.360000 305 57
0.400000 305 57
0.440000 305 57
0.480000 305 57
0.520000 305 57
0.560000 305 57
0.600000 305 57
0.640000 305 57
0.680000 305 57
0.720000 305 57
0.760000 305 57
0.800000 305 57
0.840000 305 57
0.880000 305 57
0.920000 305 57
0.960000 305 57
1.000000 305 57
1.040000 305 57
1.080000 305 57
1.120000 305 57
1.160000 305 57
1.200000 305 57
1.240000 305 57
1.280000 305 57
1.320000 305 57
1.360000 305 57
1.400000 305 57
1.440000 305 57
1.480000 305 57
1.520000 305 57
1.560000 305 57
1.600000 305 57
1.640000 305 57
1.680000 305 57
1.720000 305 57
1.760000 305 57
1.800000 305 57
1.840000 305 57
1.880000 305 57
1.920000 305 57
1.960000 305 57
2.000000 305 57
2.040000 305 57
2.080000 305 57
2.120000 305 57
2.160000 307 57
2.200000 305 56
2.240000 304 57
2.280000 305 56
2.320000 305 56
2.360000 304 56
2.400000 304 56
2.440000 303 56
2.480000 301 57
2.520000 294 57
2.560000 284 56
2.600000 272 56
2.640000 255 56
2.680000 245 54
2.720000 230 54
2.760000 218 56
2.800000 210 58
2.840000 207 57
2.880000 205 54
2.920000 204 52
2.960000 204 52
3.000000 204 52
3.040000 204 51
3.080000 203 51
3.120000 205 51
3.160000 203 51
3.200000 203 51
3.240000 204 51
3.280000 204 51
3.320000 203 51
3.360000 203 50
3.400000 201 50
3.440000 200 50
3.480000 147 56
3.520000 181 55
3.560000 168 53
3.600000 147 55
3.640000 140 53
3.680000 126 52
3.720000 111 56
3.760000 101 58
3.800000 95 60
3.840000 95 56
3.880000 92 53
3.920000 92 52
3.960000 92 52
4.000000 92 52
4.040000 92 52
4.080000 92 52
4.120000 93 52
4.160000 92 52
4.200000 92 51
4.240000 92 52
4.280000 92 51
4.320000 92 51
4.360000 92 51
4.400000 92 50
4.440000 91 51
4.480000 81 54
4.520000 71 55
4.560000 64 56
4.600000 47 56
4.640000 38 54
4.680000 25 54
4.720000 14 56
4.760000 7 61
4.800000 7 61
4.840000 7 58
4.880000 6 57
4.920000 5 56
4.960000 11 57
5.000000 23 59
5.040000 20 59
5.080000 17 59
5.120000 15 58
5.160000 12 58
5.200000 10 57
5.240000 7 57
5.280000 5 56
5.320000 5 56
5.360000 5 56
5.400000 5 56
5.440000 5 56
5.480000 5 56
5.520000 5 56
5.560000 5 56
5.600000 5 56
5.640000 5 56
