0.000000 320 137
0.040000 320 137
0.080000 320 137
0.120000 320 137
0.160000 320 137
0.200000 320 137
0.240000 320 137
0.280000 320 137
0.320000 320 137
0.360000 320 137
0.400000 320 137
0.440000 320 137
0.480000 320 137
0.520000 320 137
0.560000 320 137
0.600000 320 137
0.640000 320 137
0.680000 320 137
0.720000 320 137
0.760000 320 137
0.800000 320 137
0.840000 320 137
0.880000 320 137
0.920000 320 137
0.960000 320 137
1.000000 320 137
1.040000 320 137
1.080000 320 137
1.120000 320 137
1.160000 320 137
1.200000 320 137
1.240000 320 137
1.280000 320 137
1.320000 320 137
1.360000 320 137
1.400000 320 137
1.440000 320 137
1.480000 320 137
1.520000 320 137
1.560000 320 137
1.600000 320 137
1.640000 320 137
1.680000 320 137
1.720000 320 137
1.760000 320 137
1.800000 320 137
1.840000 320 137
1.880000 320 137
1.920000 320 137
1.960000 320 137
2.000000 320 137
2.040000 320 137
2.080000 320 137
2.120000 320 137
2.160000 320 139
2.200000 320 138
2.240000 312 136
2.280000 308 137
2.320000 303 136
2.360000 298 135
2.400000 294 137
2.440000 288 135
2.480000 286 137
2.520000 282 138
2.560000 278 137
2.600000 276 137
2.640000 273 138
2.680000 270 138
2.720000 268 138
2.760000 263 137
2.800000 259 136
2.840000 256 135
2.880000 251 135
2.920000 245 135
2.960000 238 134
3.000000 233 135
3.040000 227 135
3.080000 220 135
3.120000 215 137
3.160000 209 137
3.200000 203 136
3.240000 195 135
3.280000 190 135
3.320000 184 135
3.360000 179 134
3.400000 175 135
3.440000 171 135
3.480000 168 137
3.520000 164 137
3.560000 160 137
3.600000 158 137
3.640000 155 138
3.680000 153 138
3.720000 149 135
3.760000 147 134
3.800000 142 134
3.840000 136 134
3.880000 131 134
3.920000 126 134
3.960000 119 134
4.000000 111 134
4.040000 105 135
4.080000 99 135
4.120000 92 134
4.160000 86 137
4.200000 80 134
4.240000 75 135
4.280000 71 138
4.320000 69 138
4.360000 64 135
4.400000 60 135
4.440000 58 137
4.480000 54 135
4.520000 50 135
4.560000 49 135
4.600000 47 137
4.640000 44 137
4.680000 40 137
4.720000 38 135
4.760000 35 134
4.800000 32 133
4.840000 28 133
4.880000 23 132
4.920000 18 132
4.960000 12 133
5.000000 7 133
5.040000 1 134
5.080000 2 135
5.120000 2 135
5.160000 2 135
5.200000 2 135
5.240000 2 135
5.280000 2 135
5.320000 2 135
5.360000 2 135
5.400000 2 135
5.440000 2 135
5.480000 2 135
5.520000 2 135
5.560000 2 135
5.600000 2 135
5.640000 2 135
