0.000000 320 119
0.040000 320 119
0.080000 320 119
0.120000 320 119
0.160000 320 119
0.200000 320 119
0.240000 320 119
0.280000 320 119
0.320000 320 119
0.360000 320 119
0.400000 320 119
0.440000 320 119
0.480000 320 119
0.520000 320 119
0.560000 320 119
0.600000 320 119
0.640000 320 119
0.680000 320 119
0.720000 320 119
0.760000 320 119
0.800000 320 119
0.840000 320 119
0.880000 320 119
0.920000 320 119
0.960000 320 119
1.000000 320 119
1.040000 320 119
1.080000 320 119
1.120000 320 119
1.160000 320 119
1.200000 320 119
1.240000 320 119
1.280000 320 119
1.320000 320 119
1.360000 320 119
1.400000 320 119
1.440000 315 117
1.480000 312 113
1.520000 309 113
1.560000 304 113
1.600000 299 114
1.640000 294 114
1.680000 290 113
1.720000 285 113
1.760000 283 117
1.800000 278 118
1.840000 273 118
1.880000 270 116
1.920000 267 116
1.960000 263 113
2.000000 260 113
2.040000 257 113
2.080000 251 113
2.120000 246 113
2.160000 241 113
2.200000 236 113
2.240000 231 113
2.280000 226 115
2.320000 221 114
2.360000 220 115
2.400000 215 114
2.440000 210 114
2.480000 207 113
2.520000 204 111
2.560000 199 112
2.600000 192 113
2.640000 186 113
2.680000 181 113
2.720000 179 114
2.760000 174 115
2.800000 170 117
2.840000 167 118
2.880000 159 114
2.920000 156 113
2.960000 153 113
3.000000 148 112
3.040000 143 111
3.080000 137 111
3.120000 132 110
3.160000 126 113
3.200000 121 113
3.240000 116 114
3.280000 112 115
3.320000 110 116
3.360000 105 113
3.400000 101 112
3.440000 96 112
3.480000 94 113
3.520000 89 111
3.560000 83 111
3.600000 78 113
3.640000 73 112
3.680000 69 112
3.720000 65 113
3.760000 62 113
3.800000 58 114
3.840000 54 114
3.880000 50 114
3.920000 45 113
3.960000 42 112
4.000000 38 112
4.040000 32 112
4.080000 28 113
4.120000 23 113
4.160000 19 112
4.200000 16 113
4.240000 8 113
4.280000 6 113
4.320000 5 113
4.360000 3 113
4.400000 2 112
4.440000 2 113
4.480000 2 113
4.520000 2 113
4.560000 2 113
4.600000 2 113
4.640000 2 113
4.680000 2 113
4.720000 2 113
4.760000 2 113
4.800000 2 113
4.840000 2 113
