2.320000 320 135
2.360000 320 133
2.400000 314 133
2.440000 312 134
2.480000 308 134
2.520000 303 134
2.560000 298 134
2.600000 292 135
2.640000 285 135
2.680000 279 134
2.720000 274 133
2.760000 268 133
2.800000 264 134
2.840000 258 132
2.880000 253 133
2.920000 249 133
2.960000 242 134
3.000000 237 134
3.040000 236 136
3.080000 231 135
3.120000 231 135
3.160000 227 134
3.200000 225 134
3.240000 221 133
3.280000 216 133
3.320000 212 133
3.360000 206 133
3.400000 200 133
3.440000 194 133
3.480000 188 134
3.520000 181 134
3.560000 175 135
3.600000 169 133
3.640000 158 133
3.680000 152 133
3.720000 147 133
3.760000 142 132
3.800000 137 132
3.840000 133 133
3.880000 131 134
3.920000 128 134
3.960000 126 134
4.000000 121 134
4.040000 118 133
4.080000 116 133
4.120000 112 132
4.160000 108 130
4.200000 105 131
4.240000 99 131
4.280000 92 132
4.320000 88 132
4.360000 84 132
4.400000 79 133
4.440000 73 134
4.480000 68 133
4.520000 61 133
4.560000 56 133
4.600000 51 131
4.640000 47 130
4.680000 43 130
4.720000 39 130
4.760000 38 133
4.800000 34 133
4.840000 32 133
4.880000 28 132
4.920000 26 132
4.960000 25 133
5.000000 22 133
5.040000 18 130
5.080000 16 129
5.120000 12 130
5.240000 2 129
