2.280000 299 61
2.320000 320 61
2.360000 281 57
2.400000 279 56
2.440000 278 56
2.480000 278 56
2.520000 279 56
2.560000 279 56
2.600000 279 56
2.640000 282 61
2.680000 278 57
2.720000 257 58
2.760000 279 56
2.800000 235 56
2.840000 279 57
2.880000 279 61
2.920000 277 63
2.960000 264 67
3.000000 254 67
3.040000 242 63
3.080000 231 56
3.120000 215 56
3.160000 201 54
3.200000 190 54
3.240000 184 52
3.280000 183 52
3.320000 181 51
3.360000 182 51
3.400000 182 51
3.440000 183 52
3.480000 183 52
3.520000 184 54
3.560000 169 61
3.600000 157 56
3.640000 133 56
3.680000 183 55
3.720000 130 52
3.760000 129 52
3.800000 130 52
3.840000 164 67
3.880000 154 67
3.920000 143 66
3.960000 130 56
4.000000 116 56
4.040000 102 54
4.080000 90 53
4.120000 82 54
4.160000 81 53
4.200000 80 51
4.240000 80 51
4.280000 80 51
4.320000 80 52
4.360000 81 52
4.400000 81 55
4.440000 80 56
4.480000 81 54
4.520000 81 53
4.560000 81 53
4.600000 80 54
4.640000 37 56
4.680000 35 56
4.720000 36 56
4.760000 69 66
4.800000 60 67
4.840000 54 67
4.880000 40 61
4.920000 33 59
4.960000 21 58
5.000000 10 56
5.040000 2 58
5.080000 2 56
5.200000 32 65
