2.280000 314 155
2.320000 320 155
2.360000 314 154
2.400000 309 153
2.440000 304 152
2.480000 300 153
2.520000 296 153
2.560000 293 154
2.600000 288 155
2.640000 286 155
2.680000 282 155
2.720000 277 155
2.760000 273 155
2.800000 268 155
2.840000 263 154
2.880000 259 154
2.920000 253 154
2.960000 246 155
3.000000 241 155
3.040000 236 157
3.080000 233 156
3.120000 229 156
3.160000 225 155
3.200000 220 154
3.240000 216 154
3.280000 210 153
3.320000 205 152
3.360000 200 154
3.400000 195 154
3.440000 192 154
3.480000 187 155
3.520000 183 155
3.560000 179 156
3.600000 173 155
3.640000 164 154
3.680000 158 152
3.720000 153 152
3.760000 147 152
3.800000 142 153
3.840000 138 154
3.880000 133 154
3.920000 131 155
3.960000 127 156
4.000000 122 155
4.040000 117 154
4.080000 112 154
4.120000 109 153
4.160000 105 151
4.200000 101 151
4.240000 95 151
4.280000 90 152
4.320000 86 153
4.360000 81 154
4.400000 78 154
4.440000 74 154
4.480000 70 154
4.520000 66 154
4.560000 62 152
4.600000 57 150
4.640000 54 150
4.680000 49 150
4.720000 44 150
4.760000 43 152
4.800000 38 152
4.840000 34 153
4.880000 29 153
4.920000 26 152
4.960000 23 154
5.000000 19 152
5.040000 16 150
5.080000 12 149
5.120000 8 149
5.160000 2 150
5.200000 2 149
5.240000 2 150
