2.320000 320 115
2.360000 320 117
2.400000 312 118
2.440000 320 119
2.480000 314 118
2.520000 309 117
2.560000 301 116
2.600000 293 117
2.640000 283 119
2.680000 275 117
2.720000 267 116
2.760000 257 117
2.800000 251 119
2.840000 243 119
2.880000 238 120
2.920000 234 119
2.960000 231 119
3.000000 231 117
3.040000 233 117
3.080000 230 118
3.120000 231 115
3.160000 231 114
3.200000 231 116
3.240000 227 115
3.280000 225 114
3.320000 220 113
3.360000 214 113
3.400000 206 113
3.440000 199 113
3.480000 189 113
3.520000 179 117
3.560000 171 116
3.600000 158 116
3.640000 142 119
3.680000 134 119
3.720000 129 119
3.760000 126 119
3.800000 122 118
3.840000 121 117
3.880000 121 116
3.920000 125 117
3.960000 123 115
4.000000 121 115
4.040000 121 113
4.080000 121 113
4.120000 121 113
4.160000 117 113
4.200000 113 113
4.240000 107 113
4.280000 101 113
4.320000 92 113
4.360000 85 112
4.400000 76 113
4.440000 70 113
4.480000 59 113
4.520000 50 115
4.560000 45 117
4.600000 38 118
4.640000 33 118
4.680000 29 118
4.720000 28 118
4.760000 27 118
4.800000 25 117
4.840000 25 114
4.880000 25 113
4.920000 23 114
4.960000 24 115
5.000000 24 115
5.040000 23 113
5.080000 22 113
5.120000 18 113
5.240000 1 112
