2.280000 314 156
2.320000 312 155
2.360000 308 154
2.400000 304 153
2.440000 299 152
2.480000 294 153
2.520000 291 154
2.560000 288 154
2.600000 283 155
2.640000 279 156
2.680000 277 156
2.720000 273 155
2.760000 268 155
2.800000 264 155
2.840000 260 154
2.880000 255 154
2.920000 251 154
2.960000 242 155
3.000000 236 156
3.040000 233 158
3.080000 230 156
3.120000 225 156
3.160000 220 155
3.200000 216 155
3.240000 210 154
3.280000 205 153
3.320000 201 152
3.360000 196 154
3.400000 191 154
3.440000 188 155
3.480000 184 155
3.520000 179 156
3.560000 175 156
3.600000 172 156
3.640000 163 154
3.680000 158 154
3.720000 153 153
3.760000 148 154
3.800000 143 154
3.840000 138 154
3.880000 133 155
3.920000 130 156
3.960000 127 156
4.000000 122 155
4.040000 118 155
4.080000 113 154
4.120000 110 154
4.160000 105 153
4.200000 101 153
4.240000 95 154
4.280000 90 154
4.320000 85 154
4.360000 81 154
4.400000 78 155
4.440000 75 155
4.480000 70 155
4.520000 68 155
4.560000 64 154
4.600000 60 151
4.640000 55 150
4.680000 50 150
4.720000 47 150
4.760000 43 152
4.800000 39 153
4.840000 34 154
4.880000 33 154
4.920000 29 154
4.960000 26 154
5.000000 23 154
5.040000 18 150
5.080000 15 150
5.120000 12 150
5.160000 1 150
5.200000 2 150
5.240000 2 150
