2.280000 310 155
2.320000 305 154
2.360000 303 154
2.400000 298 153
2.440000 294 152
2.480000 288 154
2.520000 286 154
2.560000 282 155
2.600000 277 155
2.640000 273 156
2.680000 272 156
2.720000 268 155
2.760000 264 155
2.800000 261 155
2.840000 256 154
2.880000 251 154
2.920000 246 155
2.960000 236 156
3.000000 232 157
3.040000 229 159
3.080000 225 157
3.120000 220 156
3.160000 216 156
3.200000 210 155
3.240000 205 154
3.280000 201 153
3.320000 197 153
3.360000 191 154
3.400000 186 154
3.440000 183 155
3.480000 179 156
3.520000 175 157
3.560000 173 157
3.600000 170 157
3.640000 160 155
3.680000 159 154
3.720000 153 154
3.760000 149 154
3.800000 144 154
3.840000 138 155
3.880000 133 156
3.920000 129 158
3.960000 125 158
4.000000 121 157
4.040000 121 156
4.080000 115 155
4.120000 108 154
4.160000 106 154
4.200000 99 154
4.240000 96 154
4.280000 90 154
4.320000 84 154
4.360000 81 155
4.400000 77 155
4.440000 74 156
4.480000 70 156
4.520000 70 156
4.560000 66 154
4.600000 63 153
4.640000 58 151
4.680000 54 152
4.720000 49 152
4.760000 43 154
4.800000 42 154
4.840000 35 155
4.880000 35 155
4.920000 32 155
4.960000 29 155
5.000000 25 154
5.040000 23 152
5.080000 18 150
5.120000 14 150
5.160000 8 150
5.200000 1 150
5.240000 2 150
