0.000000 320 58
0.040000 320 58
0.080000 320 58
0.120000 320 58
0.160000 320 58
0.200000 320 58
0.240000 320 58
0.280000 320 58
0.320000 320 58
0.360000 320 58
0.400000 320 58
0.440000 320 58
0.480000 320 58
0.520000 320 58
0.560000 320 58
0.600000 320 58
0.640000 320 58
0.680000 320 58
0.720000 320 58
0.760000 320 58
0.800000 320 58
0.840000 320 58
0.880000 320 58
0.920000 320 58
0.960000 320 58
1.000000 320 58
1.040000 320 58
1.080000 320 58
1.120000 320 58
1.160000 320 58
1.200000 320 58
1.240000 320 58
1.280000 320 58
1.320000 320 58
1.360000 320 58
1.400000 320 58
1.440000 320 58
1.480000 320 58
1.520000 320 58
1.560000 320 58
1.600000 320 58
1.640000 320 58
1.680000 320 58
1.720000 320 58
1.760000 320 58
1.800000 320 58
1.840000 320 58
1.880000 320 58
1.920000 320 58
1.960000 320 57
2.000000 320 58
2.040000 320 59
2.080000 320 60
2.120000 314 61
2.160000 314 61
2.200000 306 61
2.240000 296 60
2.280000 283 60
2.320000 266 60
2.360000 257 56
2.400000 242 58
2.440000 230 61
2.480000 221 66
2.520000 217 65
2.560000 215 61
2.600000 214 58
2.640000 212 56
2.680000 212 56
2.720000 212 56
2.760000 212 56
2.800000 211 56
2.840000 211 56
2.880000 211 56
2.920000 210 56
2.960000 211 56
3.000000 211 56
3.040000 211 56
3.080000 211 56
3.120000 211 56
3.160000 210 54
3.200000 210 55
3.240000 208 56
3.280000 201 56
3.320000 190 56
3.360000 177 56
3.400000 163 59
3.440000 148 56
3.480000 134 56
3.520000 121 57
3.560000 110 61
3.600000 103 65
3.640000 101 61
3.680000 98 58
3.720000 96 56
3.760000 96 55
3.800000 96 55
3.840000 96 55
3.880000 96 55
3.920000 96 54
3.960000 96 54
4.000000 96 55
4.040000 96 56
4.080000 97 55
4.120000 96 55
4.160000 96 55
4.200000 96 54
4.240000 95 54
4.280000 95 53
4.320000 95 53
4.360000 91 55
4.400000 81 56
4.440000 69 56
4.480000 53 59
4.520000 44 56
4.560000 32 56
4.600000 21 57
4.640000 11 61
4.680000 6 64
4.720000 5 64
4.760000 5 63
4.800000 4 63
4.840000 4 62
4.880000 4 61
4.920000 3 61
4.960000 3 60
5.000000 2 60
5.040000 2 59
5.080000 2 60
5.120000 2 60
5.160000 2 59
5.200000 2 58
5.240000 2 57
5.280000 2 57
5.320000 2 57
5.360000 2 57
5.400000 2 57
5.440000 2 57
5.480000 2 57
5.520000 2 57
