1.800000 320 87
1.840000 320 87
1.880000 304 91
1.920000 302 92
1.960000 301 92
2.000000 301 93
2.040000 299 92
2.080000 298 89
2.120000 296 89
2.160000 272 90
2.200000 268 88
2.240000 264 89
2.280000 261 89
2.320000 257 91
2.360000 262 90
2.400000 255 89
2.440000 251 91
2.480000 242 92
2.520000 236 92
2.560000 231 92
2.600000 228 89
2.640000 225 86
2.680000 220 85
2.720000 215 86
2.760000 210 86
2.800000 205 85
2.840000 201 87
2.880000 200 87
2.920000 199 86
2.960000 196 87
3.000000 195 92
3.040000 194 91
3.080000 194 87
3.120000 190 87
3.160000 188 86
3.200000 184 87
3.240000 158 83
3.280000 153 84
3.320000 148 85
3.360000 157 86
3.400000 144 87
3.440000 139 87
3.480000 132 88
3.520000 123 89
3.560000 117 91
3.600000 113 91
3.640000 133 87
3.680000 101 82
3.720000 97 82
3.760000 92 82
3.800000 88 83
3.840000 85 85
3.880000 84 85
3.920000 81 87
3.960000 76 92
4.000000 73 92
4.040000 78 87
4.080000 75 87
4.120000 75 87
4.160000 70 85
4.200000 66 87
4.240000 63 86
4.280000 55 87
4.320000 45 87
4.360000 38 87
4.400000 33 86
4.440000 27 87
4.480000 19 89
4.520000 14 91
4.560000 12 89
4.600000 8 87
4.640000 7 85
4.680000 1 82
4.720000 2 82
4.800000 13 89
4.840000 6 92
