1.800000 306 120
1.840000 320 117
1.880000 314 118
1.920000 308 118
1.960000 303 117
2.000000 299 117
2.040000 294 117
2.080000 290 117
2.120000 286 117
2.160000 283 115
2.200000 277 115
2.240000 275 114
2.280000 271 115
2.320000 268 114
2.360000 267 115
2.400000 265 114
2.440000 262 115
2.480000 258 115
2.520000 257 115
2.560000 252 117
2.600000 248 113
2.640000 244 113
2.680000 240 112
2.720000 236 111
2.760000 231 110
2.800000 225 109
2.840000 220 111
2.880000 212 112
2.920000 205 113
2.960000 199 114
3.000000 191 113
3.040000 185 114
3.080000 179 113
3.120000 173 114
3.160000 166 113
3.200000 161 113
3.240000 157 113
3.280000 152 112
3.320000 148 113
3.360000 146 113
3.400000 143 113
3.440000 142 115
3.480000 138 114
3.520000 136 114
3.560000 132 114
3.600000 129 113
3.640000 127 113
3.680000 120 109
3.720000 116 108
3.760000 108 108
3.800000 101 107
3.840000 94 108
3.880000 86 109
3.920000 81 112
3.960000 75 113
4.000000 66 114
4.040000 59 113
4.080000 53 113
4.120000 47 113
4.160000 41 112
4.200000 38 112
4.240000 33 111
4.280000 31 111
4.320000 29 111
4.360000 28 112
4.400000 27 112
4.440000 27 113
4.480000 26 113
4.520000 23 112
4.560000 20 113
4.600000 18 113
4.640000 14 111
4.680000 10 111
4.720000 7 108
