1.760000 320 155
1.800000 320 156
1.840000 320 156
1.880000 313 159
1.920000 309 159
1.960000 305 159
2.000000 303 159
2.040000 299 159
2.080000 295 158
2.120000 292 158
2.160000 288 156
2.200000 284 156
2.240000 279 156
2.280000 276 158
2.320000 271 158
2.360000 268 159
2.400000 262 159
2.440000 259 160
2.480000 255 159
2.520000 251 159
2.560000 247 159
2.600000 242 158
2.640000 237 158
2.680000 234 156
2.720000 229 156
2.760000 225 156
2.800000 220 156
2.840000 216 158
2.880000 210 159
2.920000 206 159
2.960000 203 161
3.000000 199 161
3.040000 194 161
3.080000 190 160
3.120000 184 159
3.160000 181 159
3.200000 177 159
3.240000 173 159
3.280000 168 159
3.320000 163 159
3.360000 158 159
3.400000 153 159
3.440000 148 160
3.480000 143 160
3.520000 139 160
3.560000 135 161
3.600000 131 160
3.640000 125 160
3.680000 116 159
3.720000 112 158
3.760000 107 156
3.800000 102 156
3.840000 97 158
3.880000 94 159
3.920000 90 159
3.960000 86 159
4.000000 81 159
4.040000 77 159
4.080000 74 159
4.120000 70 158
4.160000 65 156
4.200000 61 155
4.240000 58 154
4.280000 53 154
4.320000 49 155
4.360000 45 155
4.400000 40 156
4.440000 38 158
4.480000 34 156
4.520000 29 157
4.560000 27 156
4.600000 23 156
4.640000 18 155
4.680000 16 154
4.720000 12 154
4.760000 7 154
4.800000 2 154
4.840000 2 151
