1.680000 304 62
1.720000 303 61
1.760000 302 61
1.800000 302 61
1.840000 303 61
1.880000 301 61
1.920000 314 75
1.960000 303 72
2.000000 294 67
2.040000 283 65
2.080000 272 62
2.120000 262 63
2.160000 300 61
2.200000 299 61
2.240000 299 63
2.280000 296 66
2.320000 292 68
2.360000 253 61
2.400000 253 61
2.440000 253 61
2.480000 256 66
2.520000 255 62
2.560000 253 61
2.600000 253 61
2.640000 253 61
2.680000 252 61
2.720000 251 62
2.760000 250 65
2.800000 246 66
2.840000 241 69
2.880000 233 70
2.920000 225 70
2.960000 214 70
3.000000 204 66
3.040000 190 61
3.080000 178 61
3.120000 164 59
3.160000 156 61
3.200000 150 60
3.240000 199 56
3.280000 196 59
3.320000 193 61
3.360000 144 56
3.400000 144 56
3.440000 144 56
3.480000 144 59
3.520000 146 61
3.560000 144 57
3.600000 143 58
3.640000 103 56
3.680000 143 59
3.720000 142 61
3.760000 138 61
3.800000 132 65
3.840000 126 67
3.880000 117 67
3.920000 106 67
3.960000 94 67
4.000000 84 58
4.040000 70 61
4.080000 59 59
4.120000 49 61
4.160000 44 61
4.200000 42 61
4.240000 40 60
4.280000 39 58
4.320000 38 58
4.360000 38 57
4.400000 38 58
4.440000 38 60
4.480000 38 65
4.520000 38 61
4.560000 38 58
4.600000 38 57
4.640000 38 58
4.680000 38 59
4.720000 36 60
4.760000 34 61
4.800000 32 63
4.840000 28 66
