1.760000 314 135
1.800000 310 135
1.840000 308 136
1.880000 307 137
1.960000 299 135
2.000000 294 136
2.040000 294 135
2.080000 289 135
2.120000 287 134
2.480000 247 138
2.520000 243 137
2.560000 239 137
2.600000 236 135
2.640000 231 134
2.680000 226 134
2.720000 222 134
2.760000 218 134
2.800000 213 134
2.840000 208 134
3.000000 195 137
3.040000 189 135
3.080000 183 134
3.120000 178 131
3.160000 174 133
3.240000 164 131
3.360000 151 134
3.400000 147 134
4.000000 71 132
4.040000 69 133
4.200000 69 134
4.320000 58 133
4.360000 54 132
4.600000 29 135
4.720000 18 133
4.800000 8 130
