1.760000 320 155
1.800000 314 156
1.840000 309 156
1.880000 307 158
1.920000 305 159
1.960000 300 159
2.000000 297 159
2.040000 294 159
2.080000 292 159
2.120000 288 158
2.160000 284 157
2.200000 282 156
2.240000 277 157
2.280000 273 159
2.320000 268 158
2.360000 263 159
2.400000 260 159
2.440000 257 160
2.480000 251 160
2.520000 247 160
2.560000 242 159
2.600000 236 157
2.640000 232 158
2.680000 228 156
2.720000 225 156
2.760000 220 156
2.800000 217 156
2.840000 212 158
2.880000 208 159
2.920000 204 160
2.960000 200 161
3.000000 196 161
3.040000 191 161
3.080000 186 160
3.120000 182 159
3.160000 179 159
3.200000 175 159
3.240000 173 159
3.280000 169 159
3.320000 166 159
3.360000 158 159
3.400000 152 159
3.440000 146 160
3.480000 142 161
3.520000 138 161
3.560000 134 161
3.600000 127 160
3.640000 122 160
3.680000 114 159
3.720000 111 158
3.760000 106 157
3.800000 101 158
3.840000 95 159
3.880000 95 159
3.920000 88 160
3.960000 88 160
4.000000 84 159
4.040000 81 159
4.080000 77 159
4.120000 74 159
4.160000 70 156
4.200000 67 155
4.240000 64 154
4.280000 58 155
4.320000 54 155
4.360000 50 155
4.400000 44 156
4.440000 40 159
4.480000 38 156
4.520000 33 158
4.560000 31 158
4.600000 28 156
4.640000 23 155
4.680000 19 155
4.720000 16 154
4.760000 10 154
4.800000 5 154
4.840000 1 152
