1.800000 307 123
1.840000 299 123
1.880000 294 124
1.920000 290 124
1.960000 288 124
2.000000 283 123
2.040000 281 122
2.080000 279 122
2.120000 277 121
2.160000 277 123
2.200000 273 124
2.280000 266 123
2.320000 257 122
2.360000 249 121
2.440000 242 123
2.480000 236 122
2.520000 235 120
2.560000 232 119
2.680000 221 121
2.720000 215 122
2.760000 207 122
2.800000 199 123
2.840000 194 123
2.880000 189 123
2.920000 184 123
2.960000 180 123
3.000000 177 121
3.040000 175 119
3.080000 175 119
3.240000 156 119
3.280000 151 123
3.400000 162 122
3.440000 123 119
3.480000 123 119
3.520000 122 118
3.560000 122 118
3.720000 101 121
3.760000 94 122
3.800000 86 122
3.840000 81 122
3.880000 80 122
3.920000 77 122
3.960000 97 115
4.000000 71 119
4.120000 59 116
4.160000 49 115
4.200000 75 122
4.240000 73 123
4.280000 70 122
4.320000 23 119
4.360000 62 121
4.400000 57 119
4.440000 18 117
4.480000 43 119
