0.000000 314 154
0.040000 314 154
0.080000 314 154
0.120000 314 154
0.160000 314 154
0.200000 314 154
0.240000 314 154
0.280000 314 154
0.320000 314 154
0.360000 314 154
0.400000 314 154
0.440000 314 154
0.480000 314 154
0.520000 314 154
0.560000 314 154
0.600000 314 154
0.640000 314 154
0.680000 314 154
0.720000 314 154
0.760000 314 154
0.800000 314 154
0.840000 314 154
0.880000 314 154
0.920000 314 154
0.960000 314 154
1.000000 314 154
1.040000 314 154
1.080000 314 154
1.120000 314 154
1.160000 314 154
1.200000 314 154
1.240000 314 154
1.280000 314 154
1.320000 314 154
1.360000 314 154
1.400000 314 154
1.440000 314 154
1.480000 314 154
1.520000 314 154
1.560000 314 154
1.600000 314 154
1.640000 314 154
1.680000 314 154
1.720000 314 154
1.760000 314 154
1.800000 314 154
1.840000 314 154
1.880000 314 154
1.920000 314 154
1.960000 314 154
2.000000 314 154
2.040000 320 152
2.080000 314 150
2.120000 312 149
2.160000 308 150
2.200000 303 150
2.240000 299 150
2.280000 296 152
2.320000 292 153
2.360000 288 153
2.400000 283 153
2.440000 278 152
2.480000 274 152
2.520000 269 152
2.560000 266 150
2.600000 261 153
2.640000 257 154
2.680000 252 153
2.720000 247 154
2.760000 245 154
2.800000 241 154
2.840000 236 152
2.880000 233 150
2.920000 228 150
2.960000 223 150
3.000000 219 150
3.040000 214 150
3.080000 208 150
3.120000 204 153
3.160000 199 154
3.200000 195 154
3.240000 190 154
3.280000 185 153
3.320000 179 154
3.360000 175 154
3.400000 171 153
3.440000 166 154
3.480000 160 153
3.520000 157 154
3.560000 151 154
3.600000 146 154
3.640000 141 154
3.680000 138 154
3.720000 132 154
3.760000 128 152
3.800000 123 151
3.840000 119 150
3.880000 115 150
3.920000 109 150
3.960000 105 150
4.000000 99 152
4.040000 96 152
4.080000 91 152
4.120000 87 154
4.160000 82 154
4.200000 77 154
4.240000 74 150
4.280000 69 150
4.320000 64 150
4.360000 59 150
4.400000 55 150
4.440000 50 152
4.480000 45 152
4.520000 42 154
4.560000 39 153
4.600000 35 153
4.640000 32 152
4.680000 28 150
4.720000 24 148
4.760000 19 148
4.800000 16 148
4.840000 12 149
4.880000 9 149
4.920000 7 149
4.960000 2 149
5.000000 2 149
5.040000 2 148
5.080000 2 147
5.120000 2 147
5.160000 2 147
5.200000 2 147
5.240000 2 147
5.280000 2 147
5.320000 2 147
