0.000000 309 163
0.040000 309 163
0.080000 309 163
0.120000 309 163
0.160000 309 163
0.200000 309 163
0.240000 309 163
0.280000 309 163
0.320000 309 163
0.360000 309 163
0.400000 309 163
0.440000 309 163
0.480000 309 163
0.520000 309 163
0.560000 309 163
0.600000 309 163
0.640000 309 163
0.680000 309 163
0.720000 309 163
0.760000 309 163
0.800000 309 163
0.840000 309 163
0.880000 309 163
0.920000 309 163
0.960000 309 163
1.000000 309 163
1.040000 309 163
1.080000 309 163
1.120000 309 163
1.160000 309 163
1.200000 309 163
1.240000 309 163
1.280000 309 163
1.320000 309 163
1.360000 309 163
1.400000 309 163
1.440000 309 163
1.480000 309 163
1.520000 309 163
1.560000 309 163
1.600000 309 163
1.640000 309 163
1.680000 309 163
1.720000 309 163
1.760000 309 163
1.800000 309 163
1.840000 309 163
1.880000 309 163
1.920000 309 163
1.960000 309 163
2.000000 309 163
2.040000 305 164
2.080000 302 164
2.120000 298 164
2.160000 294 164
2.200000 290 165
2.240000 287 165
2.280000 283 165
2.320000 279 165
2.360000 275 165
2.400000 271 165
2.440000 267 165
2.480000 262 165
2.520000 258 164
2.560000 254 165
2.600000 249 165
2.640000 245 165
2.680000 241 166
2.720000 236 167
2.760000 231 167
2.800000 227 167
2.840000 223 166
2.880000 220 165
2.920000 215 165
2.960000 210 165
3.000000 205 165
3.040000 201 165
3.080000 197 166
3.120000 193 167
3.160000 189 168
3.200000 184 167
3.240000 179 167
3.280000 174 166
3.320000 170 166
3.360000 165 165
3.400000 160 165
3.440000 156 165
3.480000 151 165
3.520000 147 165
3.560000 142 165
3.600000 137 166
3.640000 132 166
3.680000 127 165
3.720000 122 165
3.760000 118 165
3.800000 113 165
3.840000 108 163
3.880000 104 163
3.920000 99 163
3.960000 95 164
4.000000 90 165
4.040000 86 165
4.080000 82 165
4.120000 79 165
4.160000 75 165
4.200000 70 164
4.240000 65 163
4.280000 60 161
4.320000 58 161
4.360000 54 161
4.400000 49 161
4.440000 44 162
4.480000 40 163
4.520000 37 164
4.560000 33 163
4.600000 29 163
4.640000 25 161
4.680000 22 160
4.720000 18 160
4.760000 14 159
4.800000 11 160
4.840000 7 159
4.880000 2 160
4.920000 2 160
4.960000 2 162
5.000000 2 162
5.040000 2 162
5.080000 2 162
5.120000 2 162
5.160000 2 162
5.200000 2 162
5.240000 2 162
5.280000 2 162
5.320000 2 162
