0.000000 297 121
0.040000 297 121
0.080000 297 121
0.120000 297 121
0.160000 297 121
0.200000 297 121
0.240000 297 121
0.280000 297 121
0.320000 297 121
0.360000 297 121
0.400000 297 121
0.440000 297 121
0.480000 297 121
0.520000 297 121
0.560000 297 121
0.600000 297 121
0.640000 297 121
0.680000 297 121
0.720000 297 121
0.760000 297 121
0.800000 297 121
0.840000 297 121
0.880000 297 121
0.920000 297 121
0.960000 297 121
1.000000 297 121
1.040000 297 121
1.080000 297 121
1.120000 297 121
1.160000 297 121
1.200000 297 121
1.240000 297 121
1.280000 297 121
1.320000 297 121
1.360000 297 121
1.400000 297 121
1.440000 297 121
1.480000 297 121
1.520000 297 121
1.560000 297 121
1.600000 297 121
1.640000 297 121
1.680000 297 121
1.720000 297 121
1.760000 297 121
1.800000 297 121
1.840000 297 121
1.880000 297 121
1.920000 297 121
1.960000 297 121
2.000000 297 121
2.040000 293 122
2.080000 288 122
2.120000 287 122
2.160000 284 122
2.200000 283 120
2.240000 281 121
2.280000 280 122
2.320000 278 122
2.360000 277 123
2.400000 270 118
2.440000 263 119
2.480000 249 122
2.520000 247 122
2.560000 245 121
2.600000 243 121
2.640000 241 120
2.680000 239 120
2.720000 236 123
2.760000 231 118
2.800000 224 119
2.840000 216 119
2.880000 209 120
2.920000 203 120
2.960000 199 122
3.000000 194 121
3.040000 191 120
3.080000 188 119
3.120000 185 120
3.160000 183 120
3.200000 180 120
3.240000 175 120
3.280000 177 120
3.320000 180 119
3.360000 183 118
3.400000 182 118
3.440000 178 117
3.480000 171 117
3.520000 164 117
3.560000 137 118
3.600000 135 118
3.640000 133 118
3.680000 131 118
3.720000 121 119
3.760000 114 119
3.800000 107 119
3.840000 101 120
3.880000 97 121
3.920000 95 119
3.960000 92 117
4.000000 92 118
4.040000 92 118
4.080000 92 118
4.120000 92 118
4.160000 92 118
4.200000 92 118
4.240000 90 118
4.280000 88 117
4.320000 84 117
4.360000 79 117
4.400000 65 117
4.440000 59 118
4.480000 54 118
4.520000 49 118
4.560000 43 119
4.600000 38 119
4.640000 33 119
4.680000 23 122
4.720000 16 121
4.760000 12 122
4.800000 28 114
4.840000 24 114
4.880000 16 114
4.920000 14 115
4.960000 12 115
5.000000 10 115
5.040000 8 115
5.080000 7 115
5.120000 7 115
5.160000 7 115
5.200000 7 115
5.240000 7 115
5.280000 7 115
5.320000 7 115
