0.000000 314 154
0.040000 314 154
0.080000 314 154
0.120000 314 154
0.160000 314 154
0.200000 314 154
0.240000 314 154
0.280000 314 154
0.320000 314 154
0.360000 314 154
0.400000 314 154
0.440000 314 154
0.480000 314 154
0.520000 314 154
0.560000 314 154
0.600000 314 154
0.640000 314 154
0.680000 314 154
0.720000 314 154
0.760000 314 154
0.800000 314 154
0.840000 314 154
0.880000 314 154
0.920000 314 154
0.960000 314 154
1.000000 314 154
1.040000 314 154
1.080000 314 154
1.120000 314 154
1.160000 314 154
1.200000 314 154
1.240000 314 154
1.280000 314 154
1.320000 314 154
1.360000 314 154
1.400000 314 154
1.440000 314 154
1.480000 312 154
1.520000 308 154
1.560000 304 154
1.600000 301 153
1.640000 298 153
1.680000 294 152
1.720000 290 152
1.760000 286 152
1.800000 281 150
1.840000 277 152
1.880000 272 154
1.920000 268 154
1.960000 265 154
2.000000 261 154
2.040000 257 154
2.080000 252 153
2.120000 247 151
2.160000 243 150
2.200000 240 150
2.240000 236 150
2.280000 229 150
2.320000 225 152
2.360000 221 154
2.400000 220 154
2.440000 215 154
2.480000 211 154
2.520000 208 154
2.560000 204 153
2.600000 200 153
2.640000 195 153
2.680000 190 154
2.720000 186 154
2.760000 183 154
2.800000 179 155
2.840000 173 154
2.880000 169 154
2.920000 164 154
2.960000 159 154
3.000000 155 153
3.040000 151 152
3.080000 148 154
3.120000 143 154
3.160000 140 154
3.200000 134 154
3.240000 128 154
3.280000 127 155
3.320000 123 154
3.360000 121 155
3.400000 118 154
3.440000 116 154
3.480000 111 151
3.520000 106 151
3.560000 102 152
3.600000 96 154
3.640000 91 154
3.680000 85 154
3.720000 84 154
3.760000 80 154
3.800000 71 154
3.840000 69 154
3.880000 64 151
3.920000 59 150
3.960000 58 151
4.000000 54 152
4.040000 49 152
4.080000 47 150
4.120000 42 154
4.160000 40 152
4.200000 37 152
4.240000 33 150
4.280000 29 150
4.320000 28 148
4.360000 23 148
4.400000 19 148
4.440000 16 148
4.480000 12 148
4.520000 7 149
4.560000 7 149
4.600000 7 149
4.640000 7 149
4.680000 7 149
4.720000 7 149
4.760000 7 149
4.800000 7 149
4.840000 7 149
4.880000 7 149
4.920000 7 149
4.960000 7 149
5.000000 7 149
5.040000 7 149
5.080000 7 149
5.120000 7 149
5.160000 7 149
5.200000 7 149
5.240000 7 149
5.280000 7 149
5.320000 7 149
5.360000 7 149
5.400000 7 149
5.440000 7 149
5.480000 7 149
5.520000 7 149
