2.080000 315 154
2.120000 314 153
2.160000 312 150
2.200000 309 149
2.240000 304 150
2.280000 301 150
2.320000 297 150
2.360000 293 150
2.400000 289 150
2.440000 286 151
2.480000 281 152
2.520000 277 152
2.560000 272 153
2.600000 268 152
2.640000 262 152
2.680000 258 151
2.720000 253 152
2.760000 247 152
2.800000 243 154
2.840000 240 154
2.880000 236 154
2.920000 231 154
2.960000 227 154
3.000000 224 152
3.040000 220 150
3.080000 215 150
3.120000 210 150
3.160000 205 150
3.200000 200 150
3.240000 194 151
3.280000 190 152
3.320000 184 154
3.360000 179 154
3.400000 173 154
3.440000 168 154
3.480000 164 153
3.520000 158 152
3.560000 153 152
3.600000 148 151
3.640000 143 152
3.680000 138 153
3.720000 132 153
3.760000 129 154
3.800000 125 154
3.840000 120 153
3.880000 116 152
3.920000 111 150
3.960000 106 150
4.000000 102 150
4.040000 97 150
4.080000 91 150
4.120000 86 150
4.160000 84 150
4.200000 80 150
4.240000 73 153
4.280000 69 154
4.320000 65 152
4.360000 59 152
4.400000 55 150
4.440000 50 150
4.480000 45 150
4.520000 42 150
4.560000 38 150
4.600000 33 150
4.640000 29 151
4.680000 25 153
4.720000 22 152
4.760000 18 150
4.800000 16 150
4.840000 12 149
4.880000 8 148
4.960000 2 148
