2.040000 320 67
2.080000 314 66
2.120000 314 65
2.160000 314 65
2.200000 314 66
2.240000 314 67
2.280000 312 67
2.320000 308 70
2.360000 299 71
2.400000 292 71
2.440000 283 72
2.480000 269 66
2.520000 260 63
2.560000 247 61
2.600000 237 61
2.640000 231 61
2.680000 231 58
2.720000 231 56
2.760000 230 56
2.800000 229 56
2.840000 229 56
2.880000 227 56
2.920000 230 58
2.960000 231 58
3.000000 230 57
3.040000 230 57
3.080000 229 58
3.120000 227 61
3.160000 225 62
3.200000 221 65
3.240000 212 67
3.280000 204 66
3.320000 190 65
3.360000 179 61
3.400000 168 61
3.440000 153 59
3.480000 140 57
3.520000 132 57
3.560000 129 56
3.600000 127 55
3.640000 127 54
3.680000 127 55
3.720000 127 55
3.760000 126 56
3.800000 127 56
3.840000 128 56
3.880000 127 56
3.920000 127 56
3.960000 127 56
4.000000 127 56
4.040000 125 57
4.080000 121 61
4.120000 114 63
4.160000 106 65
4.200000 96 65
4.240000 85 66
4.280000 74 61
4.320000 64 59
4.360000 50 58
4.400000 40 59
4.440000 36 59
4.480000 34 56
4.520000 34 56
4.560000 34 56
4.600000 34 56
4.640000 34 56
4.680000 34 59
4.720000 36 58
4.760000 34 58
4.800000 34 57
4.840000 34 59
4.880000 34 60
4.920000 33 61
4.960000 29 62
5.000000 23 65
