2.040000 314 119
2.080000 310 118
2.120000 305 117
2.160000 302 115
2.200000 298 115
2.240000 293 117
2.280000 288 117
2.320000 284 118
2.360000 281 118
2.400000 277 118
2.440000 273 117
2.480000 271 119
2.520000 267 117
2.560000 262 115
2.600000 258 114
2.640000 255 113
2.680000 249 113
2.720000 245 113
2.760000 241 114
2.800000 236 115
2.840000 232 117
2.880000 229 117
2.920000 226 117
2.960000 220 115
3.000000 216 117
3.040000 211 113
3.080000 206 113
3.120000 201 113
3.160000 195 113
3.200000 191 114
3.240000 186 115
3.280000 182 114
3.320000 176 114
3.360000 173 114
3.400000 169 114
3.440000 164 114
3.480000 159 113
3.520000 155 113
3.560000 149 112
3.600000 144 111
3.640000 138 112
3.680000 134 113
3.720000 133 113
3.760000 131 114
3.800000 127 115
3.840000 123 115
3.880000 115 114
3.920000 114 113
3.960000 110 113
4.000000 104 113
4.040000 101 113
4.080000 95 113
4.120000 90 113
4.160000 82 113
4.200000 75 113
4.240000 75 113
4.280000 70 114
4.320000 68 113
4.360000 66 114
4.400000 63 113
4.440000 58 113
4.480000 54 113
4.520000 49 113
4.560000 43 113
4.600000 40 114
4.640000 38 114
4.680000 34 116
4.720000 31 115
4.760000 27 115
4.800000 23 113
4.840000 20 113
4.880000 16 113
4.920000 12 113
4.960000 7 113
5.000000 2 113
