0.000000 294 61
0.040000 294 61
0.080000 294 61
0.120000 294 61
0.160000 294 61
0.200000 294 61
0.240000 294 61
0.280000 294 61
0.320000 294 61
0.360000 294 61
0.400000 294 61
0.440000 294 61
0.480000 294 61
0.520000 294 61
0.560000 294 61
0.600000 294 61
0.640000 294 61
0.680000 294 61
0.720000 294 61
0.760000 294 61
0.800000 294 61
0.840000 294 61
0.880000 294 61
0.920000 294 61
0.960000 294 61
1.000000 294 61
1.040000 294 61
1.080000 294 61
1.120000 294 61
1.160000 294 61
1.200000 294 61
1.240000 294 61
1.280000 294 61
1.320000 294 61
1.360000 294 61
1.400000 294 61
1.440000 294 61
1.480000 294 61
1.520000 294 61
1.560000 294 61
1.600000 294 61
1.640000 294 61
1.680000 294 61
1.720000 294 61
1.760000 294 61
1.800000 294 61
1.840000 294 61
1.880000 294 61
1.920000 294 61
1.960000 294 61
2.000000 294 61
2.040000 294 61
2.080000 294 61
2.120000 294 61
2.160000 294 61
2.200000 294 61
2.240000 294 61
2.280000 294 61
2.320000 293 61
2.360000 294 61
2.400000 294 61
2.440000 293 61
2.480000 268 65
2.520000 257 61
2.560000 293 61
2.600000 293 61
2.640000 292 61
2.680000 289 66
2.720000 287 66
2.760000 237 60
2.800000 273 71
2.840000 264 70
2.880000 253 67
2.920000 240 62
2.960000 229 61
3.000000 215 57
3.040000 200 57
3.080000 190 58
3.120000 185 57
3.160000 184 56
3.200000 183 56
3.240000 183 56
3.280000 183 56
3.320000 182 56
3.360000 182 56
3.400000 183 57
3.440000 181 57
3.480000 182 56
3.520000 181 56
3.560000 181 56
3.600000 180 57
3.640000 179 59
3.680000 179 61
3.720000 174 63
3.760000 168 66
3.800000 158 67
3.840000 148 67
3.880000 138 66
3.920000 123 64
3.960000 112 61
4.000000 101 59
4.040000 86 56
4.080000 76 59
4.120000 69 60
4.160000 65 58
4.200000 116 61
4.240000 64 57
4.280000 64 57
4.320000 95 71
4.360000 86 71
4.400000 64 57
4.440000 64 59
4.480000 61 57
4.520000 44 61
4.560000 63 60
4.600000 62 61
4.640000 61 61
4.680000 60 61
4.720000 58 62
4.760000 54 65
4.800000 48 67
4.840000 12 59
4.880000 12 61
4.920000 12 62
4.960000 12 63
5.000000 12 61
5.040000 12 61
5.080000 12 61
5.120000 12 61
5.160000 12 61
5.200000 11 62
5.240000 8 65
5.280000 8 65
5.320000 8 65
