0.000000 320 133
0.040000 320 133
0.080000 320 133
0.120000 320 133
0.160000 320 133
0.200000 320 133
0.240000 320 133
0.280000 320 133
0.320000 320 133
0.360000 320 133
0.400000 320 133
0.440000 320 133
0.480000 320 133
0.520000 320 133
0.560000 320 133
0.600000 320 133
0.640000 320 133
0.680000 320 133
0.720000 320 133
0.760000 320 133
0.800000 320 133
0.840000 320 133
0.880000 320 133
0.920000 320 133
0.960000 320 133
1.000000 320 133
1.040000 320 133
1.080000 320 133
1.120000 320 133
1.160000 320 133
1.200000 320 133
1.240000 320 133
1.280000 320 133
1.320000 320 133
1.360000 320 133
1.400000 320 133
1.440000 320 133
1.480000 320 133
1.520000 320 133
1.560000 320 133
1.600000 320 133
1.640000 320 133
1.680000 320 133
1.720000 320 133
1.760000 320 133
1.800000 320 133
1.840000 320 133
1.880000 320 133
1.920000 320 133
1.960000 320 133
2.000000 320 133
2.040000 320 133
2.080000 320 133
2.120000 320 133
2.160000 320 133
2.200000 320 137
2.240000 320 137
2.280000 314 139
2.320000 310 139
2.360000 297 139
2.400000 294 139
2.440000 292 139
2.480000 288 139
2.520000 283 139
2.560000 279 134
2.600000 276 135
2.640000 271 135
2.680000 267 136
2.720000 262 137
2.760000 257 138
2.800000 252 139
2.840000 251 139
2.880000 247 139
2.920000 247 139
2.960000 242 139
3.000000 240 139
3.040000 236 139
3.080000 231 139
3.120000 226 138
3.160000 221 137
3.200000 215 137
3.240000 210 135
3.280000 203 135
3.320000 195 138
3.360000 190 138
3.400000 184 138
3.440000 174 138
3.480000 169 138
3.520000 163 136
3.560000 158 135
3.600000 151 134
3.640000 144 134
3.680000 139 133
3.720000 134 133
3.760000 130 133
3.800000 127 133
3.840000 122 134
3.880000 121 136
3.920000 119 137
3.960000 112 138
4.000000 110 138
4.040000 107 137
4.080000 102 137
4.120000 96 134
4.160000 94 135
4.200000 89 134
4.240000 81 134
4.280000 78 134
4.320000 74 134
4.360000 69 135
4.400000 64 136
4.440000 54 135
4.480000 49 136
4.520000 43 135
4.560000 38 135
4.600000 33 135
4.640000 29 134
4.680000 24 134
4.720000 20 134
4.760000 18 134
4.800000 28 134
4.840000 23 134
4.880000 8 134
4.920000 6 134
4.960000 5 134
5.000000 4 134
5.040000 3 134
5.080000 2 133
5.120000 2 133
5.160000 2 133
5.200000 2 133
5.240000 2 133
5.280000 2 133
5.320000 2 133
