0.000000 295 56
0.040000 295 56
0.080000 295 56
0.120000 295 56
0.160000 295 56
0.200000 295 56
0.240000 295 56
0.280000 295 56
0.320000 295 56
0.360000 295 56
0.400000 295 56
0.440000 295 56
0.480000 295 56
0.520000 295 56
0.560000 295 56
0.600000 295 56
0.640000 295 56
0.680000 295 56
0.720000 295 56
0.760000 295 56
0.800000 295 56
0.840000 295 56
0.880000 295 56
0.920000 295 56
0.960000 295 56
1.000000 295 56
1.040000 295 56
1.080000 295 56
1.120000 295 56
1.160000 295 56
1.200000 295 56
1.240000 295 56
1.280000 295 56
1.320000 295 56
1.360000 295 56
1.400000 295 56
1.440000 295 56
1.480000 295 56
1.520000 295 56
1.560000 295 56
1.600000 295 56
1.640000 295 56
1.680000 295 56
1.720000 295 56
1.760000 295 56
1.800000 295 56
1.840000 295 56
1.880000 295 56
1.920000 295 56
1.960000 295 56
2.000000 295 56
2.040000 295 56
2.080000 295 56
2.120000 295 56
2.160000 295 56
2.200000 295 56
2.240000 295 57
2.280000 296 57
2.320000 296 56
2.360000 297 57
2.400000 297 58
2.440000 296 56
2.480000 271 61
2.520000 258 57
2.560000 297 57
2.600000 297 58
2.640000 295 61
2.680000 294 64
2.720000 291 66
2.760000 241 56
2.800000 278 72
2.840000 268 71
2.880000 258 67
2.920000 243 60
2.960000 233 57
3.000000 218 54
3.040000 203 52
3.080000 192 53
3.120000 186 52
3.160000 185 51
3.200000 185 51
3.240000 184 52
3.280000 185 52
3.320000 184 52
3.360000 185 52
3.400000 186 53
3.440000 184 54
3.480000 185 53
3.520000 184 54
3.560000 184 53
3.600000 184 56
3.640000 184 56
3.680000 184 60
3.720000 179 62
3.760000 173 67
3.800000 164 70
3.840000 153 69
3.880000 143 67
3.920000 131 63
3.960000 118 56
4.000000 104 56
4.040000 90 51
4.080000 77 55
4.120000 70 55
4.160000 67 53
4.200000 121 60
4.240000 66 53
4.280000 66 54
4.320000 101 72
4.360000 91 72
4.400000 67 55
4.440000 68 56
4.480000 65 56
4.520000 47 59
4.560000 66 56
4.600000 66 56
4.640000 65 56
4.680000 65 56
4.720000 62 61
4.760000 59 65
4.800000 53 67
4.840000 14 56
4.880000 14 57
4.920000 14 58
4.960000 14 59
5.000000 14 56
5.040000 14 57
5.080000 14 57
5.120000 14 57
5.160000 13 59
5.200000 13 61
5.240000 13 63
5.280000 13 63
5.320000 13 63
