1.840000 310 62
1.880000 314 63
1.920000 314 65
1.960000 303 63
2.000000 289 59
2.040000 277 57
2.080000 268 58
2.120000 265 56
2.160000 265 56
2.200000 262 56
2.240000 262 56
2.280000 262 56
2.320000 263 56
2.360000 263 56
2.400000 263 56
2.440000 263 58
2.480000 262 57
2.520000 262 57
2.560000 262 57
2.600000 262 58
2.640000 262 60
2.680000 261 63
2.720000 256 67
2.760000 247 72
2.800000 239 73
2.840000 230 72
2.880000 218 71
2.920000 205 60
2.960000 194 61
3.000000 179 56
3.040000 164 55
3.080000 153 56
3.120000 148 56
3.160000 147 54
3.200000 147 53
3.240000 146 53
3.280000 145 54
3.320000 145 54
3.360000 145 55
3.400000 146 56
3.440000 145 56
3.480000 147 56
3.520000 146 55
3.560000 147 56
3.600000 146 56
3.640000 145 57
3.680000 144 60
3.720000 139 64
3.760000 132 68
3.800000 123 71
3.840000 115 72
3.880000 106 71
3.920000 95 67
3.960000 85 58
4.000000 90 56
4.040000 90 56
4.080000 46 56
4.120000 39 56
4.160000 38 56
4.200000 36 56
4.240000 36 56
4.280000 36 56
4.320000 35 56
4.360000 36 56
4.400000 35 56
4.440000 36 57
4.480000 35 58
4.520000 37 57
4.560000 36 57
4.600000 36 57
4.640000 35 60
4.680000 34 61
4.720000 30 65
4.760000 27 69
