0.000000 320 154
0.040000 320 154
0.080000 320 154
0.120000 320 154
0.160000 320 154
0.200000 320 154
0.240000 320 154
0.280000 320 154
0.320000 320 154
0.360000 320 154
0.400000 320 154
0.440000 320 154
0.480000 320 154
0.520000 320 154
0.560000 320 154
0.600000 320 154
0.640000 320 154
0.680000 320 154
0.720000 320 154
0.760000 320 154
0.800000 320 154
0.840000 320 154
0.880000 320 154
0.920000 320 154
0.960000 320 154
1.000000 320 154
1.040000 320 154
1.080000 320 154
1.120000 320 154
1.160000 320 154
1.200000 320 154
1.240000 320 154
1.280000 320 154
1.320000 320 154
1.360000 320 154
1.400000 320 154
1.440000 320 154
1.480000 314 154
1.520000 313 156
1.560000 308 155
1.600000 304 157
1.640000 299 158
1.680000 295 156
1.720000 292 157
1.760000 288 156
1.800000 283 156
1.840000 278 155
1.880000 273 155
1.920000 268 155
1.960000 264 155
2.000000 260 155
2.040000 256 156
2.080000 251 158
2.120000 247 159
2.160000 242 159
2.200000 236 159
2.240000 232 158
2.280000 227 156
2.320000 221 156
2.360000 217 155
2.400000 212 156
2.440000 208 156
2.480000 202 158
2.520000 199 159
2.560000 194 159
2.600000 189 159
2.640000 184 159
2.680000 179 158
2.720000 173 156
2.760000 168 155
2.800000 163 155
2.840000 158 155
2.880000 153 155
2.920000 147 156
2.960000 142 156
3.000000 137 156
3.040000 132 158
3.080000 128 158
3.120000 123 158
3.160000 119 157
3.200000 114 156
3.240000 110 155
3.280000 105 154
3.320000 100 154
3.360000 95 154
3.400000 90 155
3.440000 84 156
3.480000 80 156
3.520000 75 157
3.560000 70 158
3.600000 66 156
3.640000 60 155
3.680000 56 154
3.720000 52 153
3.760000 49 152
3.800000 43 152
3.840000 38 152
3.880000 34 153
3.920000 29 154
3.960000 27 154
4.000000 23 154
4.040000 18 154
4.080000 14 155
4.120000 11 154
4.160000 5 153
4.200000 2 150
4.240000 2 150
4.280000 2 150
4.320000 2 150
4.360000 2 150
4.400000 2 150
4.440000 2 150
4.480000 2 150
4.520000 2 150
4.560000 2 150
4.600000 2 150
4.640000 2 150
4.680000 2 150
4.720000 2 150
4.760000 2 150
4.800000 2 150
4.840000 2 150
4.880000 2 150
4.920000 2 150
4.960000 2 150
5.000000 2 150
5.040000 2 150
5.080000 2 150
