2.360000 308 134
2.400000 320 133
2.440000 312 131
2.480000 313 133
2.520000 309 133
2.560000 304 133
2.600000 300 133
2.640000 298 133
2.680000 292 133
2.720000 288 133
2.760000 284 134
2.800000 279 134
2.840000 277 133
2.880000 272 134
2.920000 268 133
2.960000 266 130
3.000000 262 130
3.040000 257 131
3.080000 255 133
3.120000 251 133
3.160000 248 135
3.200000 246 135
3.240000 242 135
3.280000 241 135
3.320000 236 134
3.360000 232 134
3.400000 227 133
3.440000 221 132
3.480000 218 131
3.520000 212 131
3.560000 207 130
3.600000 204 130
3.640000 196 132
3.680000 194 133
3.720000 189 134
3.760000 184 134
3.800000 179 134
3.840000 179 130
3.880000 171 133
3.920000 165 133
3.960000 160 132
4.000000 156 131
4.040000 153 130
4.080000 147 133
4.120000 144 133
4.160000 142 132
4.200000 137 134
4.240000 136 133
4.280000 132 134
4.320000 127 134
4.360000 123 134
4.400000 117 134
4.440000 114 133
4.480000 109 131
4.520000 105 129
4.560000 101 130
4.600000 96 129
4.640000 91 130
4.680000 86 131
4.720000 79 133
4.760000 74 133
4.800000 69 133
4.840000 65 132
4.880000 62 132
4.920000 58 132
4.960000 54 129
5.000000 49 129
5.040000 45 128
5.080000 41 128
5.120000 38 129
5.160000 35 130
5.200000 33 130
5.240000 31 133
5.280000 28 133
5.320000 23 133
5.360000 20 133
5.400000 18 132
5.440000 13 131
5.480000 12 129
5.520000 6 129
