2.280000 320 66
2.320000 320 63
2.360000 289 63
2.400000 286 61
2.440000 284 59
2.480000 283 58
2.520000 283 56
2.560000 314 76
2.600000 283 58
2.640000 284 57
2.680000 284 58
2.720000 284 59
2.760000 284 58
2.800000 284 58
2.840000 283 58
2.880000 242 59
2.920000 238 59
2.960000 236 57
3.000000 236 56
3.040000 236 56
3.080000 274 71
3.120000 268 71
3.160000 262 70
3.200000 251 67
3.240000 238 61
3.280000 236 56
3.320000 215 56
3.360000 201 54
3.400000 194 54
3.440000 189 54
3.480000 188 53
3.520000 187 52
3.560000 187 52
3.600000 187 52
3.640000 188 52
3.680000 208 71
3.720000 189 53
3.760000 189 54
3.800000 189 52
3.840000 189 52
3.880000 189 52
3.920000 189 53
3.960000 189 54
4.000000 187 56
4.040000 134 55
4.080000 180 65
4.120000 173 67
4.160000 136 54
4.200000 157 66
4.240000 136 56
4.280000 134 56
4.320000 134 55
4.360000 106 52
4.400000 136 55
4.440000 86 52
4.480000 84 54
4.520000 83 52
4.560000 82 52
4.600000 82 52
4.640000 121 70
4.680000 112 71
4.720000 83 54
4.760000 84 56
4.800000 84 55
4.840000 84 54
4.880000 84 54
4.920000 84 53
4.960000 83 55
5.000000 82 56
5.040000 81 57
5.080000 79 61
5.120000 74 65
5.160000 66 67
5.200000 60 67
5.240000 49 67
5.280000 40 60
5.320000 33 58
5.360000 22 57
5.400000 12 56
5.480000 2 56
5.600000 34 63
5.720000 18 72
5.760000 12 72
