2.280000 320 154
2.320000 320 154
2.360000 314 154
2.400000 309 154
2.440000 305 153
2.480000 303 153
2.520000 299 152
2.560000 296 154
2.600000 293 154
2.640000 289 155
2.680000 287 155
2.720000 283 155
2.760000 279 156
2.800000 277 155
2.840000 273 155
2.880000 269 155
2.920000 266 154
2.960000 262 154
3.000000 258 154
3.040000 253 154
3.080000 249 154
3.120000 246 154
3.160000 242 156
3.200000 237 156
3.240000 235 156
3.280000 231 156
3.320000 226 156
3.360000 222 155
3.400000 219 154
3.440000 215 154
3.480000 210 154
3.520000 206 154
3.560000 202 154
3.600000 198 154
3.640000 194 154
3.680000 190 155
3.720000 185 156
3.760000 181 158
3.800000 179 158
3.840000 174 156
3.880000 170 155
3.920000 164 155
3.960000 162 154
4.000000 158 154
4.040000 153 154
4.080000 147 154
4.120000 143 154
4.160000 138 155
4.200000 134 156
4.240000 131 156
4.280000 127 157
4.320000 122 157
4.360000 119 156
4.400000 115 155
4.440000 111 154
4.480000 107 154
4.520000 102 154
4.560000 97 154
4.600000 94 154
4.640000 88 153
4.680000 84 154
4.720000 81 154
4.760000 79 155
4.800000 75 155
4.840000 71 155
4.880000 68 155
4.920000 64 154
4.960000 60 153
5.000000 56 150
5.040000 53 150
5.080000 49 150
5.120000 44 150
5.160000 42 152
5.200000 38 151
5.240000 34 154
5.280000 32 154
5.320000 29 154
5.360000 26 154
5.400000 23 154
5.440000 18 152
5.480000 16 151
5.520000 12 150
5.560000 8 150
5.600000 2 149
5.640000 2 149
