2.320000 297 61
2.360000 289 63
2.400000 320 69
2.440000 320 68
2.480000 320 67
2.520000 320 71
2.560000 283 57
2.600000 309 76
2.640000 301 76
2.680000 293 74
2.720000 278 65
2.760000 271 62
2.800000 261 61
2.840000 251 59
2.880000 283 58
2.920000 283 59
2.960000 283 61
3.000000 283 62
3.040000 279 67
3.080000 236 56
3.120000 236 56
3.160000 236 56
3.200000 236 60
3.240000 241 63
3.280000 226 59
3.320000 236 57
3.360000 236 57
3.400000 236 58
3.440000 236 58
3.480000 235 61
3.520000 233 61
3.560000 231 67
3.600000 224 71
3.640000 216 71
3.680000 188 53
3.720000 196 70
3.760000 184 60
3.800000 173 59
3.840000 159 56
3.880000 149 56
3.920000 140 56
3.960000 137 56
4.000000 136 54
4.040000 185 59
4.080000 134 55
4.120000 134 54
4.160000 167 67
4.200000 133 55
4.240000 143 65
4.280000 134 57
4.320000 118 56
4.360000 134 54
4.400000 96 54
4.440000 133 56
4.480000 133 56
4.520000 133 57
4.560000 131 61
4.600000 127 66
4.640000 82 52
4.680000 82 53
4.720000 102 70
4.760000 91 66
4.800000 82 61
4.840000 69 61
4.880000 58 57
4.920000 49 58
4.960000 43 60
5.000000 40 60
5.040000 38 56
5.080000 38 56
5.120000 38 56
5.160000 38 56
5.200000 38 56
5.240000 38 56
5.280000 43 65
5.320000 38 58
5.360000 38 57
5.400000 38 56
5.440000 38 57
5.480000 38 57
5.520000 37 58
5.560000 36 60
5.600000 34 62
