1.560000 320 139
1.600000 320 139
1.640000 314 139
1.680000 311 140
1.720000 308 140
1.760000 298 139
1.800000 295 138
1.840000 288 137
1.880000 284 135
1.920000 279 134
1.960000 274 134
2.000000 270 135
2.040000 267 137
2.080000 262 139
2.120000 257 139
2.160000 255 139
2.200000 252 141
2.240000 249 141
2.280000 245 141
2.320000 241 139
2.360000 236 139
2.400000 231 137
2.440000 226 135
2.480000 221 134
2.520000 215 134
2.560000 210 134
2.600000 199 138
2.640000 194 139
2.680000 189 139
2.720000 184 139
2.760000 178 138
2.800000 173 137
2.840000 164 135
2.880000 158 135
2.920000 153 135
2.960000 147 135
3.000000 142 134
3.040000 137 135
3.080000 132 135
3.120000 127 136
3.160000 123 138
3.200000 122 138
3.240000 117 139
3.280000 112 139
3.320000 107 139
3.360000 105 139
3.400000 100 138
3.440000 95 139
3.480000 90 137
3.520000 83 135
3.560000 75 137
3.600000 72 135
3.640000 68 134
3.680000 62 137
3.720000 56 138
3.760000 50 135
3.800000 44 136
3.840000 39 135
3.880000 34 134
3.920000 29 134
3.960000 24 134
4.000000 19 133
4.040000 16 133
4.080000 12 135
4.120000 8 135
4.160000 7 137
4.240000 2 139
4.280000 2 137
4.320000 2 134
