1.600000 320 121
1.640000 309 122
1.680000 307 121
1.720000 299 123
1.760000 293 123
1.800000 285 123
1.840000 278 122
1.880000 273 119
1.920000 268 119
1.960000 262 119
2.000000 258 118
2.040000 257 119
2.080000 253 121
2.120000 251 122
2.160000 247 122
2.200000 246 121
2.240000 245 122
2.280000 241 122
2.320000 236 121
2.360000 236 119
2.400000 231 117
2.440000 225 115
2.480000 221 114
2.520000 215 115
2.560000 208 114
2.600000 184 123
2.640000 181 123
2.680000 184 118
2.720000 175 118
2.760000 168 119
2.800000 158 120
2.840000 151 119
2.880000 143 118
2.920000 137 118
2.960000 131 118
3.000000 127 117
3.040000 123 118
3.080000 121 117
3.120000 117 117
3.160000 116 117
3.200000 112 118
3.240000 110 118
3.280000 107 119
3.320000 105 118
3.360000 101 118
3.400000 99 116
3.440000 79 124
3.480000 90 113
3.520000 85 113
3.560000 67 119
3.600000 70 113
3.640000 64 113
3.680000 56 115
3.720000 49 117
3.760000 42 117
3.800000 35 118
3.840000 29 119
3.880000 23 118
3.920000 18 118
3.960000 12 118
4.000000 8 117
4.040000 6 118
4.120000 2 119
4.160000 2 123
4.240000 2 126
