0.000000 320 138
0.040000 320 138
0.080000 320 138
0.120000 320 138
0.160000 320 138
0.200000 320 138
0.240000 320 138
0.280000 320 138
0.320000 320 138
0.360000 320 138
0.400000 320 138
0.440000 320 138
0.480000 320 138
0.520000 320 138
0.560000 320 138
0.600000 320 138
0.640000 320 138
0.680000 320 138
0.720000 320 138
0.760000 320 138
0.800000 320 138
0.840000 320 138
0.880000 320 138
0.920000 320 138
0.960000 320 138
1.000000 320 138
1.040000 320 138
1.080000 320 138
1.120000 320 138
1.160000 320 138
1.200000 320 138
1.240000 320 138
1.280000 320 138
1.320000 320 138
1.360000 320 138
1.400000 320 138
1.440000 320 138
1.480000 320 138
1.520000 320 138
1.560000 320 138
1.600000 320 138
1.640000 320 138
1.680000 308 138
1.720000 316 137
1.760000 314 137
1.800000 311 137
1.840000 309 136
1.880000 305 135
1.920000 302 134
1.960000 298 135
2.000000 293 134
2.040000 288 135
2.080000 282 134
2.120000 277 135
2.160000 271 136
2.200000 266 135
2.240000 259 135
2.280000 254 135
2.320000 247 135
2.360000 242 135
2.400000 236 134
2.440000 232 134
2.480000 227 134
2.520000 223 134
2.560000 220 135
2.600000 216 135
2.640000 213 138
2.680000 210 137
2.720000 208 137
2.760000 205 136
2.800000 201 135
2.840000 199 134
2.880000 194 135
2.920000 189 134
2.960000 184 133
3.000000 177 133
3.040000 170 133
3.080000 164 134
3.120000 158 134
3.160000 152 135
3.200000 143 134
3.240000 137 134
3.280000 132 134
3.320000 126 134
3.360000 120 134
3.400000 116 134
3.440000 111 133
3.480000 106 134
3.520000 101 133
3.560000 97 133
3.600000 95 134
3.640000 91 134
3.680000 89 135
3.720000 84 135
3.760000 81 134
3.800000 76 135
3.840000 73 133
3.880000 69 133
3.920000 64 133
3.960000 58 133
4.000000 50 131
4.040000 44 132
4.080000 39 133
4.120000 34 133
4.160000 29 133
4.200000 23 134
4.240000 18 133
4.280000 13 133
4.320000 6 133
4.360000 5 134
4.400000 4 134
4.440000 3 134
4.480000 2 135
4.520000 2 135
4.560000 2 135
4.600000 2 135
4.640000 2 135
4.680000 2 135
4.720000 2 135
4.760000 2 135
