0.000000 309 102
0.040000 309 102
0.080000 309 102
0.120000 309 102
0.160000 309 102
0.200000 309 102
0.240000 309 102
0.280000 309 102
0.320000 309 102
0.360000 309 102
0.400000 309 102
0.440000 309 102
0.480000 309 102
0.520000 309 102
0.560000 309 102
0.600000 309 102
0.640000 309 102
0.680000 309 102
0.720000 309 102
0.760000 309 102
0.800000 309 102
0.840000 309 102
0.880000 309 102
0.920000 309 102
0.960000 309 102
1.000000 309 102
1.040000 309 102
1.080000 309 102
1.120000 309 102
1.160000 309 102
1.200000 309 102
1.240000 309 102
1.280000 309 102
1.320000 309 102
1.360000 309 102
1.400000 309 102
1.440000 309 102
1.480000 309 102
1.520000 309 102
1.560000 309 102
1.600000 309 102
1.640000 320 92
1.680000 304 91
1.720000 298 92
1.760000 292 93
1.800000 287 93
1.840000 283 92
1.880000 281 91
1.920000 278 90
1.960000 273 89
2.000000 269 89
2.040000 267 91
2.080000 264 90
2.120000 262 89
2.160000 258 89
2.200000 257 93
2.240000 255 89
2.280000 253 88
2.320000 251 89
2.360000 247 89
2.400000 246 87
2.440000 242 87
2.480000 236 87
2.520000 227 87
2.560000 220 86
2.600000 208 87
2.640000 205 86
2.680000 195 87
2.720000 188 89
2.760000 180 89
2.800000 175 91
2.840000 173 89
2.880000 170 88
2.920000 167 87
2.960000 162 86
3.000000 157 85
3.040000 153 87
3.080000 152 87
3.120000 148 86
3.160000 147 87
3.200000 136 92
3.240000 141 89
3.280000 140 87
3.320000 138 86
3.360000 136 85
3.400000 132 86
3.440000 127 83
3.480000 122 83
3.520000 112 85
3.560000 101 87
3.600000 94 85
3.640000 87 87
3.680000 80 88
3.720000 66 91
3.760000 64 91
3.800000 60 89
3.840000 59 89
3.880000 76 87
3.920000 49 86
3.960000 65 87
4.000000 44 87
4.040000 43 87
4.080000 39 87
4.120000 34 89
4.160000 29 91
4.200000 32 91
4.240000 32 87
4.280000 29 86
4.320000 27 87
4.360000 23 87
4.400000 12 87
4.440000 9 86
4.480000 7 85
4.520000 4 84
4.560000 2 82
4.600000 2 82
4.640000 2 82
4.680000 2 82
4.720000 2 82
4.760000 2 82
