0.000000 314 121
0.040000 314 121
0.080000 314 121
0.120000 314 121
0.160000 314 121
0.200000 314 121
0.240000 314 121
0.280000 314 121
0.320000 314 121
0.360000 314 121
0.400000 314 121
0.440000 314 121
0.480000 314 121
0.520000 314 121
0.560000 314 121
0.600000 314 121
0.640000 314 121
0.680000 314 121
0.720000 314 121
0.760000 314 121
0.800000 314 121
0.840000 314 121
0.880000 314 121
0.920000 314 121
0.960000 314 121
1.000000 314 121
1.040000 314 121
1.080000 314 121
1.120000 314 121
1.160000 314 121
1.200000 314 121
1.240000 314 121
1.280000 314 121
1.320000 314 121
1.360000 314 121
1.400000 314 121
1.440000 314 121
1.480000 314 121
1.520000 314 121
1.560000 314 121
1.600000 314 121
1.640000 314 121
1.680000 299 123
1.720000 313 120
1.760000 312 119
1.800000 310 119
1.840000 309 118
1.880000 307 118
1.920000 304 117
1.960000 299 117
2.000000 296 117
2.040000 289 117
2.080000 283 115
2.120000 277 117
2.160000 267 119
2.200000 258 119
2.240000 251 120
2.280000 242 122
2.320000 234 123
2.360000 227 124
2.400000 221 124
2.440000 216 124
2.480000 212 123
2.520000 210 122
2.560000 207 120
2.600000 205 119
2.640000 205 120
2.680000 205 119
2.720000 205 119
2.760000 202 119
2.800000 200 118
2.840000 199 117
2.880000 195 117
2.920000 192 115
2.960000 186 114
3.000000 180 113
3.040000 173 113
3.080000 164 115
3.120000 155 115
3.160000 147 117
3.200000 137 117
3.240000 127 119
3.280000 117 119
3.320000 111 122
3.360000 104 123
3.400000 99 124
3.440000 95 123
3.480000 90 122
3.520000 86 119
3.560000 85 118
3.600000 85 118
3.640000 86 118
3.680000 85 117
3.720000 83 118
3.760000 81 117
3.800000 80 117
3.840000 75 115
3.880000 71 115
3.920000 66 114
3.960000 60 113
4.000000 53 113
4.040000 45 113
4.080000 38 114
4.120000 29 114
4.160000 23 117
4.200000 15 119
4.240000 8 119
4.280000 1 119
4.320000 2 123
4.360000 2 122
4.400000 2 121
4.440000 2 120
4.480000 2 119
4.520000 2 119
4.560000 2 119
4.600000 2 119
4.640000 2 119
4.680000 2 119
4.720000 2 119
4.760000 2 119
