0.000000 314 89
0.040000 314 89
0.080000 314 89
0.120000 314 89
0.160000 314 89
0.200000 314 89
0.240000 314 89
0.280000 314 89
0.320000 314 89
0.360000 314 89
0.400000 314 89
0.440000 314 89
0.480000 314 89
0.520000 314 89
0.560000 314 89
0.600000 314 89
0.640000 314 89
0.680000 314 89
0.720000 314 89
0.760000 314 89
0.800000 314 89
0.840000 314 89
0.880000 314 89
0.920000 314 89
0.960000 314 89
1.000000 314 89
1.040000 314 89
1.080000 314 89
1.120000 314 89
1.160000 314 89
1.200000 314 89
1.240000 314 89
1.280000 314 89
1.320000 314 89
1.360000 314 89
1.400000 314 89
1.440000 314 89
1.480000 314 89
1.520000 314 89
1.560000 314 89
1.600000 314 89
1.640000 314 89
1.680000 314 89
1.720000 314 89
1.760000 314 89
1.800000 314 89
1.840000 314 89
1.880000 314 89
1.920000 314 89
1.960000 314 89
2.000000 314 89
2.040000 314 89
2.080000 314 89
2.120000 314 89
2.160000 314 89
2.200000 314 89
2.240000 314 89
2.280000 314 89
2.320000 313 88
2.360000 311 87
2.400000 309 87
2.440000 307 87
2.480000 278 87
2.520000 297 87
2.560000 288 87
2.600000 279 87
2.640000 271 87
2.680000 266 88
2.720000 261 89
2.760000 253 89
2.800000 249 90
2.840000 246 87
2.880000 242 87
2.920000 236 84
2.960000 234 86
3.000000 230 87
3.040000 231 87
3.080000 225 85
3.120000 221 87
3.160000 220 87
3.200000 220 87
3.240000 220 85
3.280000 218 83
3.320000 215 83
3.360000 211 82
3.400000 206 82
3.440000 199 83
3.480000 189 82
3.520000 179 83
3.560000 170 86
3.600000 163 87
3.640000 155 87
3.680000 149 87
3.720000 145 87
3.760000 141 83
3.800000 135 82
3.840000 131 82
3.880000 126 82
3.920000 122 82
3.960000 121 82
4.000000 118 85
4.040000 114 87
4.080000 110 87
4.120000 114 85
4.160000 112 83
4.200000 111 82
4.240000 108 82
4.280000 81 82
4.320000 98 82
4.360000 90 82
4.400000 71 85
4.440000 70 83
4.480000 64 86
4.520000 58 87
4.560000 51 87
4.600000 45 87
4.640000 43 84
4.680000 38 83
4.720000 34 82
4.760000 29 82
4.800000 27 82
4.840000 23 82
4.880000 23 82
4.920000 20 83
4.960000 18 85
5.000000 16 87
5.040000 13 87
5.080000 15 84
5.120000 13 83
5.160000 2 85
5.200000 8 82
5.240000 8 82
5.280000 8 82
5.320000 8 82
5.360000 8 82
