0.000000 295 60
0.040000 295 60
0.080000 295 60
0.120000 295 60
0.160000 295 60
0.200000 295 60
0.240000 295 60
0.280000 295 60
0.320000 295 60
0.360000 295 60
0.400000 295 60
0.440000 295 60
0.480000 295 60
0.520000 295 60
0.560000 295 60
0.600000 295 60
0.640000 295 60
0.680000 295 60
0.720000 295 60
0.760000 295 60
0.800000 295 60
0.840000 295 60
0.880000 295 60
0.920000 295 60
0.960000 295 60
1.000000 295 60
1.040000 295 60
1.080000 295 60
1.120000 295 60
1.160000 295 60
1.200000 295 60
1.240000 295 60
1.280000 295 60
1.320000 295 60
1.360000 295 60
1.400000 295 60
1.440000 295 60
1.480000 295 60
1.520000 295 60
1.560000 295 60
1.600000 295 60
1.640000 295 60
1.680000 295 60
1.720000 295 60
1.760000 295 60
1.800000 295 60
1.840000 295 60
1.880000 295 60
1.920000 295 60
1.960000 295 60
2.000000 295 60
2.040000 295 60
2.080000 295 60
2.120000 295 60
2.160000 295 60
2.200000 295 60
2.240000 295 60
2.280000 295 60
2.320000 283 61
2.360000 270 61
2.400000 263 65
2.440000 258 65
2.480000 303 56
2.520000 257 56
2.560000 257 56
2.600000 257 56
2.640000 257 56
2.680000 257 57
2.720000 257 58
2.760000 260 56
2.800000 257 56
2.840000 257 56
2.880000 257 56
2.920000 257 56
2.960000 257 55
3.000000 257 56
3.040000 210 52
3.080000 240 56
3.120000 231 57
3.160000 211 56
3.200000 200 56
3.240000 187 56
3.280000 175 58
3.320000 166 61
3.360000 163 57
3.400000 162 56
3.440000 162 54
3.480000 162 54
3.520000 162 54
3.560000 163 56
3.600000 162 56
3.640000 162 56
3.680000 162 56
3.720000 162 55
3.760000 162 54
3.800000 162 54
3.840000 163 54
3.880000 162 53
3.920000 158 53
3.960000 148 54
4.000000 136 54
4.040000 127 58
4.080000 107 56
4.120000 94 55
4.160000 81 57
4.200000 69 60
4.240000 64 61
4.280000 110 50
4.320000 60 56
4.360000 60 56
4.400000 100 50
4.440000 60 56
4.480000 60 56
4.520000 60 57
4.560000 65 55
4.600000 60 56
4.640000 62 56
4.680000 62 56
4.720000 61 56
4.760000 60 56
4.800000 58 55
4.840000 58 54
4.880000 49 55
4.920000 38 56
4.960000 19 59
5.000000 6 60
5.040000 7 59
5.080000 9 58
5.120000 10 57
5.160000 12 56
5.200000 16 56
5.240000 16 56
5.280000 16 56
5.320000 16 56
5.360000 16 56
