0.000000 312 154
0.040000 312 154
0.080000 312 154
0.120000 312 154
0.160000 312 154
0.200000 312 154
0.240000 312 154
0.280000 312 154
0.320000 312 154
0.360000 312 154
0.400000 312 154
0.440000 312 154
0.480000 312 154
0.520000 312 154
0.560000 312 154
0.600000 312 154
0.640000 312 154
0.680000 312 154
0.720000 312 154
0.760000 312 154
0.800000 312 154
0.840000 312 154
0.880000 312 154
0.920000 312 154
0.960000 312 154
1.000000 312 154
1.040000 312 154
1.080000 312 154
1.120000 312 154
1.160000 312 154
1.200000 312 154
1.240000 312 154
1.280000 312 154
1.320000 312 154
1.360000 312 154
1.400000 312 154
1.440000 312 154
1.480000 312 154
1.520000 312 154
1.560000 312 154
1.600000 312 154
1.640000 312 154
1.680000 312 154
1.720000 312 154
1.760000 312 154
1.800000 312 154
1.840000 312 154
1.880000 312 154
1.920000 312 154
1.960000 312 154
2.000000 312 154
2.040000 312 154
2.080000 312 154
2.120000 312 154
2.160000 312 154
2.200000 312 154
2.240000 312 154
2.280000 312 154
2.320000 308 154
2.360000 304 154
2.400000 299 152
2.440000 297 150
2.480000 294 150
2.520000 288 150
2.560000 283 152
2.600000 279 154
2.640000 277 154
2.680000 273 154
2.720000 269 154
2.760000 263 154
2.800000 261 154
2.840000 257 152
2.880000 251 152
2.920000 247 150
2.960000 244 150
3.000000 241 151
3.040000 235 151
3.080000 231 151
3.120000 226 151
3.160000 221 154
3.200000 217 153
3.240000 214 154
3.280000 210 152
3.320000 205 152
3.360000 201 151
3.400000 196 150
3.440000 192 152
3.480000 187 153
3.520000 181 154
3.560000 176 154
3.600000 171 154
3.640000 167 154
3.680000 162 154
3.720000 158 154
3.760000 153 152
3.800000 151 151
3.840000 144 150
3.880000 142 150
3.920000 137 151
3.960000 128 151
4.000000 123 152
4.040000 119 154
4.080000 117 154
4.120000 112 154
4.160000 110 154
4.200000 106 152
4.240000 101 150
4.280000 96 150
4.320000 94 149
4.360000 90 150
4.400000 85 150
4.440000 81 151
4.480000 76 152
4.520000 73 154
4.560000 70 150
4.600000 64 152
4.640000 60 150
4.680000 58 148
4.720000 54 148
4.760000 49 146
4.800000 44 147
4.840000 39 146
4.880000 34 148
4.920000 33 149
4.960000 29 149
5.000000 25 150
5.040000 23 150
5.080000 18 149
5.120000 14 149
5.160000 10 148
5.200000 7 148
5.240000 7 148
5.280000 7 148
5.320000 7 148
5.360000 7 148
