1.440000 320 119
1.520000 314 118
1.560000 310 119
1.600000 304 120
1.640000 298 119
1.680000 289 115
1.720000 283 118
1.760000 278 115
1.800000 274 117
1.840000 270 117
1.880000 264 113
1.920000 267 117
1.960000 262 119
2.000000 262 118
2.040000 262 118
2.080000 262 119
2.120000 259 117
2.160000 257 115
2.200000 257 114
2.240000 253 114
2.280000 247 115
2.320000 241 115
2.360000 236 118
2.400000 230 116
2.440000 221 119
2.480000 215 118
2.520000 205 115
2.560000 199 116
2.600000 194 113
2.640000 188 113
2.680000 183 113
2.720000 179 114
2.760000 174 113
2.800000 172 115
2.840000 168 116
2.880000 168 117
2.920000 163 115
2.960000 162 118
3.000000 150 119
3.040000 160 115
3.080000 158 113
3.120000 155 113
3.160000 153 113
3.200000 148 114
3.240000 143 113
3.280000 136 113
3.320000 129 117
3.360000 122 118
3.400000 116 115
3.440000 109 118
3.480000 101 113
3.520000 95 114
3.560000 90 113
3.600000 85 113
3.640000 80 113
3.680000 97 117
3.720000 75 113
3.760000 74 116
3.800000 70 117
3.840000 69 117
3.880000 65 115
3.920000 64 113
3.960000 64 115
4.000000 59 115
4.040000 60 113
4.080000 56 113
4.120000 53 113
4.160000 47 113
4.200000 44 113
4.240000 38 117
4.280000 31 114
4.320000 24 114
4.360000 18 113
4.400000 12 115
4.440000 7 114
4.480000 23 115
4.520000 2 117
4.560000 2 114
4.640000 11 117
4.680000 1 117
