0.000000 314 165
0.040000 314 165
0.080000 314 165
0.120000 314 165
0.160000 314 165
0.200000 314 165
0.240000 314 165
0.280000 314 165
0.320000 314 165
0.360000 314 165
0.400000 314 165
0.440000 314 165
0.480000 314 165
0.520000 314 165
0.560000 314 165
0.600000 314 165
0.640000 314 165
0.680000 314 165
0.720000 314 165
0.760000 314 165
0.800000 314 165
0.840000 314 165
0.880000 314 165
0.920000 314 165
0.960000 314 165
1.000000 314 165
1.040000 314 165
1.080000 314 165
1.120000 314 165
1.160000 314 165
1.200000 314 165
1.240000 314 165
1.280000 314 165
1.320000 314 165
1.360000 314 165
1.400000 314 165
1.440000 314 165
1.480000 314 165
1.520000 314 165
1.560000 314 165
1.600000 314 165
1.640000 314 165
1.680000 314 165
1.720000 314 165
1.760000 314 165
1.800000 314 165
1.840000 314 165
1.880000 314 165
1.920000 314 165
1.960000 314 165
2.000000 314 165
2.040000 314 165
2.080000 314 165
2.120000 314 165
2.160000 314 165
2.200000 314 165
2.240000 314 165
2.280000 314 165
2.320000 314 165
2.360000 310 165
2.400000 308 165
2.440000 304 165
2.480000 299 165
2.520000 297 165
2.560000 294 165
2.600000 290 166
2.640000 288 167
2.680000 284 167
2.720000 282 168
2.760000 277 167
2.800000 273 167
2.840000 269 166
2.880000 267 166
2.920000 261 165
2.960000 257 165
3.000000 253 166
3.040000 247 165
3.080000 245 168
3.120000 241 169
3.160000 237 169
3.200000 231 167
3.240000 227 167
3.280000 224 168
3.320000 219 167
3.360000 215 166
3.400000 210 165
3.440000 205 165
3.480000 201 165
3.520000 196 166
3.560000 192 168
3.600000 190 170
3.640000 184 170
3.680000 179 170
3.720000 175 170
3.760000 170 170
3.800000 168 169
3.840000 163 169
3.880000 158 169
3.920000 153 167
3.960000 149 167
4.000000 143 168
4.040000 139 169
4.080000 134 170
4.120000 131 170
4.160000 127 170
4.200000 123 170
4.240000 119 170
4.280000 116 170
4.320000 110 169
4.360000 106 169
4.400000 101 167
4.440000 97 167
4.480000 92 166
4.520000 87 167
4.560000 86 169
4.600000 80 168
4.640000 82 170
4.680000 82 170
4.720000 80 170
4.760000 74 170
4.800000 70 169
4.840000 66 169
4.880000 64 166
4.920000 60 165
4.960000 56 165
5.000000 51 165
5.040000 46 166
5.080000 43 166
5.120000 38 169
5.160000 36 168
5.200000 33 167
5.240000 28 168
5.280000 24 167
5.320000 21 165
5.360000 18 165
5.400000 13 165
5.440000 8 165
5.480000 8 165
5.520000 8 165
5.560000 8 165
5.600000 8 165
5.640000 8 165
5.680000 8 165
5.720000 8 165
5.760000 8 165
