1.720000 316 93
1.760000 314 92
1.800000 314 91
1.840000 312 91
1.880000 310 91
1.920000 308 91
1.960000 303 92
2.000000 295 90
2.040000 287 87
2.080000 278 87
2.120000 268 89
2.160000 261 92
2.200000 256 93
2.240000 249 94
2.280000 242 94
2.320000 240 93
2.360000 234 90
2.400000 230 88
2.440000 223 89
2.480000 220 90
2.520000 216 88
2.560000 216 87
2.600000 216 91
2.640000 215 91
2.680000 213 88
2.720000 211 88
2.760000 210 87
2.800000 207 87
2.840000 201 87
2.880000 194 87
2.920000 184 87
2.960000 173 85
3.000000 162 87
3.040000 153 88
3.080000 145 91
3.120000 138 93
3.160000 132 93
3.200000 127 91
3.240000 122 87
3.280000 117 87
3.320000 112 87
3.360000 106 85
3.400000 105 86
3.440000 102 86
3.480000 102 87
3.520000 101 87
3.560000 101 87
3.600000 100 87
3.640000 97 87
3.680000 95 87
3.720000 90 85
3.760000 81 86
3.800000 73 82
3.840000 60 83
3.880000 53 85
3.920000 45 87
3.960000 38 89
4.000000 32 91
4.040000 28 91
4.080000 23 87
4.120000 19 87
4.160000 15 86
4.200000 8 83
4.240000 7 84
4.280000 6 87
