1.720000 316 67
1.760000 309 72
1.800000 299 70
1.840000 288 66
1.880000 278 66
1.920000 270 65
1.960000 268 63
2.000000 267 61
2.040000 267 61
2.080000 267 61
2.120000 267 61
2.160000 264 64
2.200000 266 65
2.240000 267 63
2.280000 267 62
2.320000 267 64
2.360000 267 62
2.400000 266 65
2.440000 262 67
2.480000 257 70
2.520000 247 72
2.560000 238 74
2.600000 226 72
2.640000 217 67
2.680000 203 67
2.720000 190 64
2.760000 177 62
2.800000 169 62
2.840000 164 61
2.880000 163 59
2.920000 163 59
2.960000 163 59
3.000000 163 58
3.040000 162 59
3.080000 163 58
3.120000 163 61
3.160000 163 60
3.200000 163 61
3.240000 162 61
3.280000 159 61
3.320000 158 62
3.360000 153 67
3.400000 144 69
3.440000 133 70
3.480000 122 69
3.520000 112 67
3.560000 98 62
3.600000 85 63
3.640000 74 62
3.680000 65 61
3.720000 60 59
3.760000 59 58
3.800000 58 56
3.840000 58 56
3.880000 59 56
3.920000 59 61
3.960000 59 59
4.000000 59 60
4.040000 60 61
4.080000 59 61
4.120000 58 61
4.160000 55 61
4.200000 53 65
4.240000 45 67
4.280000 37 69
4.320000 27 69
