4.320000 304 130
4.360000 299 130
4.400000 297 129
4.440000 293 129
4.480000 290 129
4.520000 288 129
4.560000 284 129
5.080000 231 128
5.120000 227 130
5.160000 223 130
5.200000 218 130
5.240000 213 129
5.280000 208 129
5.320000 205 129
5.360000 201 129
5.400000 199 129
5.440000 194 129
5.480000 190 128
5.720000 175 132
5.760000 171 132
5.800000 167 131
6.080000 127 129
6.120000 121 129
6.160000 117 128
6.200000 112 128
6.240000 110 128
6.280000 105 128
6.560000 86 132
6.600000 83 130
6.640000 79 130
6.680000 75 130
6.720000 71 129
6.760000 58 130
7.000000 37 128
7.120000 23 128
7.360000 11 130
7.400000 2 136
