0.000000 301 58
0.040000 301 58
0.080000 301 58
0.120000 301 58
0.160000 301 58
0.200000 301 58
0.240000 301 58
0.280000 301 58
0.320000 301 58
0.360000 301 58
0.400000 301 58
0.440000 301 58
0.480000 301 58
0.520000 301 58
0.560000 301 58
0.600000 301 58
0.640000 301 58
0.680000 301 58
0.720000 301 58
0.760000 301 58
0.800000 301 58
0.840000 301 58
0.880000 301 58
0.920000 301 58
0.960000 301 58
1.000000 301 58
1.040000 301 58
1.080000 301 58
1.120000 301 58
1.160000 301 58
1.200000 301 58
1.240000 301 58
1.280000 301 58
1.320000 301 58
1.360000 301 58
1.400000 301 58
1.440000 301 58
1.480000 301 58
1.520000 301 58
1.560000 301 58
1.600000 301 58
1.640000 301 58
1.680000 301 58
1.720000 301 58
1.760000 301 58
1.800000 301 58
1.840000 301 58
1.880000 301 58
1.920000 301 58
1.960000 301 58
2.000000 301 58
2.040000 301 58
2.080000 301 58
2.120000 301 58
2.160000 301 58
2.200000 301 58
2.240000 301 58
2.280000 301 58
2.320000 301 58
2.360000 301 58
2.400000 301 58
2.440000 301 58
2.480000 320 61
2.520000 311 62
2.560000 312 61
2.600000 312 61
2.640000 312 60
2.680000 311 63
2.720000 304 66
2.760000 294 67
2.800000 279 67
2.840000 267 68
2.880000 250 61
2.920000 231 61
2.960000 214 62
3.000000 203 66
3.040000 194 67
3.080000 192 65
3.120000 189 60
3.160000 189 57
3.200000 189 56
3.240000 188 56
3.280000 188 56
3.320000 189 59
3.360000 190 56
3.400000 186 56
3.440000 187 56
3.480000 186 56
3.520000 187 56
3.560000 188 56
3.600000 190 59
3.640000 180 63
3.680000 169 65
3.720000 154 65
3.760000 140 65
3.800000 120 61
3.840000 105 60
3.880000 87 61
3.920000 71 64
3.960000 62 67
4.000000 58 66
4.040000 55 61
4.080000 54 58
4.120000 54 57
4.160000 53 57
4.200000 54 57
4.240000 54 58
4.280000 50 56
4.320000 54 57
4.360000 53 56
4.400000 53 57
4.440000 53 56
4.480000 53 56
4.520000 53 56
4.560000 50 58
4.600000 40 62
4.640000 40 62
4.680000 40 62
4.720000 40 62
4.760000 40 62
4.800000 40 62
4.840000 40 62
4.880000 40 62
4.920000 40 62
4.960000 40 62
5.000000 40 62
5.040000 40 62
5.080000 40 62
5.120000 40 62
5.160000 40 62
5.200000 40 62
5.240000 40 62
5.280000 40 62
5.320000 40 62
