0.000000 320 93
0.040000 320 93
0.080000 320 93
0.120000 320 93
0.160000 320 93
0.200000 320 93
0.240000 320 93
0.280000 320 93
0.320000 320 93
0.360000 320 93
0.400000 320 93
0.440000 320 93
0.480000 320 93
0.520000 320 93
0.560000 320 93
0.600000 320 93
0.640000 320 93
0.680000 320 93
0.720000 320 93
0.760000 320 93
0.800000 320 93
0.840000 320 93
0.880000 320 93
0.920000 320 93
0.960000 320 93
1.000000 320 93
1.040000 320 93
1.080000 320 93
1.120000 320 93
1.160000 320 93
1.200000 320 93
1.240000 320 93
1.280000 320 93
1.320000 320 93
1.360000 320 93
1.400000 320 93
1.440000 320 93
1.480000 320 93
1.520000 320 93
1.560000 320 93
1.600000 320 93
1.640000 320 93
1.680000 320 93
1.720000 320 93
1.760000 320 93
1.800000 320 93
1.840000 320 93
1.880000 320 93
1.920000 320 93
1.960000 320 93
2.000000 320 93
2.040000 320 93
2.080000 320 93
2.120000 320 93
2.160000 320 93
2.200000 320 93
2.240000 320 93
2.280000 320 93
2.320000 320 93
2.360000 320 93
2.400000 320 93
2.440000 320 93
2.480000 320 88
2.520000 315 87
2.560000 313 88
2.600000 308 91
2.640000 299 91
2.680000 291 89
2.720000 281 87
2.760000 273 87
2.800000 260 92
2.840000 251 93
2.880000 242 96
2.920000 236 97
2.960000 231 96
3.000000 226 92
3.040000 221 88
3.080000 216 89
3.120000 210 87
3.160000 204 87
3.200000 200 87
3.240000 197 87
3.280000 196 88
3.320000 195 92
3.360000 195 90
3.400000 190 89
3.440000 188 88
3.480000 184 87
3.520000 179 87
3.560000 173 87
3.600000 161 87
3.640000 152 87
3.680000 138 87
3.720000 132 87
3.760000 118 93
3.800000 109 95
3.840000 101 96
3.880000 95 94
3.920000 90 92
3.960000 86 88
4.000000 81 87
4.040000 74 87
4.080000 68 87
4.120000 64 87
4.160000 60 87
4.200000 60 87
4.240000 60 89
4.280000 58 89
4.320000 55 88
4.360000 54 87
4.400000 51 87
4.440000 49 87
4.480000 44 87
4.520000 34 88
4.560000 24 87
4.600000 13 88
4.640000 13 88
4.680000 13 88
4.720000 13 88
4.760000 13 88
4.800000 13 88
4.840000 13 88
4.880000 13 88
4.920000 13 88
4.960000 13 88
5.000000 13 88
5.040000 13 88
5.080000 13 88
5.120000 13 88
5.160000 13 88
5.200000 13 88
5.240000 13 88
5.280000 13 88
5.320000 13 88
