1.560000 298 60
1.640000 284 65
1.680000 283 61
1.720000 282 57
1.800000 320 70
1.840000 320 65
1.880000 303 65
1.920000 298 65
1.960000 281 57
2.000000 270 62
2.040000 252 64
2.080000 242 65
2.120000 280 56
2.160000 279 56
2.200000 279 55
2.240000 226 59
2.280000 278 54
2.320000 225 56
2.360000 225 56
2.400000 225 56
2.440000 224 56
2.480000 231 57
2.520000 225 56
2.560000 225 56
2.600000 225 56
2.640000 225 56
2.680000 223 56
2.720000 223 55
2.760000 221 56
2.800000 215 56
2.840000 205 58
2.880000 191 56
2.920000 172 56
2.960000 163 56
3.000000 147 56
3.040000 169 51
3.080000 169 50
3.120000 118 65
3.160000 169 50
3.200000 169 50
3.240000 168 50
3.280000 111 53
3.320000 111 52
3.360000 111 53
3.400000 112 53
3.440000 113 55
3.480000 118 54
3.520000 112 54
3.560000 111 54
3.600000 111 53
3.640000 110 53
3.680000 110 53
3.720000 110 51
3.760000 107 51
3.800000 100 55
3.840000 89 56
3.880000 75 57
3.920000 58 56
3.960000 53 56
4.000000 39 56
4.040000 27 61
4.080000 19 66
4.120000 15 67
4.160000 14 65
4.200000 12 59
4.240000 12 58
4.280000 12 57
4.320000 12 59
4.360000 12 58
4.400000 12 56
4.440000 12 54
4.480000 12 56
4.520000 12 59
4.560000 9 57
4.600000 10 57
4.720000 8 56
