3.280000 304 92
3.360000 315 90
3.400000 305 91
3.440000 298 91
3.480000 294 92
3.520000 288 93
3.560000 283 93
3.600000 278 93
3.640000 276 92
3.680000 272 88
3.720000 268 87
3.760000 261 88
3.800000 258 88
3.840000 257 88
3.880000 256 87
3.920000 252 87
3.960000 243 92
4.000000 251 87
4.040000 251 87
4.080000 249 87
4.120000 247 87
4.160000 245 87
4.200000 216 89
4.240000 236 87
4.280000 229 87
4.320000 221 86
4.360000 211 87
4.400000 205 87
4.440000 199 88
4.480000 191 91
4.520000 184 91
4.560000 179 92
4.600000 177 92
4.640000 173 88
4.680000 169 87
4.720000 164 87
4.760000 159 86
4.800000 155 86
4.840000 153 87
4.880000 154 87
4.920000 149 87
4.960000 147 87
5.000000 139 91
5.040000 132 91
5.080000 127 91
5.120000 125 88
5.160000 142 84
5.200000 133 83
5.240000 108 87
5.280000 117 85
5.320000 107 87
5.360000 101 87
5.400000 95 88
5.440000 86 90
5.480000 101 87
5.520000 78 91
5.560000 75 88
5.600000 71 87
5.640000 69 87
5.680000 64 86
5.720000 60 86
5.760000 59 87
5.800000 58 86
5.840000 56 87
5.880000 53 88
5.920000 49 89
5.960000 40 92
6.000000 38 91
6.040000 49 87
6.080000 48 84
6.120000 28 88
6.160000 39 86
6.200000 32 86
6.240000 23 87
6.280000 18 87
6.320000 13 87
6.360000 7 90
6.400000 1 91
6.440000 2 92
6.480000 2 88
6.600000 8 87
