3.280000 320 133
3.360000 308 135
3.480000 295 135
3.520000 293 138
3.560000 288 134
3.600000 283 134
3.640000 278 134
3.680000 275 134
3.720000 271 133
3.760000 264 132
3.800000 262 132
3.840000 258 133
3.880000 257 134
4.080000 242 135
4.160000 234 135
4.200000 230 134
4.240000 225 134
4.280000 220 133
4.320000 215 134
4.480000 200 134
4.520000 197 134
4.560000 191 134
4.600000 186 134
4.640000 181 133
4.680000 177 132
4.720000 173 132
4.760000 169 131
4.800000 164 130
4.840000 163 133
4.880000 159 133
5.080000 138 134
5.120000 146 138
5.160000 142 134
5.200000 133 134
5.240000 129 134
5.280000 123 134
5.320000 112 134
5.480000 97 133
5.520000 95 133
5.560000 89 132
5.600000 82 131
5.640000 80 132
5.680000 75 131
5.720000 75 132
5.960000 60 134
6.000000 56 133
6.040000 55 132
6.080000 52 133
6.120000 49 132
6.160000 44 133
6.200000 39 133
6.240000 35 132
6.280000 32 133
6.560000 2 132
