0.000000 313 98
0.040000 313 98
0.080000 313 98
0.120000 313 98
0.160000 313 98
0.200000 313 98
0.240000 313 98
0.280000 313 98
0.320000 313 98
0.360000 313 98
0.400000 313 98
0.440000 313 98
0.480000 313 98
0.520000 313 98
0.560000 313 98
0.600000 313 98
0.640000 313 98
0.680000 313 98
0.720000 313 98
0.760000 313 98
0.800000 313 98
0.840000 313 98
0.880000 313 98
0.920000 313 98
0.960000 313 98
1.000000 313 98
1.040000 313 98
1.080000 313 98
1.120000 313 98
1.160000 313 98
1.200000 313 98
1.240000 313 98
1.280000 313 98
1.320000 313 98
1.360000 313 98
1.400000 313 98
1.440000 313 98
1.480000 313 98
1.520000 313 98
1.560000 313 98
1.600000 313 98
1.640000 313 98
1.680000 313 98
1.720000 313 98
1.760000 313 98
1.800000 313 98
1.840000 313 98
1.880000 313 98
1.920000 313 98
1.960000 313 98
2.000000 313 98
2.040000 311 98
2.080000 309 98
2.120000 307 98
2.160000 302 91
2.200000 299 93
2.240000 297 91
2.280000 294 91
2.320000 295 93
2.360000 285 93
2.400000 293 93
2.440000 290 91
2.480000 288 90
2.520000 286 91
2.560000 283 91
2.600000 278 89
2.640000 271 92
2.680000 262 91
2.720000 257 89
2.760000 247 90
2.800000 242 93
2.840000 236 93
2.880000 230 93
2.920000 225 93
2.960000 220 90
3.000000 219 90
3.040000 216 87
3.080000 236 87
3.120000 207 87
3.160000 205 87
3.200000 200 87
3.240000 197 87
3.280000 197 86
3.320000 195 88
3.360000 194 91
3.400000 191 92
3.440000 190 91
3.480000 188 91
3.520000 185 89
3.560000 184 88
3.600000 181 87
3.640000 177 87
3.680000 170 87
3.720000 162 88
3.760000 153 87
3.800000 147 87
3.840000 142 87
3.880000 138 92
3.920000 125 91
3.960000 119 92
4.000000 115 90
4.040000 111 91
4.080000 108 88
4.120000 105 87
4.160000 100 86
4.200000 96 87
4.240000 93 87
4.280000 94 87
4.320000 88 86
4.360000 86 87
4.400000 86 87
4.440000 85 89
4.480000 83 88
4.520000 81 88
4.560000 79 88
4.600000 76 87
4.640000 73 87
4.680000 69 87
4.720000 61 90
4.760000 54 89
4.800000 41 88
4.840000 37 88
4.880000 36 87
4.920000 33 93
4.960000 23 93
5.000000 18 93
5.040000 16 92
5.080000 14 92
5.120000 7 91
5.160000 5 91
5.200000 4 90
5.240000 3 89
5.280000 2 87
5.320000 2 82
5.360000 2 82
5.400000 2 82
5.440000 2 82
5.480000 2 82
5.520000 2 82
5.560000 2 82
5.600000 2 82
5.640000 2 82
5.680000 2 82
5.720000 2 82
5.760000 2 82
5.800000 2 82
5.840000 2 82
