0.000000 320 54
0.040000 320 54
0.080000 320 54
0.120000 320 54
0.160000 320 54
0.200000 320 54
0.240000 320 54
0.280000 320 54
0.320000 320 54
0.360000 320 54
0.400000 320 54
0.440000 320 54
0.480000 320 54
0.520000 320 54
0.560000 320 54
0.600000 320 54
0.640000 320 54
0.680000 320 54
0.720000 320 54
0.760000 320 54
0.800000 320 54
0.840000 320 54
0.880000 320 54
0.920000 320 54
0.960000 320 54
1.000000 320 54
1.040000 320 54
1.080000 320 54
1.120000 320 54
1.160000 320 54
1.200000 320 54
1.240000 320 54
1.280000 320 54
1.320000 320 54
1.360000 320 54
1.400000 320 54
1.440000 320 54
1.480000 320 54
1.520000 320 54
1.560000 320 54
1.600000 320 54
1.640000 320 54
1.680000 320 54
1.720000 320 54
1.760000 320 54
1.800000 320 54
1.840000 320 54
1.880000 318 56
1.920000 317 57
1.960000 316 59
2.000000 315 60
2.040000 304 58
2.080000 289 57
2.120000 277 56
2.160000 263 56
2.200000 251 58
2.240000 239 61
2.280000 233 62
2.320000 229 58
2.360000 227 56
2.400000 226 54
2.440000 225 54
2.480000 225 54
2.520000 225 54
2.560000 226 54
2.600000 226 54
2.640000 226 54
2.680000 226 54
2.720000 225 54
2.760000 225 53
2.800000 226 52
2.840000 226 52
2.880000 225 53
2.920000 222 54
2.960000 214 56
3.000000 200 54
3.040000 187 55
3.080000 168 52
3.120000 155 51
3.160000 139 52
3.200000 125 56
3.240000 116 60
3.280000 111 58
3.320000 109 55
3.360000 108 51
3.400000 108 51
3.440000 107 51
3.480000 107 51
3.520000 107 51
3.560000 107 51
3.600000 107 50
3.640000 107 51
3.680000 107 51
3.720000 107 50
3.760000 107 50
3.800000 107 50
3.840000 106 50
3.880000 102 52
3.920000 93 52
3.960000 81 52
4.000000 66 54
4.040000 54 54
4.080000 39 54
4.120000 27 56
4.160000 16 59
4.200000 8 63
4.240000 53 53
4.280000 53 54
4.320000 6 56
4.360000 6 56
4.400000 6 56
4.440000 6 56
4.480000 6 56
4.520000 6 56
4.560000 6 56
4.600000 6 56
4.640000 6 56
4.680000 6 56
4.720000 6 56
4.760000 6 56
4.800000 6 56
4.840000 6 56
4.880000 6 56
4.920000 6 56
4.960000 6 56
5.000000 6 56
5.040000 6 56
5.080000 6 56
5.120000 6 56
