0.000000 320 152
0.040000 320 152
0.080000 320 152
0.120000 320 152
0.160000 320 152
0.200000 320 152
0.240000 320 152
0.280000 320 152
0.320000 320 152
0.360000 320 152
0.400000 320 152
0.440000 320 152
0.480000 320 152
0.520000 320 152
0.560000 320 152
0.600000 320 152
0.640000 320 152
0.680000 320 152
0.720000 320 152
0.760000 320 152
0.800000 320 152
0.840000 320 152
0.880000 320 152
0.920000 320 152
0.960000 320 152
1.000000 320 152
1.040000 320 152
1.080000 320 152
1.120000 320 152
1.160000 320 152
1.200000 320 152
1.240000 320 152
1.280000 320 152
1.320000 320 152
1.360000 320 152
1.400000 320 152
1.440000 320 152
1.480000 320 152
1.520000 320 152
1.560000 320 152
1.600000 320 152
1.640000 320 152
1.680000 320 152
1.720000 320 152
1.760000 320 152
1.800000 320 152
1.840000 319 153
1.880000 318 153
1.920000 317 154
1.960000 309 154
2.000000 307 154
2.040000 302 155
2.080000 298 156
2.120000 294 156
2.160000 292 155
2.200000 287 155
2.240000 282 154
2.280000 277 154
2.320000 273 154
2.360000 267 154
2.400000 262 154
2.440000 257 154
2.480000 251 155
2.520000 247 156
2.560000 242 155
2.600000 238 156
2.640000 235 158
2.680000 229 156
2.720000 223 155
2.760000 218 154
2.800000 212 154
2.840000 207 154
2.880000 202 154
2.920000 195 154
2.960000 192 154
3.000000 187 155
3.040000 182 156
3.080000 177 156
3.120000 172 156
3.160000 167 155
3.200000 163 155
3.240000 158 154
3.280000 153 154
3.320000 146 152
3.360000 139 150
3.400000 133 151
3.440000 128 152
3.480000 125 154
3.520000 120 154
3.560000 115 155
3.600000 108 155
3.640000 106 154
3.680000 99 154
3.720000 93 153
3.760000 86 150
3.800000 81 150
3.840000 75 150
3.880000 70 150
3.920000 69 153
3.960000 64 154
4.000000 59 154
4.040000 54 154
4.080000 49 153
4.120000 46 154
4.160000 41 151
4.200000 38 150
4.240000 34 150
4.280000 32 149
4.320000 23 149
4.360000 18 150
4.400000 15 150
4.440000 13 150
4.480000 7 151
4.520000 2 150
4.560000 2 150
4.600000 2 150
4.640000 2 150
4.680000 2 150
4.720000 2 150
4.760000 2 150
4.800000 2 150
4.840000 2 150
4.880000 2 150
4.920000 2 150
4.960000 2 150
5.000000 2 150
5.040000 2 150
5.080000 2 150
5.120000 2 150
