2.400000 314 118
2.440000 309 118
2.480000 304 119
2.520000 299 117
2.560000 295 118
2.600000 292 119
2.640000 288 119
2.680000 283 119
2.720000 278 119
2.760000 274 118
2.800000 270 117
2.840000 266 117
2.880000 262 115
2.920000 257 115
2.960000 244 118
3.000000 240 119
3.040000 235 119
3.080000 231 119
3.120000 225 119
3.160000 221 117
3.200000 216 118
3.240000 210 117
3.280000 205 115
3.320000 200 116
3.360000 194 116
3.400000 190 118
3.440000 185 118
3.480000 183 119
3.520000 179 121
3.560000 174 121
3.600000 168 119
3.640000 162 117
3.680000 158 117
3.720000 153 115
3.760000 148 115
3.800000 142 115
3.840000 136 117
3.880000 128 117
3.920000 127 119
3.960000 123 119
4.000000 117 119
4.040000 116 118
4.080000 112 117
4.120000 108 117
4.160000 103 116
4.200000 97 115
4.240000 91 115
4.280000 90 117
4.320000 86 118
4.360000 81 119
4.400000 81 119
4.440000 76 119
4.480000 73 120
4.520000 69 119
4.560000 65 117
4.600000 61 115
4.640000 55 115
4.680000 53 115
4.720000 47 117
4.760000 43 117
4.800000 35 118
4.840000 33 119
4.880000 31 119
4.920000 27 117
4.960000 24 118
5.000000 22 117
5.040000 18 115
5.080000 13 116
5.120000 10 114
5.160000 4 116
5.200000 2 115
