0.000000 320 143
0.040000 320 143
0.080000 320 143
0.120000 320 143
0.160000 320 143
0.200000 320 143
0.240000 320 143
0.280000 320 143
0.320000 320 143
0.360000 320 143
0.400000 320 143
0.440000 320 143
0.480000 320 143
0.520000 320 143
0.560000 320 143
0.600000 320 143
0.640000 320 143
0.680000 320 143
0.720000 320 143
0.760000 320 143
0.800000 320 143
0.840000 320 143
0.880000 320 143
0.920000 320 143
0.960000 320 143
1.000000 320 143
1.040000 320 143
1.080000 320 143
1.120000 320 143
1.160000 320 143
1.200000 320 143
1.240000 320 143
1.280000 320 143
1.320000 320 143
1.360000 320 143
1.400000 320 143
1.440000 320 143
1.480000 320 143
1.520000 320 143
1.560000 320 143
1.600000 320 143
1.640000 320 143
1.680000 320 143
1.720000 320 143
1.760000 320 143
1.800000 320 143
1.840000 320 143
1.880000 320 143
1.920000 320 143
1.960000 320 143
2.000000 320 143
2.040000 320 143
2.080000 320 143
2.120000 320 140
2.160000 308 139
2.200000 303 141
2.240000 299 141
2.280000 298 143
2.320000 293 145
2.360000 286 144
2.400000 288 145
2.440000 283 145
2.480000 282 145
2.520000 277 144
2.560000 251 144
2.600000 245 143
2.640000 262 142
2.680000 255 141
2.720000 247 143
2.760000 240 144
2.800000 229 145
2.840000 225 145
2.880000 220 145
2.920000 211 143
2.960000 204 143
3.000000 197 142
3.040000 190 141
3.080000 184 141
3.120000 179 140
3.160000 173 139
3.200000 168 139
3.240000 165 143
3.280000 162 145
3.320000 158 145
3.360000 153 145
3.400000 145 144
3.440000 137 143
3.480000 132 143
3.520000 126 143
3.560000 121 142
3.600000 116 139
3.640000 112 140
3.680000 108 144
3.720000 106 145
3.760000 100 145
3.800000 94 143
3.840000 85 141
3.880000 79 143
3.920000 71 141
3.960000 65 140
4.000000 59 139
4.040000 54 139
4.080000 49 139
4.120000 44 138
4.160000 42 139
4.200000 38 140
4.240000 38 141
4.280000 31 143
4.320000 30 144
4.360000 28 143
4.400000 24 141
4.440000 18 139
4.480000 17 139
4.520000 6 138
4.560000 2 139
4.600000 2 139
4.640000 2 139
4.680000 2 139
4.720000 2 139
4.760000 2 139
4.800000 2 139
4.840000 2 139
4.880000 2 139
4.920000 2 139
4.960000 2 139
5.000000 2 139
5.040000 2 139
5.080000 2 139
5.120000 2 139
5.160000 2 139
5.200000 2 139
5.240000 2 139
5.280000 2 139
5.320000 2 139
5.360000 2 139
5.400000 2 139
5.440000 2 139
5.480000 2 139
5.520000 2 139
5.560000 2 139
5.600000 2 139
5.640000 2 139
5.680000 2 139
5.720000 2 139
5.760000 2 139
5.800000 2 139
5.840000 2 139
5.880000 2 139
5.920000 2 139
5.960000 2 139
6.000000 2 139
