0.000000 308 130
0.040000 308 130
0.080000 308 130
0.120000 308 130
0.160000 308 130
0.200000 308 130
0.240000 308 130
0.280000 308 130
0.320000 308 130
0.360000 308 130
0.400000 308 130
0.440000 308 130
0.480000 308 130
0.520000 308 130
0.560000 308 130
0.600000 308 130
0.640000 308 130
0.680000 308 130
0.720000 308 130
0.760000 308 130
0.800000 308 130
0.840000 308 130
0.880000 308 130
0.920000 308 130
0.960000 308 130
1.000000 308 130
1.040000 308 130
1.080000 308 130
1.120000 308 130
1.160000 308 130
1.200000 308 130
1.240000 308 130
1.280000 308 130
1.320000 308 130
1.360000 308 130
1.400000 308 130
1.440000 308 130
1.480000 308 130
1.520000 308 130
1.560000 308 130
1.600000 308 130
1.640000 308 130
1.680000 308 130
1.720000 308 130
1.760000 308 130
1.800000 308 130
1.840000 308 130
1.880000 308 130
1.920000 308 130
1.960000 308 130
2.000000 308 130
2.040000 308 130
2.080000 308 130
2.120000 304 129
2.160000 294 128
2.200000 293 128
2.240000 293 126
2.280000 293 126
2.320000 288 128
2.360000 280 128
2.400000 286 127
2.440000 283 125
2.480000 283 124
2.520000 279 124
2.560000 236 130
2.600000 231 130
2.640000 266 122
2.680000 257 119
2.720000 250 123
2.760000 241 125
2.800000 221 128
2.840000 221 128
2.880000 214 128
2.920000 199 127
2.960000 190 128
3.000000 181 128
3.040000 174 129
3.080000 168 129
3.120000 163 128
3.160000 158 127
3.200000 158 125
3.240000 157 125
3.280000 156 124
3.320000 153 128
3.360000 145 128
3.400000 132 129
3.440000 124 129
3.480000 118 130
3.520000 112 132
3.560000 107 130
3.600000 102 129
3.640000 101 129
3.680000 101 128
3.720000 102 126
3.760000 95 128
3.800000 85 124
3.840000 75 124
3.880000 68 128
3.920000 59 128
3.960000 52 128
4.000000 44 128
4.040000 40 126
4.080000 37 126
4.120000 34 124
4.160000 32 124
4.200000 32 124
4.240000 32 123
4.280000 29 126
4.320000 28 128
4.360000 23 127
4.400000 20 126
4.440000 12 122
4.480000 9 123
4.520000 7 124
4.560000 4 125
4.600000 2 125
4.640000 2 125
4.680000 2 125
4.720000 2 125
4.760000 2 125
4.800000 2 125
4.840000 2 125
4.880000 2 125
4.920000 2 125
4.960000 2 125
5.000000 2 125
5.040000 2 125
5.080000 2 125
5.120000 2 125
5.160000 2 125
5.200000 2 125
5.240000 2 125
5.280000 2 125
5.320000 2 125
5.360000 2 125
5.400000 2 125
5.440000 2 125
5.480000 2 125
5.520000 2 125
5.560000 2 125
5.600000 2 125
5.640000 2 125
5.680000 2 125
5.720000 2 125
5.760000 2 125
5.800000 2 125
5.840000 2 125
5.880000 2 125
5.920000 2 125
5.960000 2 125
6.000000 2 125
