0.000000 305 67
0.040000 305 67
0.080000 305 67
0.120000 305 67
0.160000 305 67
0.200000 305 67
0.240000 305 67
0.280000 305 67
0.320000 305 67
0.360000 305 67
0.400000 305 67
0.440000 305 67
0.480000 305 67
0.520000 305 67
0.560000 305 67
0.600000 305 67
0.640000 305 67
0.680000 305 67
0.720000 305 67
0.760000 305 67
0.800000 305 67
0.840000 305 67
0.880000 305 67
0.920000 305 67
0.960000 305 67
1.000000 305 67
1.040000 305 67
1.080000 305 67
1.120000 305 67
1.160000 305 67
1.200000 305 67
1.240000 305 67
1.280000 305 67
1.320000 305 67
1.360000 305 67
1.400000 305 67
1.440000 305 67
1.480000 305 67
1.520000 305 67
1.560000 305 67
1.600000 305 67
1.640000 305 67
1.680000 305 67
1.720000 305 67
1.760000 305 67
1.800000 305 67
1.840000 305 67
1.880000 305 67
1.920000 305 67
1.960000 305 67
2.000000 305 67
2.040000 294 66
2.080000 288 65
2.120000 287 63
2.160000 286 63
2.200000 286 63
2.240000 285 62
2.280000 285 63
2.320000 284 64
2.360000 285 64
2.400000 287 65
2.440000 285 65
2.480000 286 64
2.520000 286 65
2.560000 284 66
2.600000 283 67
2.640000 282 70
2.680000 276 76
2.720000 267 80
2.760000 257 78
2.800000 245 74
2.840000 233 73
2.880000 215 66
2.920000 200 63
2.960000 184 61
3.000000 173 61
3.040000 168 60
3.080000 168 59
3.120000 168 59
3.160000 168 59
3.200000 168 59
3.240000 168 59
3.280000 167 61
3.320000 170 64
3.360000 166 61
3.400000 168 60
3.440000 168 61
3.480000 166 61
3.520000 166 61
3.560000 164 65
3.600000 159 69
3.640000 153 75
3.680000 142 77
3.720000 132 76
3.760000 118 73
3.800000 107 72
3.840000 90 66
3.880000 76 61
3.920000 63 62
3.960000 53 61
4.000000 49 61
4.040000 47 61
4.080000 48 60
4.120000 48 60
4.160000 48 60
4.200000 48 61
4.240000 47 61
4.280000 49 61
4.320000 47 61
4.360000 48 61
4.400000 48 61
4.440000 47 61
4.480000 48 61
4.520000 46 63
4.560000 43 67
4.600000 38 74
4.640000 29 77
4.680000 29 77
4.720000 29 77
4.760000 29 77
4.800000 29 77
4.840000 29 77
4.880000 29 77
4.920000 29 77
4.960000 29 77
5.000000 29 77
5.040000 29 77
5.080000 29 77
5.120000 29 77
5.160000 29 77
5.200000 29 77
5.240000 29 77
5.280000 29 77
5.320000 29 77
5.360000 29 77
5.400000 29 77
5.440000 29 77
5.480000 29 77
5.520000 29 77
5.560000 29 77
5.600000 29 77
5.640000 29 77
5.680000 29 77
5.720000 29 77
5.760000 29 77
5.800000 29 77
5.840000 29 77
5.880000 29 77
5.920000 29 77
5.960000 29 77
6.000000 29 77
