0.000000 320 117
0.040000 320 117
0.080000 320 117
0.120000 320 117
0.160000 320 117
0.200000 320 117
0.240000 320 117
0.280000 320 117
0.320000 320 117
0.360000 320 117
0.400000 320 117
0.440000 320 117
0.480000 320 117
0.520000 320 117
0.560000 320 117
0.600000 320 117
0.640000 320 117
0.680000 320 117
0.720000 320 117
0.760000 320 117
0.800000 320 117
0.840000 320 117
0.880000 320 117
0.920000 320 117
0.960000 320 117
1.000000 320 117
1.040000 320 117
1.080000 320 117
1.120000 320 117
1.160000 320 117
1.200000 320 117
1.240000 320 117
1.280000 320 117
1.320000 320 117
1.360000 320 117
1.400000 314 117
1.440000 308 117
1.480000 305 117
1.520000 299 118
1.560000 294 117
1.600000 293 118
1.640000 289 118
1.680000 286 117
1.720000 282 116
1.760000 277 114
1.800000 271 114
1.840000 266 113
1.880000 260 114
1.920000 255 114
1.960000 251 115
2.000000 247 115
2.040000 242 117
2.080000 240 118
2.120000 236 118
2.160000 231 115
2.200000 225 116
2.240000 219 113
2.280000 212 117
2.320000 207 115
2.360000 201 116
2.400000 195 117
2.440000 190 116
2.480000 184 115
2.520000 180 117
2.560000 176 114
2.600000 173 113
2.640000 168 113
2.680000 162 113
2.720000 154 113
2.760000 148 113
2.800000 142 113
2.840000 138 113
2.880000 135 114
2.920000 132 114
2.960000 127 114
3.000000 122 115
3.040000 117 115
3.080000 112 113
3.120000 107 113
3.160000 101 113
3.200000 95 113
3.240000 90 113
3.280000 85 113
3.320000 80 113
3.360000 75 113
3.400000 70 113
3.440000 66 113
3.480000 62 113
3.520000 59 113
3.560000 54 111
3.600000 49 110
3.640000 43 109
3.680000 38 111
3.720000 33 111
3.760000 29 112
3.800000 27 113
3.840000 23 113
3.880000 18 113
3.920000 14 113
3.960000 12 113
4.000000 8 113
4.040000 1 113
4.080000 2 114
4.120000 2 115
4.160000 2 115
4.200000 2 115
4.240000 2 115
4.280000 2 115
4.320000 2 115
4.360000 2 115
4.400000 2 115
4.440000 2 115
4.480000 2 115
4.520000 2 115
4.560000 2 115
4.600000 2 115
