0.000000 320 150
0.040000 320 150
0.080000 320 150
0.120000 320 150
0.160000 320 150
0.200000 320 150
0.240000 320 150
0.280000 320 150
0.320000 320 150
0.360000 320 150
0.400000 320 150
0.440000 320 150
0.480000 320 150
0.520000 320 150
0.560000 320 150
0.600000 320 150
0.640000 320 150
0.680000 320 150
0.720000 320 150
0.760000 320 150
0.800000 320 150
0.840000 320 150
0.880000 320 150
0.920000 320 150
0.960000 320 150
1.000000 320 150
1.040000 320 150
1.080000 320 150
1.120000 320 150
1.160000 320 150
1.200000 320 150
1.240000 320 150
1.280000 320 150
1.320000 320 150
1.360000 320 150
1.400000 314 151
1.440000 309 150
1.480000 308 150
1.520000 303 152
1.560000 299 153
1.600000 295 153
1.640000 292 153
1.680000 288 151
1.720000 283 150
1.760000 278 149
1.800000 273 149
1.840000 268 150
1.880000 262 150
1.920000 258 150
1.960000 254 150
2.000000 247 154
2.040000 242 154
2.080000 237 154
2.120000 231 154
2.160000 227 150
2.200000 221 150
2.240000 216 150
2.280000 210 150
2.320000 205 150
2.360000 199 151
2.400000 195 153
2.440000 190 154
2.480000 184 153
2.520000 181 154
2.560000 175 152
2.600000 170 150
2.640000 165 150
2.680000 159 150
2.720000 153 150
2.760000 148 149
2.800000 143 150
2.840000 139 150
2.880000 133 151
2.920000 129 152
2.960000 123 151
3.000000 118 150
3.040000 114 150
3.080000 109 149
3.120000 103 149
3.160000 97 148
3.200000 92 149
3.240000 87 149
3.280000 82 150
3.320000 77 150
3.360000 74 150
3.400000 69 150
3.440000 65 150
3.480000 61 150
3.520000 56 149
3.560000 52 148
3.600000 47 145
3.640000 42 145
3.680000 38 146
3.720000 33 146
3.760000 29 149
3.800000 24 150
3.840000 19 149
3.880000 16 150
3.920000 7 148
3.960000 5 148
4.000000 4 148
4.040000 3 148
4.080000 2 145
4.120000 2 145
4.160000 2 145
4.200000 2 145
4.240000 2 145
4.280000 2 145
4.320000 2 145
4.360000 2 145
4.400000 2 145
4.440000 2 145
4.480000 2 145
4.520000 2 145
4.560000 2 145
4.600000 2 145
