0.000000 298 70
0.040000 298 70
0.080000 298 70
0.120000 298 70
0.160000 298 70
0.200000 298 70
0.240000 298 70
0.280000 298 70
0.320000 298 70
0.360000 298 70
0.400000 298 70
0.440000 298 70
0.480000 298 70
0.520000 298 70
0.560000 298 70
0.600000 298 70
0.640000 298 70
0.680000 298 70
0.720000 298 70
0.760000 298 70
0.800000 298 70
0.840000 298 70
0.880000 298 70
0.920000 298 70
0.960000 298 70
1.000000 298 70
1.040000 298 70
1.080000 298 70
1.120000 298 70
1.160000 298 70
1.200000 298 70
1.240000 298 70
1.280000 298 70
1.320000 298 70
1.360000 296 68
1.400000 294 67
1.440000 294 67
1.480000 294 67
1.520000 294 67
1.560000 297 72
1.600000 295 68
1.640000 294 68
1.680000 294 69
1.720000 294 69
1.760000 293 70
1.800000 291 71
1.840000 288 75
1.880000 281 76
1.920000 272 76
1.960000 262 75
2.000000 251 72
2.040000 236 67
2.080000 223 66
2.120000 210 66
2.160000 199 66
2.200000 195 66
2.240000 194 63
2.280000 193 62
2.320000 190 62
2.360000 190 62
2.400000 190 62
2.440000 190 64
2.480000 194 65
2.520000 192 63
2.560000 190 62
2.600000 190 63
2.640000 190 65
2.680000 189 66
2.720000 185 67
2.760000 179 71
2.800000 170 72
2.840000 160 72
2.880000 148 70
2.920000 133 63
2.960000 121 65
3.000000 107 63
3.040000 96 65
3.080000 88 63
3.120000 85 62
3.160000 85 61
3.200000 84 61
3.240000 83 61
3.280000 83 61
3.320000 81 61
3.360000 86 65
3.400000 84 62
3.440000 84 61
3.480000 82 61
3.520000 82 61
3.560000 81 62
3.600000 81 64
3.640000 75 67
3.680000 70 70
3.720000 64 71
3.760000 54 71
3.800000 44 70
3.840000 34 67
3.880000 22 65
3.920000 11 66
3.960000 2 66
4.000000 2 65
4.040000 2 67
4.080000 25 64
4.120000 22 66
4.160000 22 66
4.200000 22 66
4.240000 22 66
4.280000 22 66
4.320000 22 66
4.360000 22 66
4.400000 22 66
4.440000 22 66
4.480000 22 66
4.520000 22 66
4.560000 22 66
4.600000 22 66
