2.000000 320 109
2.040000 314 113
2.080000 310 111
2.120000 304 109
2.160000 301 109
2.200000 297 109
2.240000 293 111
2.280000 288 111
2.320000 284 112
2.360000 279 113
2.400000 276 113
2.440000 273 113
2.480000 272 113
2.520000 267 111
2.560000 263 109
2.600000 260 108
2.640000 256 108
2.680000 249 108
2.720000 245 109
2.760000 240 109
2.800000 235 111
2.840000 231 112
2.880000 226 112
2.920000 222 113
2.960000 220 110
3.000000 216 108
3.040000 210 108
3.080000 207 107
3.120000 202 107
3.160000 196 108
3.200000 192 108
3.240000 185 109
3.280000 180 108
3.320000 177 110
3.360000 174 113
3.400000 170 112
3.440000 167 111
3.480000 163 109
3.520000 158 108
3.560000 154 108
3.600000 148 108
3.640000 143 108
3.680000 138 108
3.720000 133 108
3.760000 131 111
3.800000 126 112
3.840000 121 113
3.880000 117 111
3.920000 112 108
3.960000 108 107
4.000000 105 106
4.040000 100 104
4.080000 94 106
4.120000 87 106
4.160000 82 107
4.200000 77 108
4.240000 75 109
4.280000 72 110
4.320000 69 111
4.360000 65 110
4.400000 62 110
4.440000 59 108
4.480000 55 108
4.520000 50 108
4.560000 46 108
4.600000 42 108
4.640000 38 108
4.680000 34 109
4.720000 30 109
4.760000 28 110
4.800000 23 110
4.840000 21 109
4.880000 18 108
4.920000 14 108
4.960000 11 107
5.000000 7 107
5.080000 2 109
