2.000000 300 57
2.040000 288 59
2.080000 308 61
2.120000 307 61
2.160000 308 61
2.200000 307 60
2.240000 305 60
2.280000 304 61
2.320000 297 61
2.360000 286 61
2.400000 272 63
2.440000 262 59
2.480000 265 57
2.520000 234 61
2.560000 264 56
2.600000 264 56
2.640000 264 56
2.680000 215 58
2.720000 262 54
2.760000 215 56
2.800000 214 56
2.840000 214 56
2.880000 215 56
2.920000 214 55
2.960000 216 57
3.000000 214 56
3.040000 214 56
3.080000 214 56
3.120000 215 56
3.160000 214 55
3.200000 212 54
3.240000 206 56
3.280000 196 57
3.320000 185 59
3.360000 167 56
3.400000 156 56
3.440000 141 57
3.480000 164 53
3.520000 164 52
3.560000 164 52
3.600000 114 58
3.640000 162 51
3.680000 114 56
3.720000 112 55
3.760000 112 55
3.800000 113 55
3.840000 116 55
3.880000 116 56
3.920000 112 55
3.960000 112 55
4.000000 112 54
4.040000 112 54
4.080000 112 54
4.120000 112 54
4.160000 63 56
4.200000 61 56
4.240000 90 56
4.280000 61 57
4.320000 61 57
4.360000 50 57
4.400000 63 53
4.440000 29 63
4.480000 64 52
4.520000 23 63
4.560000 22 61
4.600000 21 58
4.640000 21 57
4.680000 20 57
4.720000 21 57
4.760000 23 60
4.800000 24 56
4.840000 23 59
4.880000 21 57
4.920000 21 56
4.960000 21 56
5.000000 21 56
5.080000 19 56
