2.000000 313 64
2.040000 301 62
2.080000 320 62
2.120000 316 63
2.160000 316 63
2.200000 316 65
2.240000 314 67
2.280000 311 71
2.320000 304 72
2.360000 295 71
2.400000 284 70
2.440000 271 61
2.480000 277 56
2.520000 247 58
2.560000 278 56
2.600000 277 57
2.640000 277 61
2.680000 229 56
2.720000 272 65
2.760000 227 56
2.800000 228 56
2.840000 227 56
2.880000 227 56
2.920000 231 57
2.960000 228 56
3.000000 229 56
3.040000 228 56
3.080000 227 56
3.120000 227 58
3.160000 225 62
3.200000 221 66
3.240000 215 68
3.280000 205 67
3.320000 195 67
3.360000 184 61
3.400000 167 59
3.440000 153 57
3.480000 179 54
3.520000 179 55
3.560000 179 56
3.600000 127 55
3.640000 173 59
3.680000 127 54
3.720000 127 54
3.760000 127 54
3.800000 127 56
3.840000 129 55
3.880000 127 56
3.920000 127 55
3.960000 127 55
4.000000 127 55
4.040000 127 56
4.080000 125 58
4.120000 120 62
4.160000 76 53
4.200000 76 53
4.240000 98 66
4.280000 78 55
4.320000 78 57
4.360000 60 59
4.400000 76 52
4.440000 40 58
4.480000 75 54
4.520000 34 57
4.560000 33 56
4.600000 33 56
4.640000 32 56
4.680000 32 56
4.720000 31 56
4.760000 38 63
4.800000 33 56
4.840000 32 56
4.880000 32 56
4.920000 32 56
4.960000 32 56
5.000000 31 56
5.080000 28 65
