2.000000 314 111
2.040000 312 113
2.080000 308 111
2.120000 303 110
2.160000 299 109
2.200000 294 109
2.240000 289 112
2.280000 285 112
2.320000 282 113
2.360000 277 113
2.400000 273 113
2.440000 271 113
2.480000 273 113
2.520000 264 111
2.560000 263 110
2.600000 260 109
2.640000 257 108
2.680000 246 109
2.720000 245 109
2.760000 237 109
2.800000 231 111
2.840000 229 113
2.880000 225 112
2.920000 221 113
2.960000 218 110
3.000000 215 108
3.040000 210 108
3.080000 206 108
3.120000 203 107
3.160000 198 108
3.200000 191 109
3.240000 184 109
3.280000 179 109
3.320000 175 111
3.360000 177 113
3.400000 170 112
3.440000 165 112
3.480000 166 110
3.520000 163 108
3.560000 158 108
3.600000 147 108
3.640000 145 109
3.680000 141 109
3.720000 134 108
3.760000 132 111
3.800000 128 113
3.840000 123 113
3.880000 119 112
3.920000 116 109
3.960000 111 108
4.000000 105 106
4.040000 103 104
4.080000 96 106
4.120000 90 106
4.160000 81 107
4.200000 77 108
4.240000 76 109
4.280000 75 111
4.320000 71 112
4.360000 66 111
4.400000 64 110
4.440000 60 108
4.480000 58 108
4.520000 54 108
4.560000 49 108
4.600000 44 108
4.640000 41 108
4.680000 38 109
4.720000 34 109
4.760000 31 111
4.800000 28 111
4.840000 24 110
4.880000 22 108
4.920000 18 108
4.960000 15 108
5.000000 12 107
5.080000 2 110
