2.000000 308 90
2.040000 303 91
2.080000 314 87
2.120000 310 87
2.160000 309 87
2.200000 303 87
2.240000 294 87
2.280000 288 87
2.320000 281 87
2.360000 273 87
2.400000 268 89
2.440000 262 92
2.480000 274 87
2.520000 252 89
2.560000 272 85
2.600000 268 83
2.640000 263 85
2.680000 236 84
2.720000 251 83
2.760000 229 86
2.800000 226 85
2.840000 225 85
2.880000 225 87
2.920000 223 87
2.960000 223 86
3.000000 221 84
3.040000 220 82
3.080000 216 82
3.120000 212 83
3.160000 205 83
3.200000 195 85
3.240000 186 84
3.280000 179 83
3.320000 171 86
3.360000 173 86
3.400000 158 90
3.440000 153 88
3.480000 169 82
3.520000 168 82
3.560000 163 82
3.600000 136 83
3.640000 149 82
3.680000 128 83
3.720000 126 83
3.760000 125 83
3.800000 122 87
3.840000 122 86
3.880000 121 85
3.920000 120 82
3.960000 118 82
4.000000 116 82
4.040000 112 82
4.080000 106 82
4.120000 96 83
4.160000 75 82
4.200000 75 83
4.240000 71 84
4.280000 70 86
4.320000 67 87
4.360000 55 87
4.400000 67 82
4.440000 49 85
4.480000 62 82
4.520000 40 84
4.560000 38 84
4.600000 34 85
4.640000 32 83
4.680000 31 83
4.720000 29 83
4.760000 27 87
4.800000 27 86
4.840000 27 85
4.880000 26 83
4.920000 23 83
4.960000 23 83
5.000000 19 83
5.080000 7 87
