0.000000 309 118
0.040000 309 118
0.080000 309 118
0.120000 309 118
0.160000 309 118
0.200000 309 118
0.240000 309 118
0.280000 309 118
0.320000 309 118
0.360000 309 118
0.400000 309 118
0.440000 309 118
0.480000 309 118
0.520000 309 118
0.560000 309 118
0.600000 309 118
0.640000 309 118
0.680000 309 118
0.720000 309 118
0.760000 309 118
0.800000 309 118
0.840000 309 118
0.880000 309 118
0.920000 309 118
0.960000 309 118
1.000000 309 118
1.040000 309 118
1.080000 309 118
1.120000 309 118
1.160000 309 118
1.200000 309 118
1.240000 309 118
1.280000 309 118
1.320000 309 118
1.360000 309 118
1.400000 309 118
1.440000 309 118
1.480000 309 118
1.520000 309 118
1.560000 309 118
1.600000 309 118
1.640000 299 119
1.680000 292 122
1.720000 282 120
1.760000 275 121
1.800000 268 122
1.840000 263 121
1.880000 262 120
1.920000 262 119
1.960000 260 117
2.000000 262 116
2.040000 262 114
2.080000 262 114
2.120000 263 113
2.160000 263 113
2.200000 262 113
2.240000 258 113
2.280000 253 113
2.320000 247 109
2.360000 241 109
2.400000 231 113
2.440000 220 111
2.480000 209 113
2.520000 199 116
2.560000 188 118
2.600000 177 118
2.640000 164 118
2.680000 158 119
2.720000 153 120
2.760000 147 119
2.800000 143 118
2.840000 138 115
2.880000 138 113
2.920000 138 113
2.960000 139 113
3.000000 142 117
3.040000 142 115
3.080000 140 113
3.120000 141 109
3.160000 139 109
3.200000 136 113
3.240000 132 112
3.280000 125 111
3.320000 116 113
3.360000 107 109
3.400000 96 111
3.440000 86 113
3.480000 72 111
3.520000 64 116
3.560000 54 118
3.600000 44 119
3.640000 36 119
3.680000 32 119
3.720000 28 120
3.760000 23 119
3.800000 23 119
3.840000 19 114
3.880000 22 113
3.920000 23 113
3.960000 22 111
4.000000 23 113
4.040000 23 113
4.080000 23 111
4.120000 23 108
4.160000 21 108
4.200000 17 111
4.240000 12 111
4.280000 12 111
4.320000 12 111
4.360000 12 111
4.400000 12 111
4.440000 12 111
4.480000 12 111
4.520000 12 111
4.560000 12 111
4.600000 12 111
4.640000 12 111
4.680000 12 111
4.720000 12 111
4.760000 12 111
4.800000 12 111
4.840000 12 111
4.880000 12 111
4.920000 12 111
4.960000 12 111
5.000000 12 111
5.040000 12 111
5.080000 12 111
5.120000 12 111
5.160000 12 111
5.200000 12 111
5.240000 12 111
