0.000000 320 117
0.040000 320 117
0.080000 320 117
0.120000 320 117
0.160000 320 117
0.200000 320 117
0.240000 320 117
0.280000 320 117
0.320000 320 117
0.360000 320 117
0.400000 320 117
0.440000 320 117
0.480000 320 117
0.520000 320 117
0.560000 320 117
0.600000 320 117
0.640000 320 117
0.680000 320 117
0.720000 320 117
0.760000 320 117
0.800000 320 117
0.840000 320 117
0.880000 320 117
0.920000 320 117
0.960000 320 117
1.000000 320 117
1.040000 320 117
1.080000 320 117
1.120000 320 117
1.160000 320 117
1.200000 320 117
1.240000 320 117
1.280000 320 117
1.320000 320 117
1.360000 320 117
1.400000 320 117
1.440000 320 117
1.480000 320 117
1.520000 314 119
1.560000 309 119
1.600000 305 120
1.640000 301 119
1.680000 298 119
1.720000 293 117
1.760000 288 114
1.800000 283 113
1.840000 277 114
1.880000 272 115
1.920000 268 117
1.960000 264 118
2.000000 261 119
2.040000 257 118
2.080000 252 117
2.120000 249 117
2.160000 245 118
2.200000 241 117
2.240000 236 117
2.280000 231 116
2.320000 225 115
2.360000 220 117
2.400000 215 117
2.440000 206 117
2.480000 203 118
2.520000 199 119
2.560000 194 118
2.600000 190 117
2.640000 184 114
2.680000 179 113
2.720000 174 113
2.760000 168 113
2.800000 163 113
2.840000 157 113
2.880000 153 116
2.920000 151 117
2.960000 147 118
3.000000 143 119
3.040000 138 118
3.080000 133 114
3.120000 129 113
3.160000 127 113
3.200000 122 113
3.240000 118 113
3.280000 112 113
3.320000 105 113
3.360000 98 114
3.400000 91 115
3.440000 86 117
3.480000 84 117
3.520000 81 117
3.560000 77 116
3.600000 73 115
3.640000 66 113
3.680000 64 113
3.720000 59 113
3.760000 55 113
3.800000 49 113
3.840000 45 113
3.880000 43 116
3.920000 40 118
3.960000 37 118
4.000000 33 118
4.040000 29 119
4.080000 25 117
4.120000 23 114
4.160000 12 113
4.200000 9 114
4.240000 7 114
4.280000 4 114
4.320000 2 114
4.360000 2 114
4.400000 2 114
4.440000 2 114
4.480000 2 114
4.520000 2 114
4.560000 2 114
4.600000 2 114
4.640000 2 114
4.680000 2 114
4.720000 2 114
4.760000 2 114
4.800000 2 114
4.840000 2 114
4.880000 2 114
4.920000 2 114
4.960000 2 114
5.000000 2 114
5.040000 2 114
5.080000 2 114
5.120000 2 114
5.160000 2 114
5.200000 2 114
5.240000 2 114
