0.000000 320 95
0.040000 320 95
0.080000 320 95
0.120000 320 95
0.160000 320 95
0.200000 320 95
0.240000 320 95
0.280000 320 95
0.320000 320 95
0.360000 320 95
0.400000 320 95
0.440000 320 95
0.480000 320 95
0.520000 320 95
0.560000 320 95
0.600000 320 95
0.640000 320 95
0.680000 320 95
0.720000 320 95
0.760000 320 95
0.800000 320 95
0.840000 320 95
0.880000 320 95
0.920000 320 95
0.960000 320 95
1.000000 320 95
1.040000 320 95
1.080000 320 95
1.120000 320 95
1.160000 320 95
1.200000 320 95
1.240000 320 95
1.280000 320 93
1.320000 314 93
1.360000 310 93
1.400000 307 92
1.440000 299 93
1.480000 292 92
1.520000 284 91
1.560000 277 92
1.600000 270 93
1.640000 263 96
1.680000 257 97
1.720000 277 91
1.760000 273 91
1.800000 246 92
1.840000 242 91
1.880000 236 91
1.920000 232 92
1.960000 244 87
2.000000 228 91
2.040000 226 91
2.080000 226 92
2.120000 223 93
2.160000 222 92
2.200000 221 90
2.240000 220 90
2.280000 216 89
2.320000 211 88
2.360000 205 88
2.400000 194 89
2.440000 184 88
2.480000 175 88
2.520000 168 91
2.560000 159 93
2.600000 153 93
2.640000 148 93
2.680000 144 93
2.720000 142 90
2.760000 164 87
2.800000 132 87
2.840000 149 86
2.880000 125 89
2.920000 122 87
2.960000 121 87
3.000000 118 89
3.040000 118 89
3.080000 117 88
3.120000 91 91
3.160000 112 87
3.200000 110 87
3.240000 106 87
3.280000 99 86
3.320000 90 86
3.360000 79 87
3.400000 71 87
3.440000 65 87
3.480000 65 88
3.520000 64 88
3.560000 45 93
3.600000 60 87
3.640000 59 85
3.680000 38 89
3.720000 33 89
3.760000 43 86
3.800000 27 87
3.840000 25 87
3.880000 24 87
3.920000 23 90
3.960000 22 90
4.000000 21 89
4.040000 18 89
4.080000 18 87
4.120000 12 88
4.160000 9 88
4.200000 7 88
4.240000 4 88
4.280000 2 87
4.320000 2 87
4.360000 2 87
4.400000 2 87
4.440000 2 87
4.480000 2 87
4.520000 2 87
