0.000000 314 159
0.040000 314 159
0.080000 314 159
0.120000 314 159
0.160000 314 159
0.200000 314 159
0.240000 314 159
0.280000 314 159
0.320000 314 159
0.360000 314 159
0.400000 314 159
0.440000 314 159
0.480000 314 159
0.520000 314 159
0.560000 314 159
0.600000 314 159
0.640000 314 159
0.680000 314 159
0.720000 314 159
0.760000 314 159
0.800000 314 159
0.840000 314 159
0.880000 314 159
0.920000 314 159
0.960000 314 159
1.000000 314 159
1.040000 314 159
1.080000 314 159
1.120000 314 159
1.160000 314 159
1.200000 314 159
1.240000 314 159
1.280000 310 155
1.320000 305 154
1.360000 302 154
1.400000 298 154
1.440000 294 153
1.480000 290 154
1.520000 287 154
1.560000 283 155
1.600000 279 156
1.640000 275 155
1.680000 271 155
1.720000 268 154
1.760000 263 154
1.800000 258 154
1.840000 255 152
1.880000 249 152
1.920000 245 154
1.960000 241 155
2.000000 236 155
2.040000 231 155
2.080000 227 155
2.120000 223 155
2.160000 219 155
2.200000 215 154
2.240000 210 154
2.280000 205 153
2.320000 200 152
2.360000 195 152
2.400000 191 153
2.440000 186 154
2.480000 182 154
2.520000 177 155
2.560000 173 155
2.600000 168 155
2.640000 163 154
2.680000 158 154
2.720000 153 154
2.760000 151 154
2.800000 144 152
2.840000 141 154
2.880000 137 154
2.920000 133 155
2.960000 129 155
3.000000 122 155
3.040000 118 155
3.080000 112 154
3.120000 107 153
3.160000 103 152
3.200000 99 151
3.240000 94 150
3.280000 91 151
3.320000 85 151
3.360000 82 152
3.400000 80 154
3.440000 72 155
3.480000 69 155
3.520000 68 155
3.560000 64 154
3.600000 60 152
3.640000 55 150
3.680000 53 149
3.720000 48 149
3.760000 44 149
3.800000 39 150
3.840000 36 150
3.880000 33 150
3.920000 29 150
3.960000 24 152
4.000000 22 152
4.040000 18 151
4.080000 13 151
4.120000 13 151
4.160000 13 151
4.200000 13 151
4.240000 13 151
4.280000 13 151
4.320000 13 151
4.360000 13 151
4.400000 13 151
4.440000 13 151
4.480000 13 151
4.520000 13 151
