1.640000 284 58
1.680000 284 57
1.720000 284 57
1.760000 284 57
1.800000 285 56
1.840000 284 57
1.880000 283 58
1.920000 283 56
1.960000 285 56
2.000000 284 56
2.040000 284 56
2.080000 284 56
2.120000 284 56
2.160000 282 56
2.200000 277 59
2.240000 268 59
2.280000 258 61
2.320000 237 58
2.360000 226 54
2.400000 210 56
2.440000 195 56
2.480000 184 61
2.520000 174 64
2.560000 173 57
2.600000 170 54
2.640000 169 53
2.680000 169 52
2.720000 169 52
2.760000 168 52
2.800000 169 52
2.840000 169 51
2.880000 168 52
2.920000 170 52
2.960000 173 51
3.000000 170 51
3.040000 171 51
3.080000 171 51
3.120000 169 52
3.160000 163 56
3.200000 153 56
3.240000 142 56
3.280000 125 56
3.320000 112 54
3.360000 96 52
3.400000 81 54
3.440000 73 61
3.480000 64 62
3.520000 62 65
3.560000 54 54
3.600000 53 54
3.640000 52 54
3.680000 52 52
3.720000 53 53
3.760000 54 54
3.800000 57 54
3.840000 53 55
3.880000 55 54
3.920000 54 53
3.960000 54 53
4.000000 54 52
4.040000 54 51
4.080000 52 52
4.120000 49 52
4.160000 43 55
4.200000 32 56
4.280000 11 54
4.400000 7 56
4.440000 16 56
