1.600000 295 128
1.640000 292 128
1.720000 320 122
1.760000 312 117
1.800000 308 122
1.840000 298 124
1.880000 292 123
1.920000 287 122
1.960000 276 123
2.000000 267 123
2.040000 262 124
2.080000 256 124
2.120000 251 123
2.160000 247 122
2.200000 246 122
2.240000 246 123
2.280000 242 124
2.320000 241 123
2.360000 240 124
2.400000 237 123
2.440000 235 122
2.480000 231 119
2.520000 226 119
2.560000 221 117
2.600000 217 115
2.640000 210 114
2.680000 205 115
2.720000 195 115
2.760000 189 118
2.800000 179 120
2.840000 173 123
2.880000 160 120
2.920000 151 122
2.960000 143 122
3.000000 137 122
3.040000 131 122
3.080000 125 122
3.120000 120 119
3.160000 116 119
3.200000 116 119
3.240000 112 120
3.280000 111 123
3.320000 108 119
3.360000 107 119
3.400000 105 119
3.440000 103 119
3.480000 101 118
3.520000 95 119
3.560000 91 117
3.600000 85 117
3.640000 79 115
3.680000 69 118
3.720000 62 117
3.760000 59 122
3.800000 47 119
3.840000 38 119
3.880000 30 120
3.920000 23 122
3.960000 18 121
4.000000 12 121
4.040000 8 120
4.120000 2 119
4.160000 30 119
4.200000 23 119
4.240000 2 123
4.280000 2 126
