1.600000 320 161
1.640000 320 161
1.680000 314 160
1.720000 309 160
1.760000 305 161
1.800000 302 163
1.840000 298 164
1.880000 294 165
1.920000 288 165
1.960000 284 165
2.000000 280 163
2.040000 275 163
2.080000 270 163
2.120000 265 163
2.160000 260 163
2.200000 256 164
2.240000 251 165
2.280000 246 165
2.320000 242 166
2.360000 236 166
2.400000 231 166
2.440000 227 165
2.480000 221 165
2.520000 217 164
2.560000 212 163
2.600000 206 162
2.640000 201 161
2.680000 196 162
2.720000 190 164
2.760000 185 165
2.800000 181 165
2.840000 177 167
2.880000 171 167
2.920000 166 166
2.960000 160 165
3.000000 156 165
3.040000 150 164
3.080000 144 163
3.120000 139 162
3.160000 134 163
3.200000 129 164
3.240000 125 165
3.280000 121 165
3.320000 116 166
3.360000 111 165
3.400000 106 165
3.440000 101 165
3.480000 96 164
3.520000 91 163
3.560000 86 161
3.600000 80 161
3.640000 75 161
3.680000 70 162
3.720000 66 163
3.760000 60 163
3.800000 57 164
3.840000 53 164
3.880000 49 163
3.920000 44 161
3.960000 39 160
4.000000 34 160
4.040000 31 159
4.080000 27 159
4.120000 23 159
4.160000 18 159
4.200000 14 159
4.240000 12 160
4.280000 7 161
4.320000 2 161
4.360000 2 161
