0.000000 320 119
0.040000 320 119
0.080000 320 119
0.120000 320 119
0.160000 320 119
0.200000 320 119
0.240000 320 119
0.280000 320 119
0.320000 320 119
0.360000 320 119
0.400000 320 119
0.440000 320 119
0.480000 320 119
0.520000 320 119
0.560000 320 119
0.600000 320 119
0.640000 320 119
0.680000 320 119
0.720000 320 119
0.760000 320 119
0.800000 320 119
0.840000 320 119
0.880000 320 119
0.920000 320 119
0.960000 320 119
1.000000 320 119
1.040000 320 119
1.080000 320 119
1.120000 320 119
1.160000 320 119
1.200000 320 119
1.240000 320 119
1.280000 320 119
1.320000 320 119
1.360000 320 119
1.400000 320 119
1.440000 320 119
1.480000 320 119
1.520000 320 119
1.560000 320 119
1.600000 320 119
1.640000 320 119
1.680000 320 119
1.720000 320 119
1.760000 320 119
1.800000 320 119
1.840000 320 119
1.880000 320 119
1.920000 320 119
1.960000 320 119
2.000000 320 119
2.040000 320 119
2.080000 320 119
2.120000 320 119
2.160000 314 119
2.200000 312 119
2.240000 307 119
2.280000 304 119
2.320000 299 120
2.360000 296 120
2.400000 294 120
2.440000 289 120
2.480000 288 119
2.520000 283 119
2.560000 281 118
2.600000 277 118
2.640000 272 118
2.680000 268 119
2.720000 262 119
2.760000 258 119
2.800000 253 118
2.840000 252 119
2.880000 248 119
2.920000 245 118
2.960000 241 119
3.000000 237 118
3.040000 233 117
3.080000 230 117
3.120000 225 117
3.160000 220 117
3.200000 214 117
3.240000 209 118
3.280000 205 118
3.320000 203 118
3.360000 196 119
3.400000 193 120
3.440000 189 119
3.480000 184 119
3.520000 182 119
3.560000 178 118
3.600000 173 117
3.640000 168 116
3.680000 163 115
3.720000 157 117
3.760000 152 117
3.800000 147 117
3.840000 144 118
3.880000 142 118
3.920000 138 119
3.960000 133 118
4.000000 129 117
4.040000 127 117
4.080000 122 117
4.120000 118 116
4.160000 112 115
4.200000 107 117
4.240000 103 117
4.280000 97 117
4.320000 95 118
4.360000 92 118
4.400000 90 119
4.440000 85 119
4.480000 81 119
4.520000 76 118
4.560000 70 117
4.600000 68 114
4.640000 64 113
4.680000 59 114
4.720000 52 115
4.760000 49 117
4.800000 47 117
4.840000 44 116
4.880000 40 117
4.920000 38 117
4.960000 34 117
5.000000 31 117
5.040000 28 116
5.080000 25 115
5.120000 23 115
5.160000 18 115
5.200000 14 117
5.240000 7 115
5.280000 5 116
5.320000 4 116
5.360000 3 117
5.400000 2 117
5.440000 2 117
5.480000 2 117
5.520000 2 117
5.560000 2 117
5.600000 2 117
5.640000 2 117
5.680000 2 117
5.720000 2 117
5.760000 2 117
5.800000 2 117
5.840000 2 117
5.880000 2 117
5.920000 2 117
5.960000 2 117
6.000000 2 117
6.040000 2 117
6.080000 2 117
6.120000 2 117
