0.000000 306 65
0.040000 306 65
0.080000 306 65
0.120000 306 65
0.160000 306 65
0.200000 306 65
0.240000 306 65
0.280000 306 65
0.320000 306 65
0.360000 306 65
0.400000 306 65
0.440000 306 65
0.480000 306 65
0.520000 306 65
0.560000 306 65
0.600000 306 65
0.640000 306 65
0.680000 306 65
0.720000 306 65
0.760000 306 65
0.800000 306 65
0.840000 306 65
0.880000 306 65
0.920000 306 65
0.960000 306 65
1.000000 306 65
1.040000 306 65
1.080000 306 65
1.120000 306 65
1.160000 306 65
1.200000 306 65
1.240000 306 65
1.280000 306 65
1.320000 306 65
1.360000 306 65
1.400000 306 65
1.440000 306 65
1.480000 306 65
1.520000 306 65
1.560000 306 65
1.600000 306 65
1.640000 306 65
1.680000 306 65
1.720000 306 65
1.760000 306 65
1.800000 306 65
1.840000 306 65
1.880000 306 65
1.920000 306 65
1.960000 306 65
2.000000 297 63
2.040000 292 64
2.080000 289 67
2.120000 320 67
2.160000 320 70
2.200000 320 71
2.240000 311 74
2.280000 304 75
2.320000 295 74
2.360000 288 71
2.400000 275 66
2.440000 286 61
2.480000 255 64
2.520000 246 62
2.560000 240 64
2.600000 237 62
2.640000 283 63
2.680000 279 66
2.720000 233 60
2.760000 233 60
2.800000 257 70
2.840000 234 61
2.880000 234 65
2.920000 228 61
2.960000 234 61
3.000000 234 61
3.040000 234 61
3.080000 233 61
3.120000 231 63
3.160000 230 63
3.200000 225 67
3.240000 219 70
3.280000 210 71
3.320000 200 70
3.360000 190 68
3.400000 177 61
3.440000 164 62
3.480000 153 61
3.520000 143 61
3.560000 136 61
3.600000 132 61
3.640000 130 59
3.680000 175 61
3.720000 127 57
3.760000 127 56
3.800000 127 56
3.840000 127 58
3.880000 131 63
3.920000 128 59
3.960000 127 59
4.000000 127 59
4.040000 127 58
4.080000 127 57
4.120000 126 60
4.160000 123 61
4.200000 75 56
4.240000 75 56
4.280000 105 70
4.320000 95 70
4.360000 86 67
4.400000 75 63
4.440000 65 63
4.480000 52 61
4.520000 43 62
4.560000 37 64
4.600000 34 65
4.640000 32 61
4.680000 31 61
4.720000 29 61
4.760000 29 60
4.800000 29 60
4.840000 38 67
4.880000 30 65
4.920000 29 61
4.960000 29 61
5.000000 29 61
5.040000 29 61
5.080000 29 61
5.120000 29 61
5.160000 27 63
5.200000 27 63
5.240000 27 63
5.280000 27 63
5.320000 27 63
5.360000 27 63
5.400000 27 63
5.440000 27 63
5.480000 27 63
5.520000 27 63
5.560000 27 63
5.600000 27 63
5.640000 27 63
