0.000000 308 61
0.040000 308 61
0.080000 308 61
0.120000 308 61
0.160000 308 61
0.200000 308 61
0.240000 308 61
0.280000 308 61
0.320000 308 61
0.360000 308 61
0.400000 308 61
0.440000 308 61
0.480000 308 61
0.520000 308 61
0.560000 308 61
0.600000 308 61
0.640000 308 61
0.680000 308 61
0.720000 308 61
0.760000 308 61
0.800000 308 61
0.840000 308 61
0.880000 308 61
0.920000 308 61
0.960000 308 61
1.000000 308 61
1.040000 308 61
1.080000 308 61
1.120000 308 61
1.160000 308 61
1.200000 308 61
1.240000 308 61
1.280000 308 61
1.320000 308 61
1.360000 308 61
1.400000 308 61
1.440000 308 61
1.480000 308 61
1.520000 308 61
1.560000 308 61
1.600000 308 61
1.640000 308 61
1.680000 308 61
1.720000 308 61
1.760000 308 61
1.800000 308 61
1.840000 308 61
1.880000 308 61
1.920000 308 61
1.960000 308 61
2.000000 298 59
2.040000 292 60
2.080000 285 61
2.120000 320 66
2.160000 320 67
2.200000 320 70
2.240000 314 76
2.280000 309 76
2.320000 299 74
2.360000 293 71
2.400000 277 63
2.440000 288 58
2.480000 257 60
2.520000 246 57
2.560000 240 59
2.600000 240 56
2.640000 287 61
2.680000 284 66
2.720000 236 56
2.760000 236 56
2.800000 262 70
2.840000 237 58
2.880000 238 62
2.920000 238 59
2.960000 236 57
3.000000 236 57
3.040000 236 57
3.080000 236 59
3.120000 236 61
3.160000 233 61
3.200000 230 67
3.240000 224 71
3.280000 216 71
3.320000 205 71
3.360000 195 67
3.400000 179 59
3.440000 169 60
3.480000 155 56
3.520000 144 56
3.560000 136 56
3.600000 133 56
3.640000 132 55
3.680000 180 61
3.720000 131 55
3.760000 132 54
3.800000 132 54
3.840000 131 56
3.880000 137 61
3.920000 132 56
3.960000 132 55
4.000000 132 56
4.040000 132 55
4.080000 131 56
4.120000 132 57
4.160000 127 60
4.200000 79 52
4.240000 80 52
4.280000 110 71
4.320000 101 70
4.360000 90 67
4.400000 79 61
4.440000 66 61
4.480000 54 57
4.520000 44 58
4.560000 38 59
4.600000 34 60
4.640000 33 57
4.680000 33 56
4.720000 33 56
4.760000 33 56
4.800000 31 56
4.840000 44 67
4.880000 36 63
4.920000 33 57
4.960000 32 57
5.000000 32 57
5.040000 32 57
5.080000 32 57
5.120000 32 58
5.160000 32 61
5.200000 32 61
5.240000 32 61
5.280000 32 61
5.320000 32 61
5.360000 32 61
5.400000 32 61
5.440000 32 61
5.480000 32 61
5.520000 32 61
5.560000 32 61
5.600000 32 61
5.640000 32 61
