0.000000 303 123
0.040000 303 123
0.080000 303 123
0.120000 303 123
0.160000 303 123
0.200000 303 123
0.240000 303 123
0.280000 303 123
0.320000 303 123
0.360000 303 123
0.400000 303 123
0.440000 303 123
0.480000 303 123
0.520000 303 123
0.560000 303 123
0.600000 303 123
0.640000 303 123
0.680000 303 123
0.720000 303 123
0.760000 303 123
0.800000 303 123
0.840000 303 123
0.880000 303 123
0.920000 303 123
0.960000 303 123
1.000000 303 123
1.040000 303 123
1.080000 303 123
1.120000 303 123
1.160000 303 123
1.200000 303 123
1.240000 303 123
1.280000 303 123
1.320000 303 123
1.360000 303 123
1.400000 303 123
1.440000 303 123
1.480000 303 123
1.520000 303 123
1.560000 303 123
1.600000 303 123
1.640000 303 123
1.680000 303 123
1.720000 303 123
1.760000 303 123
1.800000 303 123
1.840000 303 123
1.880000 303 123
1.920000 303 123
1.960000 303 123
2.000000 303 123
2.040000 299 123
2.080000 294 123
2.120000 292 122
2.160000 289 122
2.200000 288 120
2.240000 283 120
2.280000 281 121
2.320000 279 122
2.360000 276 123
2.400000 273 123
2.440000 270 122
2.480000 264 121
2.520000 260 121
2.560000 256 121
2.600000 252 121
2.640000 249 121
2.680000 245 121
2.720000 241 121
2.760000 238 121
2.800000 234 121
2.840000 230 121
2.880000 227 121
2.920000 223 121
2.960000 219 121
3.000000 210 121
3.040000 205 122
3.080000 199 120
3.120000 195 122
3.160000 189 118
3.200000 185 118
3.240000 182 118
3.280000 179 118
3.320000 176 118
3.360000 173 118
3.400000 170 118
3.440000 167 118
3.480000 160 118
3.520000 151 119
3.560000 148 118
3.600000 146 116
3.640000 153 118
3.680000 148 117
3.720000 138 115
3.760000 135 116
3.800000 133 116
3.840000 131 117
3.880000 129 117
3.920000 126 117
3.960000 124 118
4.000000 122 118
4.040000 97 119
4.080000 94 119
4.120000 84 118
4.160000 82 117
4.200000 80 116
4.240000 72 116
4.280000 69 117
4.320000 66 117
4.360000 64 117
4.400000 54 118
4.440000 55 118
4.480000 57 118
4.520000 58 118
4.560000 60 118
4.600000 59 116
4.640000 55 113
4.680000 53 115
4.720000 49 115
4.760000 45 114
4.800000 40 115
4.840000 34 113
4.880000 34 113
4.920000 34 113
4.960000 34 113
5.000000 34 113
5.040000 34 113
5.080000 34 113
5.120000 34 113
5.160000 34 113
5.200000 34 113
5.240000 34 113
5.280000 34 113
5.320000 34 113
5.360000 34 113
5.400000 34 113
5.440000 34 113
5.480000 34 113
5.520000 34 113
5.560000 34 113
5.600000 34 113
5.640000 34 113
