2.160000 320 61
2.200000 320 68
2.240000 320 68
2.280000 308 65
2.320000 294 63
2.360000 276 65
2.400000 266 61
2.440000 250 61
2.480000 235 65
2.520000 225 67
2.560000 220 67
2.600000 215 63
2.640000 214 60
2.680000 214 59
2.720000 214 58
2.760000 214 59
2.800000 213 59
2.840000 212 58
2.880000 212 58
2.920000 211 59
2.960000 214 58
3.000000 213 58
3.040000 214 57
3.080000 212 57
3.120000 212 57
3.160000 209 59
3.200000 199 61
3.240000 185 61
3.280000 168 61
3.320000 152 58
3.360000 136 57
3.400000 120 59
3.440000 106 63
3.480000 95 67
3.520000 90 65
3.560000 89 61
3.600000 88 58
3.640000 88 58
3.680000 88 58
3.720000 88 58
3.760000 88 57
3.800000 88 56
3.840000 86 57
3.880000 88 57
3.920000 88 56
3.960000 88 56
4.000000 88 56
4.040000 87 56
4.080000 88 56
4.120000 83 61
4.160000 75 61
4.200000 64 61
4.240000 49 58
4.280000 34 58
4.320000 19 58
4.360000 8 61
4.400000 7 62
4.440000 2 59
4.680000 18 66
