0.000000 320 128
0.040000 320 128
0.080000 320 128
0.120000 320 128
0.160000 320 128
0.200000 320 128
0.240000 320 128
0.280000 320 128
0.320000 320 128
0.360000 320 128
0.400000 320 128
0.440000 320 128
0.480000 320 128
0.520000 320 128
0.560000 320 128
0.600000 320 128
0.640000 320 128
0.680000 320 128
0.720000 320 128
0.760000 320 128
0.800000 320 128
0.840000 320 128
0.880000 320 128
0.920000 320 128
0.960000 320 128
1.000000 320 128
1.040000 320 128
1.080000 320 128
1.120000 320 128
1.160000 320 128
1.200000 320 128
1.240000 320 128
1.280000 320 128
1.320000 320 128
1.360000 320 128
1.400000 320 128
1.440000 315 126
1.480000 311 123
1.520000 307 123
1.560000 303 122
1.600000 296 122
1.640000 289 122
1.680000 284 122
1.720000 279 123
1.760000 275 124
1.800000 271 128
1.840000 267 128
1.880000 262 128
1.920000 257 126
1.960000 253 124
2.000000 249 124
2.040000 242 122
2.080000 236 121
2.120000 229 120
2.160000 221 122
2.200000 215 123
2.240000 210 124
2.280000 205 125
2.320000 199 125
2.360000 194 124
2.400000 190 124
2.440000 184 123
2.480000 179 122
2.520000 173 121
2.560000 165 119
2.600000 158 119
2.640000 153 121
2.680000 148 123
2.720000 143 124
2.760000 139 126
2.800000 134 127
2.840000 130 124
2.880000 126 124
2.920000 121 124
2.960000 114 122
3.000000 107 122
3.040000 101 121
3.080000 95 122
3.120000 90 123
3.160000 84 123
3.200000 80 124
3.240000 73 124
3.280000 69 124
3.320000 64 124
3.360000 61 123
3.400000 58 123
3.440000 53 122
3.480000 47 121
3.520000 40 120
3.560000 36 122
3.600000 31 122
3.640000 26 124
3.680000 23 124
3.720000 18 125
3.760000 14 125
3.800000 7 123
3.840000 5 123
3.880000 4 123
3.920000 3 123
3.960000 2 124
4.000000 2 124
4.040000 2 124
4.080000 2 124
4.120000 2 124
4.160000 2 124
4.200000 2 124
4.240000 2 124
4.280000 2 124
4.320000 2 124
4.360000 2 124
4.400000 2 124
4.440000 2 124
4.480000 2 124
4.520000 2 124
4.560000 2 124
4.600000 2 124
4.640000 2 124
4.680000 2 124
4.720000 2 124
