0.000000 310 148
0.040000 310 148
0.080000 310 148
0.120000 310 148
0.160000 310 148
0.200000 310 148
0.240000 310 148
0.280000 310 148
0.320000 310 148
0.360000 310 148
0.400000 310 148
0.440000 310 148
0.480000 310 148
0.520000 310 148
0.560000 310 148
0.600000 310 148
0.640000 310 148
0.680000 310 148
0.720000 310 148
0.760000 310 148
0.800000 310 148
0.840000 310 148
0.880000 310 148
0.920000 310 148
0.960000 310 148
1.000000 310 148
1.040000 310 148
1.080000 310 148
1.120000 310 148
1.160000 310 148
1.200000 310 148
1.240000 310 148
1.280000 310 148
1.320000 310 148
1.360000 310 148
1.400000 310 148
1.440000 310 145
1.480000 308 143
1.520000 303 142
1.560000 297 141
1.600000 292 143
1.640000 286 141
1.680000 282 142
1.720000 275 144
1.760000 273 144
1.800000 267 145
1.840000 262 143
1.880000 257 145
1.920000 251 145
1.960000 247 145
2.000000 238 144
2.040000 232 143
2.080000 226 143
2.120000 221 143
2.160000 216 142
2.200000 207 144
2.240000 203 144
2.280000 200 144
2.320000 196 144
2.360000 193 144
2.400000 185 144
2.440000 175 143
2.480000 171 143
2.520000 168 142
2.560000 165 142
2.600000 153 140
2.640000 148 141
2.680000 139 145
2.720000 137 145
2.760000 135 145
2.800000 134 144
2.840000 132 144
2.880000 121 143
2.920000 115 143
2.960000 108 142
3.000000 106 143
3.040000 97 140
3.080000 94 140
3.120000 90 144
3.160000 85 144
3.200000 80 143
3.240000 75 142
3.280000 61 141
3.320000 55 141
3.360000 68 144
3.400000 64 141
3.440000 60 140
3.480000 55 139
3.520000 49 139
3.560000 44 139
3.600000 39 139
3.640000 28 145
3.680000 23 145
3.720000 19 145
3.760000 15 145
3.800000 11 145
3.840000 12 145
3.880000 12 145
3.920000 12 145
3.960000 12 145
4.000000 12 145
4.040000 12 145
4.080000 12 145
4.120000 12 145
4.160000 12 145
4.200000 12 145
4.240000 12 145
4.280000 12 145
4.320000 12 145
4.360000 12 145
4.400000 12 145
4.440000 12 145
4.480000 12 145
4.520000 12 145
4.560000 12 145
4.600000 12 145
4.640000 12 145
4.680000 12 145
4.720000 12 145
