2.160000 320 61
2.240000 320 73
2.280000 317 76
2.320000 308 69
2.360000 299 65
2.400000 283 61
2.440000 268 58
2.480000 255 59
2.520000 247 59
2.560000 242 55
2.600000 242 54
2.640000 242 54
2.680000 242 53
2.720000 243 53
2.760000 243 54
2.800000 244 54
2.840000 244 56
2.880000 245 56
2.920000 245 56
2.960000 245 57
3.000000 244 59
3.040000 241 61
3.080000 234 66
3.120000 226 71
3.160000 216 72
3.200000 205 70
3.240000 194 67
3.280000 179 58
3.320000 168 57
3.360000 148 55
3.400000 132 55
3.440000 122 55
3.480000 118 52
3.520000 116 51
3.560000 117 50
3.600000 116 51
3.640000 116 51
3.680000 117 52
3.720000 117 53
3.760000 117 54
3.800000 117 55
3.840000 117 53
3.880000 117 55
3.920000 117 56
3.960000 116 60
4.000000 112 61
4.040000 103 67
4.080000 95 70
4.120000 82 71
4.160000 74 67
4.200000 60 61
4.240000 51 56
4.280000 35 56
4.320000 23 56
4.360000 12 56
4.400000 8 58
4.440000 6 56
4.520000 6 56
