1.880000 314 157
1.920000 314 155
1.960000 310 154
2.000000 305 154
2.040000 301 154
2.080000 298 153
2.120000 294 154
2.160000 289 154
2.200000 284 154
2.240000 282 154
2.280000 277 155
2.320000 273 155
2.360000 270 155
2.400000 266 155
2.440000 262 155
2.480000 257 155
2.520000 252 154
2.560000 247 154
2.600000 242 154
2.640000 237 154
2.680000 233 154
2.720000 230 155
2.760000 225 156
2.800000 220 157
2.840000 217 158
2.880000 212 156
2.920000 210 156
2.960000 205 155
3.000000 200 155
3.040000 195 154
3.080000 190 154
3.120000 184 154
3.160000 180 154
3.200000 176 155
3.240000 173 155
3.280000 168 156
3.320000 163 156
3.360000 158 156
3.400000 153 156
3.440000 149 155
3.480000 145 154
3.520000 140 154
3.560000 134 152
3.600000 129 153
3.640000 125 154
3.680000 121 154
3.720000 116 154
3.760000 112 154
3.800000 107 155
3.840000 105 154
3.880000 99 154
3.920000 95 154
3.960000 90 151
4.000000 86 150
4.040000 81 150
4.080000 76 150
4.120000 71 151
4.160000 70 153
4.200000 65 154
4.240000 60 154
4.280000 58 154
4.320000 54 154
4.360000 49 152
4.400000 44 150
4.440000 42 150
4.480000 36 150
4.520000 32 150
4.560000 28 150
4.600000 25 150
4.640000 20 150
4.680000 17 152
4.720000 13 150
4.760000 9 150
4.800000 7 151
4.880000 2 149
4.920000 2 169
