1.880000 310 120
1.920000 305 122
1.960000 303 121
2.000000 298 118
2.040000 294 118
2.080000 290 118
2.120000 286 117
2.160000 282 118
2.200000 277 119
2.240000 273 119
2.280000 269 120
2.320000 264 118
2.360000 263 119
2.400000 261 120
2.440000 256 119
2.480000 251 119
2.520000 247 118
2.560000 242 117
2.600000 237 118
2.640000 233 119
2.680000 227 119
2.720000 223 119
2.760000 220 119
2.800000 215 119
2.840000 210 120
2.880000 207 119
2.920000 205 119
2.960000 200 119
3.000000 196 119
3.040000 191 117
3.080000 186 117
3.120000 181 117
3.160000 176 118
3.200000 172 119
3.240000 167 118
3.280000 163 119
3.320000 159 118
3.360000 158 119
3.400000 153 119
3.440000 149 119
3.480000 145 119
3.520000 140 118
3.560000 135 118
3.600000 130 118
3.640000 125 119
3.680000 121 119
3.720000 116 119
3.760000 112 119
3.800000 108 118
3.840000 103 118
3.880000 101 117
3.920000 96 118
3.960000 92 115
4.000000 87 115
4.040000 84 115
4.080000 78 118
4.120000 72 118
4.160000 66 119
4.200000 64 118
4.240000 60 118
4.280000 56 118
4.320000 54 119
4.360000 50 119
4.400000 47 116
4.440000 43 113
4.480000 38 113
4.520000 34 114
4.560000 29 116
4.600000 25 116
4.640000 23 119
4.680000 19 119
4.720000 16 118
4.760000 12 117
4.800000 8 117
4.840000 1 117
4.880000 2 115
