0.000000 320 139
0.040000 320 139
0.080000 320 139
0.120000 320 139
0.160000 320 139
0.200000 320 139
0.240000 320 139
0.280000 320 139
0.320000 320 139
0.360000 320 139
0.400000 320 139
0.440000 320 139
0.480000 320 139
0.520000 320 139
0.560000 320 139
0.600000 320 139
0.640000 320 139
0.680000 320 139
0.720000 320 139
0.760000 320 139
0.800000 320 139
0.840000 320 139
0.880000 320 139
0.920000 320 139
0.960000 320 139
1.000000 320 139
1.040000 320 139
1.080000 320 139
1.120000 320 139
1.160000 320 139
1.200000 320 139
1.240000 320 139
1.280000 320 139
1.320000 320 139
1.360000 320 139
1.400000 320 139
1.440000 320 139
1.480000 320 139
1.520000 320 139
1.560000 320 139
1.600000 320 139
1.640000 320 139
1.680000 320 139
1.720000 320 139
1.760000 320 138
1.800000 314 139
1.840000 310 138
1.880000 307 137
1.920000 303 136
1.960000 299 137
2.000000 296 138
2.040000 293 137
2.080000 292 138
2.120000 290 138
2.160000 288 139
2.200000 288 139
2.240000 285 139
2.280000 283 139
2.320000 281 139
2.360000 277 139
2.400000 273 138
2.440000 268 137
2.480000 264 135
2.520000 258 135
2.560000 253 137
2.600000 247 137
2.640000 242 134
2.680000 236 136
2.720000 231 139
2.760000 225 139
2.800000 219 139
2.840000 212 139
2.880000 205 139
2.920000 201 139
2.960000 196 139
3.000000 193 138
3.040000 189 135
3.080000 184 136
3.120000 181 137
3.160000 179 139
3.200000 175 139
3.240000 173 139
3.280000 173 139
3.320000 173 139
3.360000 169 139
3.400000 167 139
3.440000 163 139
3.480000 159 138
3.520000 154 137
3.560000 149 134
3.600000 143 134
3.640000 138 133
3.680000 132 134
3.720000 127 134
3.760000 121 133
3.800000 112 135
3.840000 106 137
3.880000 100 138
3.920000 95 139
3.960000 89 139
4.000000 84 139
4.040000 80 137
4.080000 75 137
4.120000 71 135
4.160000 69 136
4.200000 65 136
4.240000 61 135
4.280000 59 135
4.320000 58 134
4.360000 55 135
4.400000 54 136
4.440000 51 137
4.480000 49 137
4.520000 49 137
4.560000 48 135
4.600000 44 135
4.640000 40 134
4.680000 36 133
4.720000 32 132
4.760000 27 132
4.800000 21 132
4.840000 15 133
4.880000 12 133
4.920000 1 138
4.960000 2 138
5.000000 4 137
5.040000 6 136
5.080000 8 135
5.120000 8 135
5.160000 6 138
5.200000 2 139
5.240000 2 139
5.280000 2 139
5.320000 2 139
5.360000 2 139
5.400000 2 139
5.440000 2 139
5.480000 2 139
5.520000 2 139
5.560000 2 139
5.600000 2 139
5.640000 2 139
5.680000 2 139
5.720000 2 139
5.760000 2 139
