1.240000 320 67
1.280000 314 66
1.320000 301 61
1.360000 289 57
1.400000 282 56
1.440000 277 56
1.480000 276 56
1.520000 276 56
1.560000 276 56
1.600000 277 56
1.640000 277 56
1.680000 277 56
1.720000 277 57
1.760000 277 56
1.800000 277 56
1.840000 277 56
1.880000 235 57
1.920000 225 58
1.960000 220 56
2.000000 219 56
2.040000 273 62
2.080000 216 56
2.120000 262 69
2.160000 218 56
2.200000 241 67
2.240000 229 66
2.280000 217 57
2.320000 218 56
2.360000 185 53
2.400000 173 52
2.440000 164 54
2.480000 161 52
2.520000 160 52
2.560000 160 51
2.600000 158 51
2.640000 201 69
2.680000 159 51
2.720000 159 52
2.760000 159 52
2.800000 160 52
2.840000 159 52
2.880000 159 52
2.920000 114 56
2.960000 105 56
3.000000 101 55
3.040000 101 53
3.080000 153 61
3.120000 147 65
3.160000 138 67
3.200000 127 67
3.240000 116 65
3.280000 101 58
3.320000 88 56
3.360000 73 55
3.400000 101 52
3.440000 49 55
3.480000 47 55
3.520000 45 54
3.560000 44 53
3.600000 45 52
3.640000 45 52
3.680000 45 53
3.720000 44 54
3.760000 44 55
3.800000 44 55
3.840000 45 55
3.880000 45 54
3.920000 44 55
3.960000 45 55
4.000000 44 56
4.040000 43 59
4.080000 38 63
4.120000 30 66
4.160000 20 67
