1.240000 315 140
1.280000 310 138
1.320000 307 138
1.360000 303 137
1.400000 298 136
1.440000 294 134
1.480000 289 135
1.520000 287 134
1.560000 283 134
1.600000 279 135
1.640000 276 135
1.680000 273 136
2.320000 202 137
2.360000 196 136
2.400000 194 135
2.440000 188 134
2.480000 184 134
2.520000 179 134
2.560000 173 134
2.600000 169 134
2.800000 144 135
2.840000 137 133
2.920000 127 130
2.960000 123 132
3.000000 133 134
3.040000 129 134
3.080000 124 134
3.120000 118 134
3.160000 114 134
3.480000 71 133
3.520000 62 130
3.800000 43 138
3.840000 39 134
3.880000 38 134
3.920000 33 133
3.960000 29 133
4.000000 23 133
4.040000 20 133
4.080000 17 133
4.120000 12 132
