1.240000 320 120
1.280000 320 119
1.320000 312 119
1.360000 308 118
1.400000 303 119
1.440000 298 117
1.480000 294 117
1.520000 289 117
1.560000 284 118
1.600000 280 118
1.640000 277 119
1.680000 273 119
1.720000 270 119
1.760000 267 120
1.800000 264 121
1.840000 262 119
1.880000 262 119
1.920000 261 118
1.960000 252 115
2.000000 247 115
2.040000 236 115
2.080000 236 117
2.120000 223 117
2.160000 220 119
2.200000 215 119
2.240000 210 119
2.280000 206 118
2.320000 202 119
2.360000 205 119
2.400000 199 118
2.440000 196 117
2.480000 190 115
2.520000 185 115
2.560000 179 115
2.600000 173 116
2.640000 162 117
2.680000 158 118
2.720000 153 118
2.760000 149 118
2.800000 147 118
2.840000 142 119
2.880000 138 117
2.920000 138 118
2.960000 135 117
3.000000 132 114
3.040000 126 114
3.080000 117 115
3.120000 111 115
3.160000 105 116
3.200000 102 118
3.240000 101 119
3.280000 96 120
3.320000 92 120
3.360000 85 119
3.400000 75 118
3.440000 79 118
3.480000 73 117
3.520000 68 114
3.560000 62 115
3.600000 56 115
3.640000 52 117
3.680000 47 116
3.720000 44 117
3.760000 43 119
3.800000 39 119
3.840000 32 118
3.880000 30 117
3.920000 28 115
3.960000 23 115
4.000000 19 115
4.040000 15 115
4.080000 11 115
4.120000 7 115
4.160000 2 114
