3.440000 153 117
3.480000 148 117
3.520000 142 118
3.560000 138 118
3.600000 134 119
3.640000 130 119
3.680000 126 120
3.720000 122 120
3.760000 118 119
3.800000 114 119
3.840000 110 119
3.880000 105 117
3.920000 99 117
3.960000 94 117
4.000000 89 117
4.040000 85 118
4.080000 81 118
4.120000 77 119
4.160000 73 119
4.200000 70 121
4.240000 67 122
4.280000 63 121
4.320000 60 120
4.360000 56 119
4.400000 52 119
4.440000 48 118
4.480000 43 118
4.520000 39 118
4.560000 34 117
4.600000 31 117
4.640000 26 118
4.680000 22 118
