1.320000 305 53
1.360000 305 55
1.400000 307 54
1.440000 306 54
1.480000 306 54
1.520000 306 53
1.560000 305 53
1.600000 305 52
1.640000 305 52
1.680000 304 52
1.720000 299 56
1.760000 288 56
1.800000 273 55
1.840000 258 54
1.880000 237 52
1.920000 222 48
1.960000 205 50
2.000000 189 52
2.040000 178 56
2.080000 172 56
2.120000 168 53
2.160000 168 50
2.200000 168 48
2.240000 168 48
2.280000 168 47
2.320000 168 48
2.360000 168 47
2.400000 168 46
2.440000 168 47
2.480000 168 48
2.520000 168 47
2.560000 168 47
2.600000 167 47
2.640000 166 46
2.680000 164 46
2.720000 163 46
2.760000 153 50
2.800000 139 51
2.840000 122 50
2.880000 100 51
2.920000 88 50
2.960000 69 49
3.000000 53 52
3.040000 40 56
3.080000 34 58
3.120000 32 56
3.160000 30 52
3.200000 29 51
3.240000 29 51
3.280000 29 51
3.320000 29 51
3.360000 29 50
3.400000 29 50
3.440000 29 50
3.480000 29 50
3.520000 29 50
3.560000 29 50
3.600000 29 50
3.640000 29 50
3.680000 29 50
3.720000 30 52
3.800000 17 52
3.840000 6 54
