1.360000 320 146
1.400000 320 149
1.440000 314 148
1.480000 308 147
1.520000 303 145
1.560000 298 145
1.600000 292 145
1.640000 287 145
1.680000 282 145
1.720000 275 145
1.760000 271 146
1.800000 267 147
1.840000 262 149
1.880000 261 150
1.920000 257 150
1.960000 253 150
2.000000 247 150
2.040000 244 149
2.080000 237 147
2.120000 231 146
2.160000 225 145
2.200000 216 145
2.240000 209 144
2.280000 200 145
2.320000 192 145
2.360000 184 146
2.400000 177 147
2.440000 170 149
2.480000 163 148
2.520000 156 145
2.560000 148 145
2.600000 142 145
2.640000 136 145
2.680000 127 143
2.720000 121 144
2.760000 116 146
2.800000 112 148
2.840000 109 148
2.880000 105 149
2.920000 100 149
2.960000 96 148
3.000000 91 149
3.040000 86 148
3.080000 81 145
3.120000 75 145
3.160000 70 145
3.200000 62 144
3.240000 55 144
3.280000 49 143
3.320000 43 144
3.360000 34 145
3.400000 29 145
3.440000 23 147
3.480000 18 146
3.520000 13 146
3.560000 8 146
3.640000 18 145
3.720000 12 143
