1.320000 320 94
1.360000 320 92
1.400000 320 93
1.440000 314 91
1.480000 314 89
1.520000 311 89
1.560000 308 89
1.600000 303 89
1.640000 294 87
1.680000 286 87
1.720000 274 86
1.760000 264 87
1.800000 253 89
1.840000 242 92
1.880000 236 93
1.920000 227 93
1.960000 221 94
2.000000 216 92
2.040000 210 91
2.080000 205 89
2.120000 198 89
2.160000 191 87
2.200000 185 89
2.240000 181 88
2.280000 179 87
2.320000 179 87
2.360000 177 87
2.400000 176 88
2.440000 174 88
2.480000 173 87
2.520000 169 87
2.560000 167 87
2.600000 162 87
2.640000 154 87
2.680000 147 87
2.720000 134 85
2.760000 123 83
2.800000 109 87
2.840000 101 87
2.880000 90 90
2.920000 81 92
2.960000 75 93
3.000000 70 93
3.040000 65 89
3.080000 60 89
3.120000 54 87
3.160000 49 87
3.200000 43 87
3.240000 39 88
3.280000 36 88
3.320000 35 89
3.360000 34 89
3.400000 33 91
3.440000 31 92
3.480000 29 92
3.520000 28 91
3.560000 27 88
3.600000 23 88
3.640000 18 87
3.680000 12 91
3.720000 2 89
