1.320000 314 150
1.360000 310 148
1.400000 305 149
1.440000 301 149
1.480000 297 146
1.520000 292 148
1.560000 288 147
1.600000 282 146
1.640000 275 145
1.680000 268 145
1.720000 262 144
1.800000 251 145
1.840000 246 148
1.880000 241 149
1.920000 236 148
1.960000 231 149
2.000000 225 146
2.040000 220 146
2.080000 211 145
2.120000 206 145
2.160000 200 145
2.200000 197 146
2.240000 190 145
2.280000 184 145
2.360000 172 144
2.400000 168 145
2.440000 163 145
2.480000 155 146
2.520000 151 148
2.560000 143 145
2.600000 137 144
2.640000 132 145
2.680000 127 144
2.720000 118 143
2.800000 107 145
3.040000 77 143
3.080000 73 143
3.120000 66 141
3.200000 66 143
3.400000 29 146
3.520000 33 146
3.560000 30 146
3.600000 25 146
3.640000 20 144
3.680000 17 143
3.720000 12 141
