0.000000 304 93
0.040000 304 93
0.080000 304 93
0.120000 304 93
0.160000 304 93
0.200000 304 93
0.240000 304 93
0.280000 304 93
0.320000 304 93
0.360000 304 93
0.400000 304 93
0.440000 304 93
0.480000 304 93
0.520000 304 93
0.560000 304 93
0.600000 304 93
0.640000 304 93
0.680000 304 93
0.720000 304 93
0.760000 304 93
0.800000 304 93
0.840000 304 93
0.880000 304 93
0.920000 304 93
0.960000 304 93
1.000000 304 93
1.040000 304 93
1.080000 304 93
1.120000 304 93
1.160000 304 93
1.200000 304 93
1.240000 304 93
1.280000 304 93
1.320000 304 93
1.360000 304 93
1.400000 304 93
1.440000 304 93
1.480000 304 93
1.520000 299 92
1.560000 297 91
1.600000 294 89
1.640000 289 90
1.680000 285 89
1.720000 282 89
1.760000 279 91
1.800000 278 89
1.840000 277 91
1.880000 276 88
1.920000 275 92
1.960000 273 91
2.000000 273 88
2.040000 272 88
2.080000 270 87
2.120000 267 87
2.160000 262 87
2.200000 256 87
2.240000 248 86
2.280000 242 87
2.320000 235 87
2.360000 226 87
2.400000 221 88
2.440000 216 89
2.480000 210 89
2.520000 208 88
2.560000 205 87
2.600000 199 87
2.640000 194 87
2.680000 190 87
2.720000 187 87
2.760000 185 87
2.800000 184 87
2.840000 183 87
2.880000 183 87
2.920000 181 87
2.960000 180 87
3.000000 179 85
3.040000 175 83
3.080000 173 83
3.120000 168 83
3.160000 160 83
3.200000 153 82
3.240000 143 83
3.280000 135 85
3.320000 127 87
3.360000 121 87
3.400000 116 87
3.440000 111 87
3.480000 107 87
3.520000 105 85
3.560000 100 84
3.600000 95 83
3.640000 91 85
3.680000 88 84
3.720000 87 85
3.760000 86 86
3.800000 84 87
3.840000 84 87
3.880000 82 87
3.920000 82 84
3.960000 80 83
4.000000 77 85
4.040000 75 82
4.080000 69 82
4.120000 63 82
4.160000 54 83
4.200000 47 83
4.240000 40 85
4.280000 34 87
4.320000 29 87
4.360000 24 88
4.400000 22 87
4.440000 18 87
4.480000 14 87
4.520000 12 87
4.560000 8 86
4.600000 1 86
4.640000 1 87
4.680000 1 87
4.720000 1 87
4.760000 1 87
4.800000 2 87
4.840000 2 87
4.880000 2 87
4.920000 2 87
4.960000 2 87
5.000000 2 87
5.040000 2 87
5.080000 2 87
5.120000 2 87
5.160000 2 87
5.200000 2 87
5.240000 2 87
