0.000000 314 143
0.040000 314 143
0.080000 314 143
0.120000 314 143
0.160000 314 143
0.200000 314 143
0.240000 314 143
0.280000 314 143
0.320000 314 143
0.360000 314 143
0.400000 314 143
0.440000 314 143
0.480000 314 143
0.520000 314 143
0.560000 314 143
0.600000 314 143
0.640000 314 143
0.680000 314 143
0.720000 314 143
0.760000 314 143
0.800000 314 143
0.840000 314 143
0.880000 314 143
0.920000 314 143
0.960000 314 143
1.000000 314 143
1.040000 314 143
1.080000 314 143
1.120000 314 143
1.160000 314 143
1.200000 304 139
1.240000 301 140
1.280000 298 141
1.320000 295 141
1.360000 292 142
1.400000 289 142
1.440000 286 143
1.480000 277 144
1.520000 272 145
1.560000 266 145
1.600000 261 146
1.640000 257 148
1.680000 252 146
1.720000 247 146
1.760000 242 145
1.800000 238 145
1.840000 236 145
1.880000 233 145
1.920000 228 141
1.960000 226 141
2.000000 224 141
2.040000 222 141
2.080000 215 143
2.120000 210 143
2.160000 205 142
2.200000 201 142
2.240000 209 143
2.280000 205 145
2.320000 181 143
2.360000 178 143
2.400000 175 142
2.440000 173 142
2.480000 170 141
2.520000 162 144
2.560000 157 145
2.600000 148 144
2.640000 143 145
2.680000 138 145
2.720000 133 144
2.760000 132 144
2.800000 129 143
2.840000 126 144
2.880000 121 142
2.920000 119 145
2.960000 114 145
3.000000 107 143
3.040000 103 144
3.080000 114 145
3.120000 112 146
3.160000 108 146
3.200000 105 146
3.240000 100 145
3.280000 95 145
3.320000 82 143
3.360000 77 143
3.400000 72 142
3.440000 67 141
3.480000 62 141
3.520000 57 140
3.560000 50 143
3.600000 45 144
3.640000 40 143
3.680000 37 143
3.720000 34 143
3.760000 29 141
3.800000 23 140
3.840000 22 141
3.880000 22 142
3.920000 22 142
3.960000 22 143
4.000000 22 144
4.040000 20 143
4.080000 18 143
4.120000 16 143
4.160000 13 143
4.200000 13 143
4.240000 13 143
4.280000 13 143
4.320000 13 143
4.360000 13 143
4.400000 13 143
4.440000 13 143
4.480000 13 143
4.520000 13 143
4.560000 13 143
4.600000 13 143
4.640000 13 143
4.680000 13 143
4.720000 13 143
4.760000 13 143
4.800000 13 143
4.840000 13 143
4.880000 13 143
4.920000 13 143
