0.000000 309 128
0.040000 309 128
0.080000 309 128
0.120000 309 128
0.160000 309 128
0.200000 309 128
0.240000 309 128
0.280000 309 128
0.320000 309 128
0.360000 309 128
0.400000 309 128
0.440000 309 128
0.480000 309 128
0.520000 309 128
0.560000 309 128
0.600000 309 128
0.640000 309 128
0.680000 309 128
0.720000 309 128
0.760000 309 128
0.800000 309 128
0.840000 309 128
0.880000 309 128
0.920000 309 128
0.960000 309 128
1.000000 309 128
1.040000 309 128
1.080000 309 128
1.120000 309 128
1.160000 309 128
1.200000 298 125
1.240000 295 126
1.280000 292 126
1.320000 289 127
1.360000 286 127
1.400000 283 128
1.440000 280 128
1.480000 268 129
1.520000 262 132
1.560000 255 133
1.600000 247 134
1.640000 242 136
1.680000 236 138
1.720000 232 138
1.760000 228 138
1.800000 225 136
1.840000 221 134
1.880000 221 133
1.920000 221 129
1.960000 218 128
2.000000 216 127
2.040000 213 126
2.080000 201 130
2.120000 198 130
2.160000 195 130
2.200000 192 130
2.240000 215 126
2.280000 178 128
2.320000 174 128
2.360000 171 128
2.400000 168 128
2.440000 165 128
2.480000 162 128
2.520000 150 130
2.560000 143 133
2.600000 134 134
2.640000 128 137
2.680000 123 139
2.720000 118 139
2.760000 115 137
2.800000 114 137
2.840000 116 136
2.880000 112 129
2.920000 108 129
2.960000 104 128
3.000000 100 128
3.040000 95 133
3.080000 118 128
3.120000 117 129
3.160000 116 129
3.200000 112 129
3.240000 107 128
3.280000 101 126
3.320000 84 124
3.360000 77 125
3.400000 70 126
3.440000 64 126
3.480000 57 127
3.520000 50 128
3.560000 39 132
3.600000 33 134
3.640000 28 135
3.680000 23 135
3.720000 23 138
3.760000 18 135
3.800000 12 133
3.840000 13 132
3.880000 14 131
3.920000 15 130
3.960000 17 129
4.000000 18 128
4.040000 19 127
4.080000 23 126
4.120000 22 126
4.160000 19 126
4.200000 19 126
4.240000 19 126
4.280000 19 126
4.320000 19 126
4.360000 19 126
4.400000 19 126
4.440000 19 126
4.480000 19 126
4.520000 19 126
4.560000 19 126
4.600000 19 126
4.640000 19 126
4.680000 19 126
4.720000 19 126
4.760000 19 126
4.800000 19 126
4.840000 19 126
4.880000 19 126
4.920000 19 126
