2.280000 320 132
2.320000 320 133
2.360000 311 133
2.400000 305 132
2.440000 301 131
2.480000 297 132
2.520000 293 130
2.560000 288 133
2.600000 286 133
2.640000 283 133
2.680000 282 133
2.720000 278 133
2.760000 277 133
2.800000 273 134
2.840000 268 133
2.880000 265 133
2.920000 260 133
2.960000 256 133
3.000000 251 132
3.040000 247 132
3.080000 241 131
3.120000 236 132
3.160000 231 132
3.200000 225 132
3.240000 218 132
3.280000 211 131
3.320000 205 130
3.360000 199 129
3.400000 194 129
3.440000 190 130
3.480000 184 130
3.520000 182 132
3.560000 179 132
3.600000 177 132
3.640000 173 134
3.680000 170 133
3.720000 166 133
3.760000 162 132
3.800000 157 130
3.840000 152 129
3.880000 146 130
3.920000 139 130
3.960000 136 130
4.000000 131 129
4.040000 121 130
4.080000 116 130
4.120000 109 130
4.160000 101 129
4.200000 95 128
4.240000 90 128
4.280000 85 128
4.320000 80 128
4.360000 75 129
4.400000 73 130
4.440000 69 130
4.480000 65 130
4.520000 64 130
4.560000 60 130
4.600000 58 130
4.640000 55 128
4.680000 51 128
4.720000 48 127
4.760000 43 128
4.800000 39 127
4.840000 34 124
4.880000 29 126
4.920000 23 127
4.960000 18 128
5.000000 12 128
5.040000 7 128
5.080000 1 129
5.120000 2 129
5.160000 2 129
5.200000 2 129
5.240000 1 136
