0.000000 294 56
0.040000 294 56
0.080000 294 56
0.120000 294 56
0.160000 294 56
0.200000 294 56
0.240000 294 56
0.280000 294 56
0.320000 294 56
0.360000 294 56
0.400000 294 56
0.440000 294 56
0.480000 294 56
0.520000 294 56
0.560000 294 56
0.600000 294 56
0.640000 294 56
0.680000 294 56
0.720000 294 56
0.760000 294 56
0.800000 294 56
0.840000 294 56
0.880000 294 56
0.920000 294 56
0.960000 294 56
1.000000 294 56
1.040000 294 56
1.080000 294 56
1.120000 294 56
1.160000 294 56
1.200000 294 56
1.240000 294 56
1.280000 294 56
1.320000 294 56
1.360000 294 56
1.400000 294 56
1.440000 293 56
1.480000 294 56
1.520000 294 56
1.560000 294 56
1.600000 293 56
1.640000 294 56
1.680000 247 65
1.720000 294 56
1.760000 246 58
1.800000 246 58
1.840000 283 56
1.880000 273 57
1.920000 251 57
1.960000 245 56
2.000000 231 56
2.040000 216 57
2.080000 205 61
2.120000 199 60
2.160000 197 57
2.200000 195 55
2.240000 195 54
2.280000 195 54
2.320000 195 54
2.360000 194 53
2.400000 195 54
2.440000 195 54
2.480000 195 54
2.520000 195 53
2.560000 195 52
2.600000 196 52
2.640000 195 51
2.680000 192 55
2.720000 180 55
2.760000 167 56
2.800000 149 56
2.840000 137 56
2.880000 123 56
2.920000 110 56
2.960000 99 57
3.000000 93 57
3.040000 91 55
3.080000 90 52
3.120000 90 52
3.160000 90 52
3.200000 90 52
3.240000 90 52
3.280000 90 51
3.320000 90 51
3.360000 90 51
3.400000 90 51
3.440000 46 60
3.480000 90 50
3.520000 90 50
3.560000 83 51
3.600000 72 55
3.640000 55 55
3.680000 44 53
3.720000 32 54
3.760000 19 56
3.800000 10 58
3.840000 7 59
3.880000 6 57
3.920000 5 56
3.960000 11 56
4.000000 23 56
4.040000 18 56
4.080000 14 56
4.120000 9 56
4.160000 5 56
4.200000 1 56
4.240000 1 56
4.280000 1 56
4.320000 1 56
4.360000 1 56
4.400000 1 56
4.440000 1 56
