0.000000 294 56
0.040000 294 56
0.080000 294 56
0.120000 294 56
0.160000 294 56
0.200000 294 56
0.240000 294 56
0.280000 294 56
0.320000 294 56
0.360000 294 56
0.400000 294 56
0.440000 294 56
0.480000 294 56
0.520000 294 56
0.560000 294 56
0.600000 294 56
0.640000 294 56
0.680000 294 56
0.720000 294 56
0.760000 294 56
0.800000 294 56
0.840000 294 56
0.880000 294 56
0.920000 294 56
0.960000 294 56
1.000000 294 56
1.040000 294 56
1.080000 294 56
1.120000 294 56
1.160000 294 56
1.200000 294 56
1.240000 294 56
1.280000 294 56
1.320000 294 56
1.360000 294 56
1.400000 294 56
1.440000 320 65
1.480000 310 65
1.520000 292 60
1.560000 278 60
1.600000 265 61
1.640000 252 63
1.680000 294 56
1.720000 247 59
1.760000 293 54
1.800000 293 55
1.840000 246 56
1.880000 245 56
1.920000 246 57
1.960000 246 60
2.000000 248 58
2.040000 243 57
2.080000 246 57
2.120000 245 57
2.160000 245 56
2.200000 245 56
2.240000 242 57
2.280000 232 58
2.320000 218 56
2.360000 202 61
2.400000 189 57
2.440000 172 59
2.480000 159 61
2.520000 150 61
2.560000 147 61
2.600000 145 56
2.640000 144 55
2.680000 143 54
2.720000 143 55
2.760000 143 54
2.800000 143 55
2.840000 142 56
2.880000 145 56
2.920000 143 55
2.960000 144 55
3.000000 144 54
3.040000 144 54
3.080000 143 54
3.120000 138 54
3.160000 127 56
3.200000 112 56
3.240000 94 57
3.280000 84 57
3.320000 70 56
3.360000 56 61
3.400000 49 61
3.440000 90 50
3.480000 45 56
3.520000 44 55
3.560000 44 55
3.600000 44 55
3.640000 44 55
3.680000 44 56
3.720000 47 55
3.760000 44 55
3.800000 44 56
3.840000 45 55
3.880000 44 55
3.920000 44 54
3.960000 44 53
4.000000 40 56
4.040000 18 59
4.080000 14 59
4.120000 10 58
4.160000 6 57
4.200000 2 56
4.240000 2 56
4.280000 2 56
4.320000 2 56
4.360000 2 56
4.400000 2 56
4.440000 2 56
