0.000000 294 61
0.040000 294 61
0.080000 294 61
0.120000 294 61
0.160000 294 61
0.200000 294 61
0.240000 294 61
0.280000 294 61
0.320000 294 61
0.360000 294 61
0.400000 294 61
0.440000 294 61
0.480000 294 61
0.520000 294 61
0.560000 294 61
0.600000 294 61
0.640000 294 61
0.680000 294 61
0.720000 294 61
0.760000 294 61
0.800000 294 61
0.840000 294 61
0.880000 294 61
0.920000 294 61
0.960000 294 61
1.000000 294 61
1.040000 294 61
1.080000 294 61
1.120000 294 61
1.160000 294 61
1.200000 294 61
1.240000 294 61
1.280000 294 61
1.320000 294 61
1.360000 294 61
1.400000 294 61
1.440000 294 61
1.480000 294 61
1.520000 294 61
1.560000 294 61
1.600000 294 61
1.640000 294 61
1.680000 294 61
1.720000 294 61
1.760000 294 61
1.800000 294 60
1.840000 294 60
1.880000 294 59
1.920000 294 58
1.960000 294 58
2.000000 295 59
2.040000 294 58
2.080000 294 58
2.120000 295 60
2.160000 295 59
2.200000 294 59
2.240000 244 60
2.280000 294 61
2.320000 241 57
2.360000 240 57
2.400000 283 72
2.440000 241 57
2.480000 241 57
2.520000 258 72
2.560000 246 66
2.600000 236 61
2.640000 220 59
2.680000 205 56
2.720000 194 56
2.760000 186 56
2.800000 184 56
2.840000 184 55
2.880000 184 55
2.920000 183 54
2.960000 184 54
3.000000 184 55
3.040000 184 56
3.080000 184 56
3.120000 184 56
3.160000 156 61
3.200000 142 57
3.240000 184 56
3.280000 184 58
3.320000 181 61
3.360000 178 65
3.400000 170 70
3.440000 122 54
3.480000 151 72
3.520000 138 72
3.560000 129 66
3.600000 117 58
3.640000 101 56
3.680000 85 52
3.720000 74 52
3.760000 68 52
3.800000 65 53
3.840000 64 52
3.880000 64 52
3.920000 65 52
3.960000 65 51
4.000000 65 52
4.040000 65 54
4.080000 66 54
4.120000 65 54
4.160000 66 54
4.200000 66 55
4.240000 64 56
4.280000 64 56
4.320000 15 56
4.360000 58 63
4.400000 51 67
4.440000 33 71
4.480000 27 69
4.520000 22 67
4.560000 17 65
4.600000 15 56
4.640000 16 56
4.680000 16 56
4.720000 15 57
4.760000 14 59
4.800000 14 61
4.840000 14 61
4.880000 14 61
4.920000 14 61
4.960000 14 61
5.000000 14 61
5.040000 14 61
5.080000 14 61
