0.000000 314 138
0.040000 314 138
0.080000 314 138
0.120000 314 138
0.160000 314 138
0.200000 314 138
0.240000 314 138
0.280000 314 138
0.320000 314 138
0.360000 314 138
0.400000 314 138
0.440000 314 138
0.480000 314 138
0.520000 314 138
0.560000 314 138
0.600000 314 138
0.640000 314 138
0.680000 314 138
0.720000 314 138
0.760000 314 138
0.800000 314 138
0.840000 314 138
0.880000 314 138
0.920000 314 138
0.960000 314 138
1.000000 314 138
1.040000 314 138
1.080000 314 138
1.120000 314 138
1.160000 314 138
1.200000 314 138
1.240000 314 138
1.280000 314 138
1.320000 314 138
1.360000 314 138
1.400000 314 138
1.440000 314 138
1.480000 314 138
1.520000 314 138
1.560000 314 138
1.600000 314 138
1.640000 314 138
1.680000 314 138
1.720000 314 138
1.760000 309 137
1.800000 304 135
1.840000 301 137
1.880000 298 139
1.920000 294 139
1.960000 292 139
2.000000 288 139
2.040000 288 139
2.080000 283 139
2.120000 279 138
2.160000 273 137
2.200000 269 138
2.240000 265 139
2.280000 260 137
2.320000 257 138
2.360000 252 135
2.400000 247 135
2.440000 241 139
2.480000 238 139
2.520000 235 139
2.560000 233 139
2.600000 230 139
2.640000 227 139
2.680000 220 138
2.720000 214 137
2.760000 209 135
2.800000 204 135
2.840000 199 135
2.880000 190 138
2.920000 186 138
2.960000 182 138
3.000000 178 137
3.040000 175 137
3.080000 171 136
3.120000 167 136
3.160000 158 135
3.200000 152 135
3.240000 144 135
3.280000 139 137
3.320000 134 136
3.360000 130 135
3.400000 122 135
3.440000 119 135
3.480000 116 135
3.520000 113 135
3.560000 110 134
3.600000 107 134
3.640000 104 134
3.680000 101 134
3.720000 95 135
3.760000 90 135
3.800000 79 132
3.840000 75 133
3.880000 71 133
3.920000 67 133
3.960000 63 134
4.000000 59 134
4.040000 55 134
4.080000 51 135
4.120000 47 135
4.160000 55 138
4.200000 50 138
4.240000 49 137
4.280000 44 135
4.320000 39 134
4.360000 34 133
4.400000 24 134
4.440000 21 135
4.480000 19 136
4.520000 17 137
4.560000 15 138
4.600000 13 138
4.640000 13 138
4.680000 13 138
4.720000 13 138
4.760000 13 138
4.800000 13 138
4.840000 13 138
4.880000 13 138
4.920000 13 138
4.960000 13 138
5.000000 13 138
5.040000 13 138
5.080000 13 138
