0.000000 309 62
0.040000 309 62
0.080000 309 62
0.120000 309 62
0.160000 309 62
0.200000 309 62
0.240000 309 62
0.280000 309 62
0.320000 309 62
0.360000 309 62
0.400000 309 62
0.440000 309 62
0.480000 309 62
0.520000 309 62
0.560000 309 62
0.600000 309 62
0.640000 309 62
0.680000 309 62
0.720000 309 62
0.760000 309 62
0.800000 309 62
0.840000 309 62
0.880000 309 62
0.920000 309 62
0.960000 309 62
1.000000 309 62
1.040000 309 62
1.080000 309 62
1.120000 309 62
1.160000 309 62
1.200000 315 67
1.240000 314 65
1.280000 314 64
1.320000 314 65
1.360000 313 66
1.400000 309 67
1.440000 303 71
1.480000 294 72
1.520000 283 71
1.560000 273 69
1.600000 266 60
1.640000 270 57
1.680000 269 57
1.720000 221 61
1.760000 216 59
1.800000 214 57
1.840000 213 56
1.880000 213 56
1.920000 211 56
1.960000 212 56
2.000000 211 57
2.040000 215 59
2.080000 214 57
2.120000 214 57
2.160000 212 57
2.200000 212 59
2.240000 210 61
2.280000 210 62
2.320000 205 65
2.360000 195 67
2.400000 186 67
2.440000 174 67
2.480000 160 66
2.520000 149 61
2.560000 131 60
2.600000 153 56
2.640000 106 61
2.680000 101 59
2.720000 98 56
2.760000 96 56
2.800000 96 56
2.840000 96 56
2.880000 96 56
2.920000 97 60
2.960000 97 60
3.000000 97 57
3.040000 97 56
3.080000 96 57
3.120000 95 59
3.160000 94 61
3.200000 90 62
3.240000 84 67
3.280000 75 67
3.320000 65 67
3.360000 55 65
3.400000 43 59
3.440000 29 61
3.480000 8 62
3.520000 6 62
3.560000 5 62
3.600000 3 62
3.640000 2 59
3.680000 2 56
3.720000 2 56
3.760000 2 56
3.800000 2 56
3.840000 2 56
3.880000 2 56
3.920000 2 56
3.960000 2 56
4.000000 2 56
4.040000 2 56
4.080000 2 56
4.120000 2 56
4.160000 2 56
4.200000 2 56
4.240000 2 56
4.280000 2 56
4.320000 2 56
4.360000 2 56
4.400000 2 56
4.440000 2 56
4.480000 2 56
