0.000000 300 54
0.040000 300 54
0.080000 300 54
0.120000 300 54
0.160000 300 54
0.200000 300 54
0.240000 300 54
0.280000 300 54
0.320000 300 54
0.360000 300 54
0.400000 300 54
0.440000 300 54
0.480000 300 54
0.520000 300 54
0.560000 300 54
0.600000 300 54
0.640000 300 54
0.680000 300 54
0.720000 300 54
0.760000 300 54
0.800000 300 54
0.840000 300 54
0.880000 300 54
0.920000 300 54
0.960000 300 54
1.000000 300 54
1.040000 300 54
1.080000 300 54
1.120000 300 54
1.160000 300 54
1.200000 306 59
1.240000 304 58
1.280000 304 57
1.320000 304 57
1.360000 304 57
1.400000 303 57
1.440000 299 58
1.480000 291 60
1.520000 279 60
1.560000 264 61
1.600000 251 58
1.640000 258 55
1.680000 257 54
1.720000 210 61
1.760000 205 61
1.800000 202 57
1.840000 201 54
1.880000 200 53
1.920000 199 52
1.960000 199 53
2.000000 200 52
2.040000 203 55
2.080000 205 56
2.120000 201 54
2.160000 201 53
2.200000 201 53
2.240000 201 52
2.280000 201 52
2.320000 200 52
2.360000 194 55
2.400000 183 56
2.440000 168 55
2.480000 151 57
2.520000 138 57
2.560000 121 56
2.600000 142 50
2.640000 95 62
2.680000 89 62
2.720000 86 57
2.760000 86 54
2.800000 85 53
2.840000 85 52
2.880000 85 53
2.920000 86 53
2.960000 86 56
3.000000 87 54
3.040000 86 53
3.080000 86 52
3.120000 86 52
3.160000 85 52
3.200000 86 52
3.240000 84 52
3.280000 74 56
3.320000 60 57
3.360000 51 56
3.400000 33 55
3.440000 9 61
3.480000 7 61
3.520000 6 60
3.560000 4 59
3.600000 3 58
3.640000 2 56
3.680000 2 54
3.720000 2 54
3.760000 2 54
3.800000 2 54
3.840000 2 54
3.880000 2 54
3.920000 2 54
3.960000 2 54
4.000000 2 54
4.040000 2 54
4.080000 2 54
4.120000 2 54
4.160000 2 54
4.200000 2 54
4.240000 2 54
4.280000 2 54
4.320000 2 54
4.360000 2 54
4.400000 2 54
4.440000 2 54
4.480000 2 54
