1.560000 320 159
1.600000 314 159
1.640000 314 159
1.680000 310 159
1.720000 308 159
1.760000 303 160
1.800000 299 161
1.840000 294 160
1.880000 290 160
1.920000 284 159
1.960000 279 159
2.000000 273 158
2.040000 268 159
2.080000 262 159
2.120000 257 159
2.160000 252 160
2.200000 246 161
2.240000 242 163
2.280000 236 163
2.320000 229 161
2.360000 225 160
2.400000 218 160
2.440000 211 159
2.480000 204 159
2.520000 199 159
2.560000 194 160
2.600000 188 161
2.640000 183 163
2.680000 179 164
2.720000 173 164
2.760000 168 164
2.800000 160 163
2.840000 153 161
2.880000 148 160
2.920000 142 159
2.960000 137 159
3.000000 132 159
3.040000 127 159
3.080000 121 160
3.120000 116 161
3.160000 108 162
3.200000 103 163
3.240000 97 161
3.280000 91 160
3.320000 86 159
3.360000 81 159
3.400000 75 157
3.440000 70 158
3.480000 65 159
3.520000 61 159
3.560000 57 159
3.600000 53 160
3.640000 49 160
3.680000 45 160
3.720000 40 159
3.760000 37 159
3.800000 31 157
3.840000 26 156
3.880000 20 155
3.920000 18 155
3.960000 13 155
4.000000 7 156
4.040000 2 155
4.080000 2 155
