1.360000 320 72
1.440000 299 63
1.480000 288 61
1.520000 279 61
1.560000 277 61
1.600000 273 57
1.640000 273 57
1.680000 315 72
1.720000 273 58
1.760000 273 58
1.800000 273 58
1.840000 274 58
1.880000 268 61
1.920000 273 58
1.960000 273 59
2.000000 273 61
2.040000 273 62
2.080000 272 64
2.120000 268 67
2.160000 263 71
2.200000 257 72
2.240000 247 74
2.280000 236 71
2.320000 225 67
2.360000 212 64
2.400000 200 61
2.440000 187 59
2.480000 175 58
2.520000 170 56
2.560000 168 56
2.600000 168 56
2.640000 166 56
2.680000 167 56
2.720000 168 56
2.760000 167 56
2.800000 166 56
2.840000 169 56
2.880000 168 57
2.920000 168 56
2.960000 168 56
3.000000 168 58
3.040000 166 61
3.080000 164 62
3.120000 160 68
3.160000 153 72
3.200000 112 54
3.240000 133 72
3.280000 122 69
3.320000 109 61
3.360000 96 61
3.400000 83 56
3.440000 73 58
3.480000 65 59
3.520000 64 58
3.560000 61 56
3.600000 60 56
3.640000 61 56
3.680000 60 56
3.720000 60 56
3.760000 61 58
3.800000 64 56
3.840000 60 57
3.880000 60 56
3.920000 60 56
3.960000 60 57
4.000000 60 59
4.040000 59 61
4.080000 16 57
4.120000 53 71
4.160000 44 72
4.200000 37 72
4.240000 28 72
4.280000 18 70
4.360000 13 60
4.400000 13 60
4.560000 12 63
