0.000000 303 60
0.040000 303 60
0.080000 303 60
0.120000 303 60
0.160000 303 60
0.200000 303 60
0.240000 303 60
0.280000 303 60
0.320000 303 60
0.360000 303 60
0.400000 303 60
0.440000 303 60
0.480000 303 60
0.520000 303 60
0.560000 303 60
0.600000 303 60
0.640000 303 60
0.680000 303 60
0.720000 303 60
0.760000 303 60
0.800000 303 60
0.840000 303 60
0.880000 303 60
0.920000 303 60
0.960000 303 60
1.000000 303 60
1.040000 303 60
1.080000 303 60
1.120000 303 60
1.160000 303 60
1.200000 303 60
1.240000 303 60
1.280000 303 60
1.320000 303 59
1.360000 303 59
1.400000 303 59
1.440000 302 59
1.480000 303 59
1.520000 303 58
1.560000 303 58
1.600000 302 58
1.640000 299 60
1.680000 292 61
1.720000 281 61
1.760000 267 61
1.800000 242 59
1.840000 236 56
1.880000 220 56
1.920000 203 58
1.960000 190 63
2.000000 183 66
2.040000 178 62
2.080000 174 58
2.120000 173 56
2.160000 173 56
2.200000 173 56
2.240000 173 56
2.280000 173 56
2.320000 172 55
2.360000 173 55
2.400000 173 55
2.440000 173 54
2.480000 173 54
2.520000 173 54
2.560000 170 53
2.600000 164 56
2.640000 153 56
2.680000 137 56
2.720000 121 57
2.760000 105 55
2.800000 90 54
2.840000 73 54
2.880000 57 59
2.920000 47 63
2.960000 43 64
3.000000 38 60
3.040000 38 56
3.080000 36 54
3.120000 37 54
3.160000 37 54
3.200000 37 54
3.240000 37 53
3.280000 36 55
3.320000 36 52
3.360000 36 54
3.400000 37 52
3.440000 37 52
3.480000 36 52
3.520000 36 51
3.560000 33 56
3.600000 23 60
3.640000 23 60
3.680000 23 60
3.720000 23 60
3.760000 23 60
3.800000 23 60
3.840000 23 60
3.880000 23 60
3.920000 23 60
3.960000 23 60
4.000000 23 60
4.040000 23 60
4.080000 23 60
4.120000 23 60
4.160000 23 60
4.200000 23 60
4.240000 23 60
4.280000 23 60
4.320000 23 60
