1.720000 309 160
1.760000 305 159
1.800000 302 159
1.840000 298 159
1.880000 294 159
1.920000 288 159
1.960000 284 159
2.000000 280 160
2.040000 275 161
2.080000 272 161
2.120000 268 161
2.160000 262 161
2.200000 257 161
2.240000 253 161
2.280000 247 161
2.320000 242 160
2.360000 236 161
2.400000 232 162
2.440000 226 164
2.480000 221 165
2.520000 217 165
2.560000 212 165
2.600000 207 165
2.640000 203 165
2.680000 198 165
2.720000 193 165
2.760000 188 165
2.800000 182 165
2.840000 177 165
2.880000 172 166
2.920000 168 167
2.960000 162 168
3.000000 157 169
3.040000 151 168
3.080000 147 169
3.120000 142 168
3.160000 136 167
3.200000 131 166
3.240000 127 167
3.280000 121 167
3.320000 116 168
3.360000 111 168
3.400000 106 169
3.440000 101 169
3.480000 96 170
3.520000 92 169
3.560000 86 169
3.600000 81 167
3.640000 78 167
3.680000 73 165
3.720000 69 165
3.760000 64 166
3.800000 59 166
3.840000 54 167
3.880000 49 166
3.920000 45 166
3.960000 40 166
4.000000 37 165
4.040000 33 165
4.080000 28 164
4.120000 23 163
4.160000 18 163
4.200000 15 163
4.240000 12 164
4.280000 7 164
4.360000 2 164
4.400000 2 165
