1.720000 301 55
1.800000 278 61
1.880000 314 61
1.920000 312 58
1.960000 310 57
2.000000 303 60
2.040000 292 61
2.080000 278 63
2.120000 265 59
2.160000 270 56
2.200000 233 62
2.240000 223 66
2.280000 217 63
2.320000 216 58
2.360000 271 55
2.400000 268 56
2.440000 214 56
2.480000 215 56
2.520000 215 56
2.560000 216 56
2.600000 217 57
2.640000 214 56
2.680000 215 56
2.720000 215 56
2.760000 214 56
2.800000 215 54
2.840000 212 54
2.880000 204 56
2.920000 158 52
2.960000 177 61
3.000000 158 56
3.040000 144 56
3.080000 127 58
3.120000 116 61
3.160000 107 61
3.200000 105 59
3.240000 102 56
3.280000 102 53
3.320000 101 53
3.360000 101 53
3.400000 101 53
3.440000 103 54
3.480000 92 51
3.520000 102 53
3.560000 102 52
3.600000 102 53
3.640000 103 52
3.680000 103 52
3.720000 101 52
3.760000 99 52
3.800000 88 55
3.840000 75 56
3.880000 50 53
3.920000 49 56
3.960000 36 58
4.000000 49 52
4.040000 14 66
4.080000 8 66
4.120000 8 61
4.160000 8 58
4.200000 7 56
4.240000 7 57
4.280000 7 57
4.320000 7 56
4.360000 7 55
4.400000 9 57
4.440000 7 58
4.560000 7 56
