0.000000 308 165
0.040000 308 165
0.080000 308 165
0.120000 308 165
0.160000 308 165
0.200000 308 165
0.240000 308 165
0.280000 308 165
0.320000 308 165
0.360000 308 165
0.400000 308 165
0.440000 308 165
0.480000 308 165
0.520000 308 165
0.560000 308 165
0.600000 308 165
0.640000 308 165
0.680000 308 165
0.720000 308 165
0.760000 308 165
0.800000 308 165
0.840000 308 165
0.880000 308 165
0.920000 308 165
0.960000 308 165
1.000000 308 165
1.040000 308 165
1.080000 308 165
1.120000 308 165
1.160000 304 165
1.200000 301 166
1.240000 296 167
1.280000 293 169
1.320000 288 169
1.360000 284 170
1.400000 279 170
1.440000 276 170
1.480000 272 170
1.520000 267 169
1.560000 262 169
1.600000 257 167
1.640000 253 167
1.680000 249 169
1.720000 244 169
1.760000 240 170
1.800000 235 170
1.840000 231 171
1.880000 225 171
1.920000 220 171
1.960000 216 171
2.000000 210 170
2.040000 206 169
2.080000 201 169
2.120000 197 170
2.160000 192 170
2.200000 186 171
2.240000 182 171
2.280000 177 172
2.320000 173 172
2.360000 168 172
2.400000 163 171
2.440000 158 170
2.480000 153 170
2.520000 148 169
2.560000 143 169
2.600000 138 170
2.640000 133 170
2.680000 127 171
2.720000 123 171
2.760000 119 171
2.800000 115 171
2.840000 109 171
2.880000 105 170
2.920000 101 170
2.960000 95 169
3.000000 90 169
3.040000 85 169
3.080000 81 169
3.120000 75 170
3.160000 71 170
3.200000 66 170
3.240000 62 170
3.280000 58 169
3.320000 54 168
3.360000 49 165
3.400000 44 165
3.440000 39 164
3.480000 34 164
3.520000 31 164
3.560000 27 165
3.600000 23 165
3.640000 18 165
3.680000 11 165
3.720000 7 165
3.760000 2 165
3.800000 2 163
3.840000 2 162
3.880000 2 162
3.920000 2 162
3.960000 2 162
4.000000 2 162
4.040000 2 162
4.080000 2 162
4.120000 2 162
4.160000 2 162
4.200000 2 162
4.240000 2 162
4.280000 2 162
4.320000 2 162
4.360000 2 162
4.400000 2 162
4.440000 2 162
4.480000 2 162
4.520000 2 162
4.560000 2 162
