0.000000 305 137
0.040000 305 137
0.080000 305 137
0.120000 305 137
0.160000 305 137
0.200000 305 137
0.240000 305 137
0.280000 305 137
0.320000 305 137
0.360000 305 137
0.400000 305 137
0.440000 305 137
0.480000 305 137
0.520000 305 137
0.560000 305 137
0.600000 305 137
0.640000 305 137
0.680000 305 137
0.720000 305 137
0.760000 305 137
0.800000 305 137
0.840000 305 137
0.880000 305 137
0.920000 305 137
0.960000 305 137
1.000000 305 137
1.040000 305 137
1.080000 305 137
1.120000 305 137
1.160000 302 136
1.200000 299 136
1.240000 295 135
1.280000 292 135
1.320000 288 136
1.360000 284 136
1.400000 280 136
1.440000 276 136
1.480000 272 136
1.520000 268 136
1.560000 264 136
1.600000 261 136
1.640000 257 137
1.680000 253 137
1.720000 249 137
1.760000 245 137
1.800000 241 137
1.840000 237 137
1.880000 233 137
1.920000 225 138
1.960000 220 137
2.000000 214 135
2.040000 208 135
2.080000 205 134
2.120000 199 135
2.160000 195 134
2.200000 186 135
2.240000 184 136
2.280000 182 136
2.320000 180 136
2.360000 179 136
2.400000 177 136
2.440000 175 136
2.480000 169 135
2.520000 164 135
2.560000 158 135
2.600000 147 137
2.640000 142 137
2.680000 138 137
2.720000 134 137
2.760000 129 137
2.800000 125 137
2.840000 121 137
2.880000 112 135
2.920000 106 134
2.960000 101 134
3.000000 96 134
3.040000 91 134
3.080000 82 134
3.120000 80 134
3.160000 79 134
3.200000 78 134
3.240000 77 134
3.280000 76 134
3.320000 75 134
3.360000 69 133
3.400000 65 133
3.440000 60 133
3.480000 56 133
3.520000 51 133
3.560000 39 134
3.600000 34 134
3.640000 30 134
3.680000 25 134
3.720000 21 134
3.760000 16 134
3.800000 12 134
3.840000 8 134
3.880000 8 134
3.920000 8 134
3.960000 8 134
4.000000 8 134
4.040000 8 134
4.080000 8 134
4.120000 8 134
4.160000 8 134
4.200000 8 134
4.240000 8 134
4.280000 8 134
4.320000 8 134
4.360000 8 134
4.400000 8 134
4.440000 8 134
4.480000 8 134
4.520000 8 134
4.560000 8 134
