0.000000 314 119
0.040000 314 119
0.080000 314 119
0.120000 314 119
0.160000 314 119
0.200000 314 119
0.240000 314 119
0.280000 314 119
0.320000 314 119
0.360000 314 119
0.400000 314 119
0.440000 314 119
0.480000 314 119
0.520000 314 119
0.560000 314 119
0.600000 314 119
0.640000 314 119
0.680000 314 119
0.720000 314 119
0.760000 314 119
0.800000 314 119
0.840000 314 119
0.880000 314 119
0.920000 314 119
0.960000 314 119
1.000000 314 119
1.040000 314 119
1.080000 314 119
1.120000 314 119
1.160000 309 118
1.200000 303 119
1.240000 299 119
1.280000 294 119
1.320000 290 119
1.360000 287 119
1.400000 284 120
1.440000 281 121
1.480000 277 120
1.520000 272 119
1.560000 268 118
1.600000 262 117
1.640000 257 117
1.680000 252 117
1.720000 247 118
1.760000 245 119
1.800000 241 122
1.840000 236 119
1.880000 231 121
1.920000 227 119
1.960000 221 118
2.000000 218 117
2.040000 214 117
2.080000 207 117
2.120000 201 118
2.160000 197 117
2.200000 192 118
2.240000 186 119
2.280000 184 119
2.320000 179 119
2.360000 173 119
2.400000 169 118
2.440000 164 117
2.480000 160 116
2.520000 154 117
2.560000 148 117
2.600000 143 117
2.640000 140 118
2.680000 137 118
2.720000 136 119
2.760000 131 119
2.800000 127 120
2.840000 123 119
2.880000 114 118
2.920000 110 117
2.960000 106 115
3.000000 101 115
3.040000 95 115
3.080000 90 117
3.120000 82 118
3.160000 78 119
3.200000 75 118
3.240000 70 119
3.280000 68 118
3.320000 66 117
3.360000 64 115
3.400000 60 114
3.440000 55 114
3.480000 49 114
3.520000 44 113
3.560000 39 115
3.600000 34 117
3.640000 32 118
3.680000 24 119
3.720000 23 119
3.760000 18 118
3.800000 12 118
3.840000 8 117
3.880000 2 123
3.920000 2 123
3.960000 2 123
4.000000 2 123
4.040000 2 123
4.080000 2 123
4.120000 2 123
4.160000 2 123
4.200000 2 123
4.240000 2 123
4.280000 2 123
4.320000 2 123
4.360000 2 123
4.400000 2 123
4.440000 2 123
4.480000 2 123
4.520000 2 123
4.560000 2 123
