1.400000 320 119
1.440000 314 118
1.480000 309 119
1.520000 305 120
1.560000 301 119
1.600000 299 119
1.640000 296 119
1.680000 292 118
1.720000 288 117
1.760000 282 116
1.800000 277 117
1.840000 272 117
1.880000 268 118
1.920000 264 117
1.960000 260 118
2.000000 255 118
2.040000 252 119
2.080000 247 119
2.120000 244 119
2.160000 240 118
2.200000 234 117
2.240000 229 115
2.280000 221 117
2.320000 217 117
2.360000 210 117
2.400000 207 118
2.440000 201 118
2.480000 197 119
2.520000 190 118
2.560000 186 118
2.600000 183 117
2.640000 178 115
2.680000 173 114
2.720000 166 113
2.760000 159 113
2.800000 153 113
2.840000 149 115
2.880000 146 117
2.920000 142 117
2.960000 138 118
3.000000 133 118
3.040000 129 117
3.080000 123 117
3.120000 118 115
3.160000 112 115
3.200000 106 115
3.240000 101 115
3.280000 96 115
3.320000 91 117
3.360000 86 119
3.400000 84 118
3.440000 80 117
3.480000 75 115
3.520000 70 114
3.560000 65 113
3.600000 59 113
3.640000 54 113
3.680000 49 113
3.720000 44 114
3.760000 42 117
3.800000 38 118
3.840000 33 119
3.880000 29 117
3.920000 25 118
3.960000 21 117
4.000000 17 116
4.040000 12 114
4.080000 7 113
4.160000 2 117
