1.400000 316 119
1.440000 310 118
1.480000 305 119
1.520000 303 121
1.560000 298 119
1.600000 296 119
1.640000 293 119
1.680000 288 119
1.720000 283 117
1.760000 278 116
1.800000 273 116
1.840000 268 116
1.880000 264 118
1.920000 262 118
1.960000 257 118
2.000000 251 118
2.040000 247 119
2.080000 243 119
2.120000 240 119
2.160000 236 118
2.200000 231 116
2.240000 225 115
2.280000 218 117
2.320000 214 117
2.360000 208 118
2.400000 205 119
2.440000 200 118
2.480000 195 119
2.520000 190 118
2.560000 188 119
2.600000 183 117
2.640000 177 115
2.680000 171 114
2.720000 166 113
2.760000 159 113
2.800000 153 113
2.840000 148 116
2.880000 144 118
2.920000 140 118
2.960000 136 119
3.000000 132 118
3.040000 127 117
3.080000 123 118
3.120000 119 116
3.160000 112 115
3.200000 107 116
3.240000 103 117
3.280000 97 116
3.320000 94 117
3.360000 90 119
3.400000 86 119
3.440000 81 118
3.480000 77 117
3.520000 71 115
3.560000 67 113
3.600000 60 114
3.640000 56 113
3.680000 50 114
3.720000 45 115
3.760000 43 117
3.800000 39 118
3.840000 34 119
3.880000 32 118
3.920000 28 119
3.960000 24 118
4.000000 20 117
4.040000 16 115
4.080000 10 114
4.160000 2 116
