1.400000 299 63
1.440000 298 63
1.480000 299 63
1.520000 298 63
1.560000 297 63
1.600000 298 65
1.640000 298 65
1.680000 299 63
1.720000 299 62
1.760000 298 65
1.800000 295 67
1.840000 292 70
1.880000 283 72
1.920000 277 72
1.960000 266 72
2.000000 257 72
2.040000 245 67
2.080000 231 64
2.120000 219 61
2.160000 210 61
2.200000 204 61
2.240000 200 59
2.280000 199 57
2.320000 199 58
2.360000 199 58
2.400000 199 57
2.440000 199 59
2.480000 199 58
2.520000 199 60
2.560000 199 59
2.600000 199 59
2.640000 199 60
2.680000 198 61
2.720000 194 62
2.760000 190 66
2.800000 181 68
2.840000 171 67
2.880000 160 67
2.920000 148 65
2.960000 135 63
3.000000 122 63
3.040000 111 61
3.080000 101 61
3.120000 95 61
3.160000 94 58
3.200000 92 57
3.240000 92 57
3.280000 116 67
3.320000 91 57
3.360000 90 57
3.400000 92 58
3.440000 92 60
3.480000 92 60
3.520000 90 61
3.560000 90 62
3.600000 88 63
3.640000 85 66
3.680000 77 68
3.720000 69 70
3.760000 60 67
3.800000 50 66
3.840000 39 61
3.880000 29 63
3.920000 18 61
3.960000 8 62
4.040000 2 63
4.080000 2 62
4.160000 2 61
