2.840000 315 122
2.880000 313 123
2.920000 310 122
2.960000 308 120
3.000000 304 120
3.040000 301 119
3.080000 298 119
3.120000 294 119
3.160000 290 119
3.200000 287 119
3.240000 283 119
3.280000 278 119
3.320000 275 119
3.360000 272 119
3.400000 268 119
3.440000 266 119
3.480000 263 119
3.520000 260 119
3.560000 257 118
3.600000 252 117
3.640000 247 117
3.680000 242 118
3.720000 238 118
3.760000 234 119
3.800000 230 119
3.840000 225 119
3.880000 221 119
3.920000 218 119
3.960000 215 120
4.000000 212 119
4.040000 210 119
4.080000 205 119
4.120000 201 118
4.160000 198 115
4.200000 194 115
4.240000 188 117
4.280000 183 119
4.320000 176 118
4.360000 173 117
4.400000 169 119
4.440000 166 119
4.480000 163 118
4.520000 158 118
4.560000 156 115
4.600000 153 115
4.640000 148 114
4.680000 143 114
4.720000 138 114
4.760000 134 116
4.800000 129 117
4.840000 126 119
4.880000 122 118
4.920000 118 119
4.960000 116 118
5.000000 111 119
5.040000 107 118
5.080000 104 118
5.120000 101 116
5.160000 96 113
5.200000 92 113
5.240000 81 114
5.280000 77 115
5.320000 73 115
5.360000 70 118
5.400000 69 118
5.440000 65 118
5.480000 61 119
5.520000 58 117
5.560000 55 115
5.600000 54 117
5.640000 50 117
5.680000 47 116
5.720000 43 117
5.760000 38 118
5.800000 34 118
5.840000 32 118
5.880000 29 117
5.920000 26 119
5.960000 23 119
6.000000 19 119
6.040000 18 119
6.080000 14 118
6.120000 12 118
6.160000 8 116
6.200000 7 116
6.240000 2 116
6.280000 2 118
