2.840000 314 162
2.880000 309 161
2.920000 306 161
2.960000 303 161
3.000000 299 160
3.040000 297 160
3.080000 294 160
3.120000 291 160
3.160000 288 160
3.200000 283 160
3.240000 281 160
3.280000 277 161
3.320000 274 162
3.360000 272 161
3.400000 268 161
3.440000 264 161
3.480000 259 162
3.520000 257 162
3.560000 255 160
3.600000 251 160
3.640000 242 160
3.680000 242 160
3.720000 236 161
3.760000 232 162
3.800000 229 163
3.840000 225 161
3.880000 220 163
3.920000 217 163
3.960000 213 162
4.000000 210 162
4.040000 205 161
4.080000 201 160
4.120000 198 160
4.160000 194 160
4.200000 190 160
4.240000 185 161
4.280000 181 162
4.320000 178 162
4.360000 174 163
4.400000 170 164
4.440000 167 165
4.480000 164 165
4.520000 159 164
4.560000 154 161
4.600000 151 163
4.640000 147 162
4.680000 143 163
4.720000 138 162
4.760000 136 161
4.800000 131 163
4.840000 129 163
4.880000 127 163
4.920000 121 163
4.960000 116 164
5.000000 113 164
5.040000 108 163
5.080000 104 162
5.120000 101 160
5.160000 97 159
5.200000 94 159
5.240000 85 160
5.280000 84 159
5.320000 83 159
5.360000 80 160
5.400000 78 159
5.440000 75 159
5.480000 70 160
5.520000 65 160
5.560000 64 159
5.600000 60 159
5.640000 57 158
5.680000 54 156
5.720000 50 156
5.760000 48 156
5.800000 44 156
5.840000 39 158
5.880000 36 159
5.920000 33 159
5.960000 29 159
6.000000 27 159
6.040000 23 159
6.080000 22 156
6.120000 18 156
6.160000 13 158
6.200000 12 155
6.240000 7 155
6.280000 1 154
