0.000000 315 119
0.040000 315 119
0.080000 315 119
0.120000 315 119
0.160000 315 119
0.200000 315 119
0.240000 315 119
0.280000 315 119
0.320000 315 119
0.360000 315 119
0.400000 315 119
0.440000 315 119
0.480000 315 119
0.520000 315 119
0.560000 315 119
0.600000 315 119
0.640000 315 119
0.680000 315 119
0.720000 315 119
0.760000 315 119
0.800000 315 119
0.840000 315 119
0.880000 315 119
0.920000 315 119
0.960000 315 119
1.000000 315 119
1.040000 315 119
1.080000 315 119
1.120000 315 119
1.160000 315 119
1.200000 315 119
1.240000 315 119
1.280000 315 119
1.320000 315 119
1.360000 315 119
1.400000 315 119
1.440000 315 119
1.480000 315 119
1.520000 315 119
1.560000 315 119
1.600000 315 119
1.640000 315 119
1.680000 315 119
1.720000 314 120
1.760000 311 119
1.800000 308 119
1.840000 304 119
1.880000 302 118
1.920000 298 118
1.960000 294 117
2.000000 290 118
2.040000 286 118
2.080000 282 117
2.120000 277 118
2.160000 274 119
2.200000 272 119
2.240000 270 119
2.280000 267 119
2.320000 262 119
2.360000 258 117
2.400000 256 116
2.440000 251 117
2.480000 247 116
2.520000 242 116
2.560000 236 116
2.600000 232 118
2.640000 229 118
2.680000 225 119
2.720000 220 119
2.760000 217 119
2.800000 214 119
2.840000 210 117
2.880000 206 117
2.920000 202 117
2.960000 197 115
3.000000 192 117
3.040000 188 118
3.080000 184 117
3.120000 179 117
3.160000 177 118
3.200000 174 119
3.240000 170 118
3.280000 166 118
3.320000 163 117
3.360000 158 117
3.400000 153 115
3.440000 148 116
3.480000 143 115
3.520000 138 115
3.560000 133 117
3.600000 129 118
3.640000 125 118
3.680000 120 119
3.720000 116 119
3.760000 112 118
3.800000 108 118
3.840000 105 115
3.880000 100 113
3.920000 95 114
3.960000 89 115
4.000000 84 115
4.040000 81 115
4.080000 77 117
4.120000 75 118
4.160000 70 118
4.200000 66 117
4.240000 64 115
4.280000 59 115
4.320000 55 114
4.360000 50 113
4.400000 45 113
4.440000 41 113
4.480000 38 113
4.520000 34 115
4.560000 29 115
4.600000 27 117
4.640000 23 117
4.680000 18 117
4.720000 16 117
4.760000 12 117
4.800000 7 114
4.840000 5 115
4.880000 5 115
4.920000 5 115
4.960000 5 115
5.000000 5 115
5.040000 5 115
5.080000 5 115
5.120000 5 115
5.160000 5 115
5.200000 5 115
5.240000 5 115
5.280000 5 115
5.320000 5 115
5.360000 5 115
