2.120000 320 113
2.160000 320 115
2.200000 320 110
2.240000 314 113
2.280000 309 114
2.320000 302 115
2.360000 294 116
2.400000 287 117
2.440000 280 117
2.480000 272 117
2.520000 266 118
2.560000 260 118
2.600000 255 118
2.640000 251 117
2.680000 250 118
2.720000 247 117
2.760000 247 117
2.800000 247 117
2.840000 246 115
2.880000 247 116
2.920000 246 115
2.960000 246 114
3.000000 244 115
3.040000 242 113
3.080000 238 113
3.120000 234 114
3.160000 228 113
3.200000 221 113
3.240000 212 113
3.280000 205 113
3.320000 195 113
3.360000 189 113
3.400000 179 116
3.440000 170 117
3.480000 163 118
3.520000 158 118
3.560000 152 118
3.600000 147 118
3.640000 143 117
3.680000 142 116
3.720000 142 115
3.760000 142 115
3.800000 142 114
3.840000 142 115
3.880000 142 114
3.920000 142 114
3.960000 139 113
4.000000 137 113
4.040000 134 113
4.080000 131 113
4.120000 123 113
4.160000 116 113
4.200000 111 113
4.240000 103 113
4.280000 94 113
4.320000 86 113
4.360000 75 113
4.400000 69 114
4.440000 61 114
4.480000 55 115
4.520000 52 116
4.560000 49 116
4.600000 44 113
4.640000 44 114
4.680000 43 113
4.720000 43 113
4.760000 43 113
4.800000 43 113
4.840000 42 113
4.880000 43 113
4.920000 39 113
4.960000 38 113
5.000000 34 113
5.040000 30 113
5.080000 25 113
5.120000 19 113
5.160000 12 113
5.200000 7 112
5.240000 2 114
5.280000 2 116
