2.040000 313 165
2.080000 309 162
2.120000 305 165
2.160000 303 165
2.200000 299 165
2.240000 295 165
2.280000 292 166
2.320000 288 167
2.360000 284 167
2.400000 282 167
2.440000 277 167
2.480000 273 166
2.520000 270 165
2.560000 266 165
2.600000 262 165
2.640000 257 165
2.680000 253 165
2.720000 249 165
2.760000 246 167
2.800000 242 169
2.840000 237 169
2.880000 234 168
2.920000 230 168
2.960000 226 167
3.000000 221 167
3.040000 218 165
3.080000 214 166
3.120000 210 165
3.160000 205 166
3.200000 201 167
3.240000 197 167
3.280000 194 169
3.320000 190 169
3.360000 185 169
3.400000 181 169
3.440000 177 168
3.480000 173 166
3.520000 169 165
3.560000 164 165
3.600000 160 165
3.640000 156 166
3.680000 151 167
3.720000 147 167
3.760000 142 167
3.800000 138 169
3.840000 133 169
3.880000 130 169
3.920000 125 167
3.960000 121 165
4.000000 117 165
4.040000 112 165
4.080000 107 165
4.120000 103 165
4.160000 99 165
4.200000 95 165
4.240000 91 166
4.280000 86 166
4.320000 82 165
4.360000 80 165
4.400000 75 165
4.440000 71 164
4.480000 68 162
4.520000 64 162
4.560000 60 162
4.600000 55 163
4.640000 52 163
4.680000 48 164
4.720000 44 164
4.760000 41 165
4.800000 38 165
4.840000 34 164
4.880000 31 164
4.920000 27 162
4.960000 23 161
5.000000 19 160
5.040000 16 161
5.080000 12 161
5.120000 8 161
5.160000 6 161
5.200000 1 161
5.240000 2 161
5.280000 2 161
5.320000 2 163
