0.000000 320 109
0.040000 320 109
0.080000 320 109
0.120000 320 109
0.160000 320 109
0.200000 320 109
0.240000 320 109
0.280000 320 109
0.320000 320 109
0.360000 320 109
0.400000 320 109
0.440000 320 109
0.480000 320 109
0.520000 320 109
0.560000 320 109
0.600000 320 109
0.640000 320 109
0.680000 320 109
0.720000 316 106
0.760000 313 102
0.800000 310 99
0.840000 302 92
0.880000 297 89
0.920000 294 93
0.960000 290 91
1.000000 288 93
1.040000 286 93
1.080000 287 95
1.120000 288 96
1.160000 284 94
1.200000 283 93
1.240000 282 93
1.280000 278 93
1.320000 275 93
1.360000 270 93
1.400000 262 93
1.440000 257 93
1.480000 247 92
1.520000 240 92
1.560000 231 93
1.600000 225 93
1.640000 218 95
1.680000 212 93
1.720000 209 93
1.760000 205 91
1.800000 201 89
1.840000 196 90
1.880000 192 90
1.920000 187 91
1.960000 184 91
2.000000 179 91
2.040000 178 91
2.080000 179 93
2.120000 179 95
2.160000 176 94
2.200000 173 92
2.240000 172 91
2.280000 169 91
2.320000 167 90
2.360000 162 91
2.400000 156 91
2.440000 147 92
2.480000 138 91
2.520000 129 91
2.560000 122 89
2.600000 112 92
2.640000 106 93
2.680000 101 93
2.720000 96 92
2.760000 94 91
2.800000 90 90
2.840000 85 89
2.880000 80 87
2.920000 75 87
2.960000 70 89
3.000000 69 89
3.040000 67 88
3.080000 68 92
3.120000 68 93
3.160000 65 90
3.200000 64 92
3.240000 60 91
3.280000 59 90
3.320000 55 91
3.360000 51 92
3.400000 45 93
3.440000 38 92
3.480000 31 92
3.520000 23 91
3.560000 17 92
3.600000 8 93
3.640000 6 93
3.680000 3 93
3.720000 2 93
3.760000 2 92
3.800000 2 92
3.840000 2 91
3.880000 2 91
3.920000 2 91
3.960000 2 91
4.000000 2 91
4.040000 2 91
4.080000 2 91
4.120000 2 91
