1.720000 320 115
1.760000 320 116
1.800000 320 114
1.840000 312 114
1.880000 309 115
1.920000 304 115
1.960000 300 115
2.000000 298 115
2.040000 294 116
2.080000 292 117
2.120000 288 115
2.160000 284 114
2.200000 281 113
2.240000 277 113
2.280000 272 113
2.320000 267 113
2.360000 263 116
2.400000 258 118
2.440000 253 114
2.480000 248 114
2.520000 245 115
2.560000 242 117
2.600000 238 115
2.640000 234 114
2.680000 231 113
2.720000 225 113
2.760000 220 111
2.800000 215 112
2.840000 210 113
2.880000 205 113
2.920000 201 116
2.960000 197 117
3.000000 194 116
3.040000 188 117
3.080000 184 113
3.120000 179 113
3.160000 175 113
3.200000 172 111
3.240000 168 110
3.280000 161 109
3.320000 156 113
3.360000 149 113
3.400000 143 111
3.440000 139 113
3.480000 138 114
3.520000 134 114
3.560000 129 116
3.600000 126 115
3.640000 121 113
3.680000 117 113
3.720000 112 112
3.760000 107 112
3.800000 101 110
3.840000 96 111
3.880000 92 113
3.920000 90 114
3.960000 86 115
4.000000 82 115
4.040000 80 115
4.080000 75 116
4.120000 69 115
4.160000 64 114
4.200000 61 113
4.240000 55 113
4.280000 52 112
4.320000 47 112
4.360000 42 112
4.400000 39 113
4.440000 37 113
4.480000 34 113
4.520000 31 114
4.560000 28 114
4.600000 23 113
4.640000 22 113
4.680000 18 113
4.720000 14 112
4.760000 8 111
4.800000 7 113
4.840000 2 115
4.880000 2 116
