2.800000 239 49
2.840000 239 50
2.880000 243 48
2.920000 244 49
2.960000 244 50
3.000000 246 51
3.040000 245 51
3.080000 241 51
3.120000 234 50
3.160000 231 51
3.200000 227 51
3.240000 218 51
3.280000 218 50
3.320000 210 50
3.360000 205 50
3.400000 202 48
3.440000 217 52
3.480000 216 53
3.520000 219 57
3.560000 216 57
3.600000 207 55
3.640000 197 54
3.680000 192 50
3.720000 181 48
3.760000 171 49
3.800000 162 49
3.840000 157 49
3.880000 153 47
3.920000 154 47
3.960000 154 48
4.000000 160 49
4.040000 171 53
4.080000 173 56
4.120000 170 56
