2.800000 264 115
2.840000 261 115
2.880000 257 116
2.920000 253 116
2.960000 250 116
3.000000 246 118
3.040000 243 118
3.080000 240 119
3.120000 238 119
3.160000 236 118
3.200000 233 117
3.240000 230 116
3.280000 227 115
3.320000 224 114
3.360000 221 114
3.400000 216 113
3.440000 211 114
3.480000 207 114
3.520000 202 115
3.560000 198 116
3.600000 196 117
3.640000 193 117
3.680000 190 117
3.720000 188 117
3.760000 185 117
3.800000 183 116
3.840000 179 115
3.880000 177 114
3.920000 173 113
3.960000 168 113
4.000000 163 114
4.040000 159 114
4.080000 155 115
4.120000 152 115
