2.800000 268 154
2.840000 265 154
2.880000 262 154
2.920000 258 154
2.960000 255 154
3.000000 252 156
3.040000 249 157
3.080000 246 157
3.120000 243 158
3.160000 240 158
3.200000 236 156
3.240000 233 156
3.280000 230 155
3.320000 226 154
3.360000 222 154
3.400000 218 154
3.440000 215 155
3.480000 211 155
3.520000 208 155
3.560000 205 156
3.600000 201 156
3.640000 198 158
3.680000 195 158
3.720000 192 158
3.760000 189 158
3.800000 185 158
3.840000 182 156
3.880000 179 156
3.920000 176 155
3.960000 172 155
4.000000 168 155
4.040000 164 155
4.080000 161 156
4.120000 157 155
