2.800000 272 51
2.840000 272 51
2.880000 269 51
2.920000 264 51
2.960000 258 51
3.000000 252 52
3.040000 245 53
3.080000 237 54
3.120000 229 52
3.160000 221 51
3.200000 215 51
3.240000 213 51
3.280000 207 51
3.320000 207 49
3.360000 204 48
3.400000 196 47
3.440000 195 47
3.480000 196 47
3.520000 190 47
3.560000 189 47
3.600000 189 48
3.640000 187 48
3.680000 186 49
3.720000 183 50
3.760000 182 49
3.800000 181 48
3.840000 180 47
3.880000 179 46
3.920000 176 46
3.960000 173 46
4.000000 165 46
4.040000 155 46
4.080000 149 47
4.120000 147 47
