0.000000 320 63
0.040000 320 63
0.080000 320 63
0.120000 320 63
0.160000 320 63
0.200000 320 63
0.240000 320 63
0.280000 320 63
0.320000 320 63
0.360000 320 63
0.400000 320 63
0.440000 320 63
0.480000 320 63
0.520000 320 63
0.560000 320 63
0.600000 320 63
0.640000 320 63
0.680000 320 63
0.720000 320 63
0.760000 320 63
0.800000 320 63
0.840000 320 63
0.880000 320 63
0.920000 320 63
0.960000 320 63
1.000000 320 63
1.040000 320 63
1.080000 320 63
1.120000 320 63
1.160000 320 63
1.200000 320 63
1.240000 320 63
1.280000 320 63
1.320000 320 63
1.360000 320 63
1.400000 320 63
1.440000 320 63
1.480000 320 63
1.520000 320 63
1.560000 320 63
1.600000 320 63
1.640000 320 63
1.680000 320 63
1.720000 320 63
1.760000 320 63
1.800000 320 63
1.840000 320 63
1.880000 320 63
1.920000 320 63
1.960000 320 63
2.000000 320 63
2.040000 320 63
2.080000 320 63
2.120000 320 63
2.160000 320 63
2.200000 320 63
2.240000 320 63
2.280000 320 63
2.320000 320 63
2.360000 320 63
2.400000 320 63
2.440000 320 63
2.480000 320 63
2.520000 320 63
2.560000 320 63
2.600000 320 63
2.640000 320 63
2.680000 320 63
2.720000 320 63
2.760000 320 63
2.800000 320 63
2.840000 320 63
2.880000 320 63
2.920000 320 63
2.960000 320 63
3.000000 320 63
3.040000 320 63
3.080000 320 63
3.120000 320 63
3.160000 320 63
3.200000 320 63
3.240000 320 63
3.280000 320 63
3.320000 320 63
3.360000 301 57
3.400000 294 56
3.440000 290 56
3.480000 289 56
3.520000 290 56
3.560000 290 56
3.600000 290 56
3.640000 290 56
3.680000 290 56
3.720000 291 57
3.760000 292 57
3.800000 292 57
3.840000 290 56
3.880000 291 56
3.920000 290 56
3.960000 291 56
4.000000 291 56
4.040000 290 56
4.080000 290 58
4.120000 290 60
4.160000 288 63
4.200000 283 68
4.240000 278 71
4.280000 272 71
4.320000 263 71
4.360000 255 67
4.400000 246 59
4.440000 236 56
4.480000 223 52
4.520000 212 51
4.560000 205 51
4.600000 201 51
4.640000 201 51
4.680000 201 51
4.720000 201 51
4.760000 201 51
4.800000 201 51
4.840000 201 51
4.880000 203 51
4.920000 201 52
4.960000 201 52
5.000000 201 51
5.040000 201 51
5.080000 201 51
5.120000 201 51
5.160000 201 51
5.200000 201 53
5.240000 200 56
5.280000 198 59
5.320000 194 65
5.360000 186 67
5.400000 179 67
5.440000 171 66
5.480000 162 65
5.520000 153 59
5.560000 142 56
5.600000 131 51
5.640000 118 51
5.680000 110 51
5.720000 106 51
5.760000 106 51
5.800000 106 50
5.840000 106 51
5.880000 106 51
5.920000 106 51
5.960000 106 51
6.000000 106 51
6.040000 107 51
6.080000 106 51
6.120000 106 50
6.160000 106 51
6.200000 106 51
6.240000 106 51
6.280000 106 52
6.320000 106 53
6.360000 105 56
6.400000 102 58
6.440000 98 63
6.480000 90 67
6.520000 84 68
6.560000 76 68
6.600000 69 64
6.640000 59 59
6.680000 49 56
6.720000 38 53
6.760000 29 52
6.800000 20 55
6.840000 18 55
6.880000 18 54
6.920000 18 54
6.960000 18 53
7.000000 18 53
7.040000 18 53
7.080000 18 54
7.120000 18 53
7.160000 18 56
7.200000 18 56
7.240000 18 55
7.280000 18 55
7.320000 18 56
7.360000 17 57
7.400000 16 58
7.440000 16 59
7.480000 15 60
7.520000 15 61
7.560000 14 62
7.600000 14 62
7.640000 14 62
7.680000 14 62
7.720000 14 62
7.760000 14 62
7.800000 14 62
