0.000000 302 124
0.040000 302 124
0.080000 302 124
0.120000 302 124
0.160000 302 124
0.200000 302 124
0.240000 302 124
0.280000 302 124
0.320000 302 124
0.360000 302 124
0.400000 302 124
0.440000 302 124
0.480000 302 124
0.520000 302 124
0.560000 302 124
0.600000 302 124
0.640000 302 124
0.680000 302 124
0.720000 302 124
0.760000 302 124
0.800000 302 124
0.840000 302 124
0.880000 302 124
0.920000 302 124
0.960000 302 124
1.000000 302 124
1.040000 302 124
1.080000 302 124
1.120000 302 124
1.160000 302 124
1.200000 302 124
1.240000 302 124
1.280000 302 124
1.320000 302 124
1.360000 302 124
1.400000 302 124
1.440000 302 124
1.480000 302 124
1.520000 302 124
1.560000 302 124
1.600000 302 124
1.640000 302 124
1.680000 302 124
1.720000 302 124
1.760000 302 124
1.800000 302 124
1.840000 302 124
1.880000 302 124
1.920000 302 124
1.960000 302 124
2.000000 302 124
2.040000 302 124
2.080000 302 124
2.120000 302 124
2.160000 302 124
2.200000 302 124
2.240000 302 124
2.280000 302 124
2.320000 302 124
2.360000 302 124
2.400000 302 124
2.440000 302 124
2.480000 302 124
2.520000 302 124
2.560000 302 124
2.600000 302 124
2.640000 302 124
2.680000 302 124
2.720000 302 124
2.760000 302 124
2.800000 302 124
2.840000 302 124
2.880000 302 124
2.920000 302 124
2.960000 302 124
3.000000 302 124
3.040000 302 124
3.080000 302 124
3.120000 302 124
3.160000 302 124
3.200000 302 124
3.240000 302 124
3.280000 302 124
3.320000 298 124
3.360000 294 124
3.400000 292 124
3.440000 288 124
3.480000 288 123
3.520000 288 124
3.560000 286 123
3.600000 284 123
3.640000 282 123
3.680000 280 123
3.720000 278 123
3.760000 276 123
3.800000 274 123
3.840000 272 123
3.880000 270 123
3.920000 268 123
3.960000 262 121
4.000000 257 123
4.040000 254 123
4.080000 251 123
4.120000 248 123
4.160000 245 123
4.200000 243 123
4.240000 240 123
4.280000 237 123
4.320000 234 123
4.360000 230 124
4.400000 225 124
4.440000 220 124
4.480000 215 125
4.520000 210 124
4.560000 208 126
4.600000 205 124
4.640000 203 124
4.680000 200 124
4.720000 195 122
4.760000 192 122
4.800000 190 122
4.840000 187 122
4.880000 185 122
4.920000 182 122
4.960000 180 122
5.000000 175 122
5.040000 172 123
5.080000 169 123
5.120000 160 122
5.160000 157 123
5.200000 155 123
5.240000 153 123
5.280000 150 124
5.320000 146 124
5.360000 143 124
5.400000 140 124
5.440000 137 124
5.480000 134 124
5.520000 131 124
5.560000 128 124
5.600000 125 124
5.640000 118 124
5.680000 116 124
5.720000 111 124
5.760000 105 123
5.800000 102 124
5.840000 99 124
5.880000 96 124
5.920000 93 124
5.960000 90 124
6.000000 87 124
6.040000 84 124
6.080000 81 124
6.120000 78 124
6.160000 75 124
6.200000 69 124
6.240000 67 124
6.280000 66 124
6.320000 65 123
6.360000 63 123
6.400000 62 123
6.440000 61 122
6.480000 59 122
6.520000 58 122
6.560000 57 121
6.600000 55 121
6.640000 54 121
6.680000 53 120
6.720000 50 120
6.760000 48 120
6.800000 45 120
6.840000 42 120
6.880000 40 119
6.920000 37 119
6.960000 35 118
7.000000 33 117
7.040000 33 117
7.080000 33 117
7.120000 33 117
7.160000 33 117
7.200000 33 117
7.240000 33 117
7.280000 33 117
7.320000 33 117
7.360000 33 117
7.400000 33 117
7.440000 33 117
7.480000 33 117
7.520000 33 117
7.560000 33 117
7.600000 33 117
7.640000 33 117
7.680000 33 117
7.720000 33 117
7.760000 33 117
7.800000 33 117
