1.800000 299 63
1.840000 299 63
1.880000 298 63
1.920000 298 62
1.960000 299 62
2.000000 297 63
2.040000 297 62
2.080000 297 61
2.120000 297 61
2.160000 297 61
2.200000 298 61
2.240000 297 61
2.280000 294 61
2.320000 286 61
2.360000 273 60
2.400000 260 61
2.440000 249 60
2.480000 233 58
2.520000 220 61
2.560000 210 63
2.600000 203 65
2.640000 201 61
2.680000 199 59
2.720000 199 57
2.760000 199 57
2.800000 199 57
2.840000 199 57
2.880000 199 57
2.920000 198 56
2.960000 198 56
3.000000 199 56
3.040000 199 56
3.080000 199 56
3.120000 199 56
3.160000 199 54
3.200000 197 55
3.240000 190 56
3.280000 179 56
3.320000 164 56
3.360000 150 56
3.400000 134 55
3.440000 121 57
3.480000 107 60
3.520000 99 62
3.560000 92 63
3.600000 91 61
3.640000 91 57
3.680000 91 56
3.720000 90 56
3.760000 91 56
3.800000 91 56
3.840000 90 56
3.880000 90 56
3.920000 90 56
3.960000 90 56
4.000000 90 56
4.040000 90 55
4.080000 91 55
4.120000 90 54
4.160000 90 56
4.200000 81 57
4.240000 71 58
4.280000 58 60
4.320000 45 57
4.360000 33 56
4.400000 22 58
4.440000 12 61
4.520000 6 63
4.560000 6 61
4.680000 2 60
4.720000 2 59
