1.840000 320 124
1.880000 320 123
1.920000 320 126
1.960000 310 123
2.000000 303 126
2.040000 297 122
2.080000 283 124
2.120000 278 124
2.160000 271 124
2.200000 266 124
2.240000 263 123
2.280000 262 122
2.320000 263 122
2.360000 266 124
2.400000 264 120
2.440000 266 120
2.480000 265 118
2.520000 266 117
2.560000 264 117
2.600000 263 117
2.640000 261 117
2.680000 257 117
2.720000 251 117
2.760000 243 115
2.800000 234 117
2.840000 225 115
2.880000 216 119
2.920000 210 120
2.960000 200 124
3.000000 189 120
3.040000 175 118
3.080000 168 118
3.120000 162 119
3.160000 157 119
3.200000 152 118
3.240000 149 117
3.280000 149 117
3.320000 149 118
3.360000 152 121
3.400000 147 118
3.440000 147 118
3.480000 132 122
3.520000 147 113
3.560000 144 113
3.600000 142 113
3.640000 136 115
3.680000 129 113
3.720000 122 113
3.760000 112 113
3.800000 106 119
3.840000 96 119
3.880000 92 119
3.920000 77 116
3.960000 95 118
4.000000 59 115
4.040000 54 117
4.080000 86 120
4.120000 81 119
4.160000 77 119
4.200000 70 118
4.240000 40 114
4.280000 43 115
4.320000 44 119
4.360000 41 119
4.400000 43 118
4.440000 38 118
4.480000 36 116
4.520000 13 119
4.560000 9 119
4.600000 23 115
4.640000 15 116
4.680000 8 117
