1.840000 309 64
1.880000 320 74
1.920000 316 77
1.960000 303 70
2.000000 294 70
2.040000 283 65
2.080000 272 64
2.120000 265 61
2.160000 262 61
2.200000 262 60
2.240000 262 59
2.280000 262 60
2.320000 262 61
2.360000 262 61
2.400000 260 62
2.440000 264 61
2.480000 262 60
2.520000 262 60
2.560000 262 61
2.600000 262 61
2.640000 262 63
2.680000 260 67
2.720000 255 70
2.760000 248 72
2.800000 241 76
2.840000 231 72
2.880000 221 72
2.920000 205 67
2.960000 195 63
3.000000 182 61
3.040000 170 59
3.080000 163 59
3.120000 160 57
3.160000 159 56
3.200000 159 56
3.240000 159 56
3.280000 158 56
3.320000 158 56
3.360000 159 56
3.400000 160 57
3.440000 159 56
3.480000 159 56
3.520000 159 56
3.560000 158 58
3.600000 158 61
3.640000 155 65
3.680000 149 70
3.720000 142 71
3.760000 132 72
3.800000 121 70
3.840000 111 68
3.880000 95 61
3.920000 86 64
3.960000 75 61
4.000000 64 60
4.040000 59 59
4.080000 55 57
4.120000 55 57
4.160000 55 57
4.200000 55 57
4.240000 55 57
4.280000 54 59
4.320000 59 62
4.360000 56 59
4.400000 55 58
4.440000 55 58
4.480000 55 59
4.520000 55 61
4.560000 53 64
4.600000 48 69
4.640000 40 72
4.680000 33 73
