0.000000 277 66
0.040000 277 66
0.080000 277 66
0.120000 277 66
0.160000 277 66
0.200000 277 66
0.240000 277 66
0.280000 277 66
0.320000 277 66
0.360000 277 66
0.400000 277 66
0.440000 277 66
0.480000 277 66
0.520000 277 66
0.560000 277 66
0.600000 277 66
0.640000 277 66
0.680000 277 66
0.720000 277 66
0.760000 277 66
0.800000 277 66
0.840000 277 66
0.880000 277 66
0.920000 277 66
0.960000 277 66
1.000000 285 66
1.040000 294 65
1.080000 302 65
1.120000 311 64
1.160000 312 58
1.200000 301 57
1.240000 286 56
1.280000 268 57
1.320000 255 55
1.360000 236 56
1.400000 221 60
1.440000 216 60
1.480000 213 56
1.520000 210 54
1.560000 210 53
1.600000 210 53
1.640000 210 52
1.680000 211 52
1.720000 210 52
1.760000 210 52
1.800000 210 52
1.840000 210 52
1.880000 210 51
1.920000 210 51
1.960000 205 54
2.000000 191 53
2.040000 175 52
2.080000 158 55
2.120000 140 52
2.160000 147 54
2.200000 105 56
2.240000 94 59
2.280000 89 59
2.320000 87 56
2.360000 86 54
2.400000 86 52
2.440000 86 52
2.480000 86 52
2.520000 86 51
2.560000 86 51
2.600000 86 51
2.640000 86 51
2.680000 86 51
2.720000 86 50
2.760000 86 51
2.800000 77 55
2.840000 66 56
2.880000 51 53
2.920000 32 56
2.960000 8 56
3.000000 11 57
3.040000 14 57
3.080000 17 57
3.120000 20 57
3.160000 23 57
3.200000 26 57
3.240000 19 61
3.280000 8 61
3.320000 8 61
3.360000 8 61
3.400000 8 61
3.440000 8 61
