0.000000 314 61
0.040000 314 61
0.080000 314 61
0.120000 314 61
0.160000 314 61
0.200000 314 61
0.240000 314 61
0.280000 314 61
0.320000 314 61
0.360000 314 61
0.400000 314 61
0.440000 314 61
0.480000 314 61
0.520000 314 61
0.560000 314 61
0.600000 314 61
0.640000 314 61
0.680000 314 61
0.720000 314 61
0.760000 314 61
0.800000 314 61
0.840000 314 61
0.880000 314 61
0.920000 314 61
0.960000 314 61
1.000000 314 61
1.040000 314 61
1.080000 314 61
1.120000 314 61
1.160000 314 61
1.200000 314 61
1.240000 314 61
1.280000 314 61
1.320000 314 61
1.360000 314 61
1.400000 314 61
1.440000 314 61
1.480000 314 61
1.520000 314 61
1.560000 314 61
1.600000 314 61
1.640000 314 61
1.680000 314 61
1.720000 314 61
1.760000 314 61
1.800000 314 61
1.840000 314 61
1.880000 314 61
1.920000 314 61
1.960000 314 61
2.000000 314 61
2.040000 314 61
2.080000 314 61
2.120000 314 61
2.160000 314 61
2.200000 314 61
2.240000 314 61
2.280000 314 61
2.320000 314 61
2.360000 314 61
2.400000 314 61
2.440000 314 61
2.480000 314 62
2.520000 312 64
2.560000 309 68
2.600000 304 70
2.640000 294 72
2.680000 284 71
2.720000 273 66
2.760000 261 61
2.800000 247 58
2.840000 233 56
2.880000 220 55
2.920000 216 55
2.960000 214 54
3.000000 214 54
3.040000 214 54
3.080000 214 54
3.120000 214 55
3.160000 215 54
3.200000 214 56
3.240000 215 55
3.280000 216 55
3.320000 216 55
3.360000 215 56
3.400000 215 56
3.440000 212 61
3.480000 205 66
3.520000 199 68
3.560000 188 70
3.600000 175 67
3.640000 164 63
3.680000 152 58
3.720000 137 56
3.760000 122 54
3.800000 112 54
3.840000 108 54
3.880000 107 53
3.920000 108 52
3.960000 108 52
4.000000 108 52
4.040000 108 52
4.080000 109 55
4.120000 108 55
4.160000 108 54
4.200000 110 54
4.240000 110 54
4.280000 108 55
4.320000 108 57
4.360000 106 61
4.400000 101 67
4.440000 91 68
4.480000 75 65
4.520000 62 65
4.560000 49 60
4.600000 37 56
4.640000 26 56
4.680000 18 57
4.720000 16 57
4.760000 16 56
4.800000 16 56
4.840000 17 56
4.880000 16 56
4.920000 17 56
4.960000 16 57
5.000000 16 57
5.040000 16 57
5.080000 16 57
5.120000 16 57
5.160000 16 57
5.200000 16 57
5.240000 16 57
5.280000 16 57
5.320000 16 57
