0.000000 303 57
0.040000 303 57
0.080000 303 57
0.120000 303 57
0.160000 303 57
0.200000 303 57
0.240000 303 57
0.280000 303 57
0.320000 303 57
0.360000 303 57
0.400000 303 57
0.440000 303 57
0.480000 303 57
0.520000 303 57
0.560000 303 57
0.600000 303 57
0.640000 303 57
0.680000 303 57
0.720000 303 57
0.760000 303 57
0.800000 303 57
0.840000 303 57
0.880000 303 57
0.920000 303 57
0.960000 303 57
1.000000 303 57
1.040000 303 57
1.080000 303 57
1.120000 303 57
1.160000 303 57
1.200000 303 57
1.240000 303 57
1.280000 303 57
1.320000 303 57
1.360000 303 57
1.400000 303 57
1.440000 303 57
1.480000 303 57
1.520000 303 57
1.560000 303 57
1.600000 303 57
1.640000 303 57
1.680000 303 57
1.720000 303 57
1.760000 303 57
1.800000 303 57
1.840000 303 57
1.880000 303 57
1.920000 303 57
1.960000 303 57
2.000000 303 57
2.040000 303 57
2.080000 303 57
2.120000 303 57
2.160000 303 57
2.200000 303 57
2.240000 303 57
2.280000 302 61
2.320000 290 61
2.360000 278 60
2.400000 266 61
2.440000 257 66
2.480000 252 62
2.520000 252 58
2.560000 253 58
2.600000 255 57
2.640000 255 56
2.680000 252 58
2.720000 251 61
2.760000 256 55
2.800000 256 59
2.840000 255 59
2.880000 256 61
2.920000 253 61
2.960000 255 60
3.000000 251 56
3.040000 247 57
3.080000 237 58
3.120000 225 58
3.160000 218 61
3.200000 198 58
3.240000 186 57
3.280000 170 58
3.320000 158 61
3.360000 151 61
3.400000 151 57
3.440000 148 56
3.480000 147 54
3.520000 147 55
3.560000 147 55
3.600000 148 56
3.640000 147 56
3.680000 153 55
3.720000 149 56
3.760000 147 56
3.800000 147 56
3.840000 148 56
3.880000 147 55
3.920000 147 54
3.960000 144 56
4.000000 135 56
4.040000 122 57
4.080000 112 58
4.120000 96 58
4.160000 86 56
4.200000 75 56
4.240000 60 60
4.280000 53 61
4.320000 51 57
4.360000 50 56
4.400000 49 56
4.440000 49 56
4.480000 49 56
4.520000 52 56
4.560000 51 56
4.600000 49 56
4.640000 51 56
4.680000 51 56
4.720000 49 56
4.760000 49 56
4.800000 49 54
4.840000 49 56
4.880000 39 61
4.920000 29 59
4.960000 18 60
5.000000 18 60
5.040000 18 60
5.080000 18 60
5.120000 18 60
5.160000 18 60
5.200000 18 60
5.240000 18 60
5.280000 18 60
5.320000 18 60
