0.000000 320 67
0.040000 320 67
0.080000 320 67
0.120000 320 67
0.160000 320 67
0.200000 320 67
0.240000 320 67
0.280000 320 67
0.320000 320 67
0.360000 320 67
0.400000 320 67
0.440000 320 67
0.480000 320 67
0.520000 320 67
0.560000 320 67
0.600000 320 67
0.640000 320 67
0.680000 320 67
0.720000 320 67
0.760000 320 67
0.800000 320 67
0.840000 320 67
0.880000 320 67
0.920000 320 67
0.960000 320 67
1.000000 320 67
1.040000 320 67
1.080000 320 67
1.120000 320 67
1.160000 320 67
1.200000 320 67
1.240000 320 67
1.280000 320 67
1.320000 320 67
1.360000 320 67
1.400000 320 67
1.440000 320 67
1.480000 320 67
1.520000 320 67
1.560000 320 67
1.600000 320 67
1.640000 320 67
1.680000 320 67
1.720000 320 67
1.760000 320 67
1.800000 320 67
1.840000 320 67
1.880000 320 67
1.920000 320 67
1.960000 320 67
2.000000 320 67
2.040000 320 67
2.080000 320 67
2.120000 320 67
2.160000 320 67
2.200000 320 67
2.240000 320 67
2.280000 320 67
2.320000 320 67
2.360000 320 67
2.400000 320 67
2.440000 320 63
2.480000 320 62
2.520000 320 63
2.560000 320 63
2.600000 320 63
2.640000 320 65
2.680000 315 66
2.720000 313 70
2.760000 307 71
2.800000 299 71
2.840000 288 68
2.880000 278 61
2.920000 273 56
2.960000 253 53
3.000000 275 57
3.040000 233 51
3.080000 231 51
3.120000 231 51
3.160000 231 51
3.200000 231 51
3.240000 231 51
3.280000 231 51
3.320000 231 52
3.360000 231 52
3.400000 231 52
3.440000 231 51
3.480000 231 51
3.520000 231 51
3.560000 231 51
3.600000 231 52
3.640000 227 59
3.680000 215 67
3.720000 205 67
3.760000 195 67
3.800000 182 61
3.840000 171 56
3.880000 157 56
3.920000 142 52
3.960000 131 52
4.000000 127 51
4.040000 127 50
4.080000 127 50
4.120000 127 51
4.160000 127 51
4.200000 127 51
4.240000 127 52
4.280000 135 67
4.320000 128 52
4.360000 127 54
4.400000 127 52
4.440000 127 52
4.480000 127 52
4.520000 127 53
4.560000 125 56
4.600000 121 61
4.640000 116 66
4.680000 106 67
4.720000 96 67
4.760000 84 66
4.800000 75 58
4.840000 63 56
4.880000 50 54
4.920000 39 52
4.960000 30 54
5.000000 28 54
5.040000 28 52
5.080000 27 52
5.120000 28 52
5.160000 28 52
5.200000 28 52
5.240000 44 69
5.280000 34 67
5.320000 28 53
5.360000 26 56
5.400000 28 53
5.440000 23 56
5.480000 21 58
5.520000 20 60
5.560000 18 62
5.600000 17 64
5.640000 15 66
5.680000 14 67
5.720000 14 67
5.760000 14 67
5.800000 14 67
