1.320000 320 97
1.400000 310 93
1.440000 308 95
1.480000 303 94
1.520000 294 96
1.560000 288 97
1.600000 283 97
1.640000 280 95
1.680000 277 93
1.720000 272 92
1.760000 266 89
1.800000 262 88
1.840000 257 89
1.880000 253 90
1.920000 250 90
1.960000 247 91
2.000000 246 92
2.040000 246 93
2.080000 244 92
2.120000 242 92
2.160000 240 91
2.200000 237 91
2.240000 234 90
2.280000 229 90
2.320000 221 91
2.360000 211 89
2.400000 204 89
2.440000 195 89
2.480000 187 92
2.520000 178 93
2.560000 171 93
2.600000 166 94
2.640000 162 92
2.680000 158 91
2.720000 153 89
2.760000 147 87
2.800000 141 87
2.840000 137 87
2.880000 132 87
2.920000 131 88
2.960000 127 89
3.000000 127 92
3.040000 127 90
3.080000 125 88
3.120000 123 87
3.160000 121 87
3.200000 117 87
3.240000 112 87
3.280000 107 89
3.320000 97 89
3.360000 90 87
3.400000 80 89
3.440000 74 89
3.480000 64 93
3.520000 64 94
3.560000 53 95
3.600000 48 93
3.640000 44 92
3.680000 43 92
3.720000 38 91
3.760000 33 89
3.800000 28 90
3.840000 23 90
3.880000 23 89
3.920000 19 89
3.960000 19 93
4.000000 18 93
4.040000 18 93
4.080000 15 93
4.120000 12 96
4.200000 1 97
4.240000 2 92
4.280000 2 87
