1.160000 320 170
1.200000 314 170
1.240000 309 169
1.280000 305 168
1.320000 301 167
1.360000 296 168
1.400000 292 169
1.440000 288 170
1.480000 283 170
1.520000 278 171
1.560000 272 172
1.600000 268 172
1.640000 262 172
1.680000 257 171
1.720000 251 171
1.760000 245 170
1.800000 237 170
1.840000 231 170
1.880000 225 171
1.920000 220 171
1.960000 215 172
2.000000 210 174
2.040000 205 174
2.080000 199 175
2.120000 194 174
2.160000 188 172
2.200000 181 171
2.240000 175 171
2.280000 169 170
2.320000 162 170
2.360000 156 170
2.400000 150 170
2.440000 144 171
2.480000 138 171
2.520000 133 174
2.560000 127 174
2.600000 122 174
2.640000 117 173
2.680000 112 172
2.720000 107 171
2.760000 101 171
2.800000 96 170
2.840000 91 170
2.880000 85 170
2.920000 81 170
2.960000 76 171
3.000000 72 171
3.040000 68 172
3.080000 62 172
3.120000 58 171
3.160000 53 171
3.200000 48 170
3.240000 44 169
3.280000 39 169
3.320000 34 168
3.360000 28 167
3.400000 23 167
3.440000 18 167
3.480000 15 167
3.520000 10 169
3.560000 7 169
3.600000 2 169
3.640000 2 169
