1.280000 320 170
1.320000 320 170
1.360000 314 171
1.400000 309 171
1.440000 305 172
1.480000 300 171
1.520000 294 171
1.560000 289 170
1.600000 283 170
1.640000 278 169
1.680000 272 169
1.720000 267 169
1.760000 261 169
1.800000 256 170
1.840000 250 171
1.880000 243 172
1.920000 237 174
1.960000 232 172
2.000000 225 172
2.040000 218 171
2.080000 210 171
2.120000 203 170
2.160000 194 170
2.200000 189 171
2.240000 183 171
2.280000 178 172
2.320000 173 175
2.360000 168 175
2.400000 162 175
2.440000 155 174
2.480000 148 172
2.520000 142 171
2.560000 136 171
2.600000 128 170
2.640000 121 169
2.680000 116 170
2.720000 110 170
2.760000 103 171
2.800000 97 171
2.840000 92 172
2.880000 86 172
2.920000 81 171
2.960000 75 171
3.000000 69 170
3.040000 64 169
3.080000 58 169
3.120000 51 169
3.160000 47 169
3.200000 42 169
3.240000 38 169
3.280000 33 169
3.320000 29 170
3.360000 25 170
3.400000 21 170
3.440000 17 169
3.480000 12 168
3.520000 8 165
3.560000 2 165
