0.000000 320 163
0.040000 320 163
0.080000 320 163
0.120000 320 163
0.160000 320 163
0.200000 320 163
0.240000 320 163
0.280000 320 163
0.320000 320 163
0.360000 320 163
0.400000 320 163
0.440000 320 163
0.480000 320 163
0.520000 320 163
0.560000 320 163
0.600000 320 163
0.640000 320 163
0.680000 320 163
0.720000 320 163
0.760000 320 163
0.800000 320 163
0.840000 320 163
0.880000 320 163
0.920000 320 163
0.960000 320 163
1.000000 320 163
1.040000 320 163
1.080000 320 163
1.120000 320 163
1.160000 320 163
1.200000 320 163
1.240000 320 163
1.280000 320 163
1.320000 320 163
1.360000 320 163
1.400000 320 163
1.440000 320 163
1.480000 320 163
1.520000 320 163
1.560000 320 163
1.600000 320 163
1.640000 320 163
1.680000 315 165
1.720000 314 164
1.760000 309 161
1.800000 304 162
1.840000 299 163
1.880000 297 163
1.920000 293 164
1.960000 288 165
2.000000 283 165
2.040000 280 165
2.080000 275 165
2.120000 271 165
2.160000 267 165
2.200000 262 165
2.240000 257 164
2.280000 253 164
2.320000 248 164
2.360000 244 163
2.400000 238 165
2.440000 233 165
2.480000 228 165
2.520000 225 165
2.560000 219 165
2.600000 214 165
2.640000 208 165
2.680000 203 165
2.720000 198 165
2.760000 192 165
2.800000 185 164
2.840000 179 163
2.880000 173 164
2.920000 168 165
2.960000 164 165
3.000000 160 166
3.040000 157 166
3.080000 153 166
3.120000 147 165
3.160000 142 165
3.200000 137 165
3.240000 131 165
3.280000 126 164
3.320000 121 163
3.360000 114 163
3.400000 109 165
3.440000 105 165
3.480000 99 165
3.520000 94 165
3.560000 89 165
3.600000 84 165
3.640000 77 165
3.680000 71 164
3.720000 66 163
3.760000 60 162
3.800000 55 161
3.840000 51 161
3.880000 47 163
3.920000 43 164
3.960000 39 165
4.000000 34 164
4.040000 32 164
4.080000 28 163
4.120000 23 162
4.160000 20 160
4.200000 17 160
4.240000 12 159
4.280000 7 159
4.320000 2 158
4.360000 2 159
4.400000 2 159
4.440000 2 159
4.480000 2 159
4.520000 2 159
4.560000 2 159
4.600000 2 159
4.640000 2 159
4.680000 2 159
4.720000 2 159
4.760000 2 159
4.800000 2 159
4.840000 2 159
4.880000 2 159
4.920000 2 159
4.960000 2 159
5.000000 2 159
5.040000 2 159
