2.680000 214 54
2.720000 214 53
2.760000 213 52
2.800000 245 57
2.840000 213 51
2.880000 214 51
2.920000 212 50
2.960000 212 51
3.000000 176 58
3.040000 212 51
3.080000 159 62
3.120000 157 62
3.160000 154 58
3.200000 210 50
3.240000 153 56
3.280000 199 54
3.320000 153 54
3.360000 174 53
3.400000 153 54
3.440000 145 52
3.480000 130 52
3.520000 116 56
3.560000 106 58
3.600000 100 61
3.640000 99 58
3.680000 96 56
3.720000 95 55
3.760000 148 55
3.800000 95 52
3.840000 127 56
3.880000 95 51
3.920000 95 51
3.960000 95 51
4.000000 95 51
4.040000 95 51
4.080000 95 51
4.120000 95 51
4.160000 95 50
4.200000 94 50
4.240000 94 50
4.280000 91 50
4.320000 82 54
4.360000 71 54
4.400000 60 54
4.440000 43 54
4.480000 33 53
4.520000 22 55
4.560000 12 57
4.600000 6 61
4.640000 42 54
4.680000 34 55
4.720000 26 55
4.760000 18 55
4.800000 33 57
4.840000 26 58
4.880000 20 58
4.920000 14 59
4.960000 8 59
