2.680000 225 122
2.720000 225 121
2.760000 223 120
2.800000 221 120
2.840000 220 119
2.880000 219 119
2.920000 211 118
2.960000 205 120
3.000000 199 123
3.040000 221 118
3.080000 218 118
3.120000 214 118
3.160000 200 117
3.200000 193 118
3.240000 187 118
3.280000 180 118
3.320000 174 119
3.360000 167 119
3.400000 161 119
3.440000 147 122
3.480000 141 123
3.520000 132 123
3.560000 127 123
3.600000 121 123
3.640000 117 123
3.680000 114 123
3.720000 111 122
3.760000 108 122
3.800000 105 121
3.840000 102 121
3.880000 99 120
3.920000 96 120
3.960000 112 118
4.000000 112 119
4.040000 110 118
4.080000 107 118
4.120000 102 118
4.160000 97 117
4.200000 92 116
4.240000 79 115
4.280000 73 116
4.320000 67 117
4.360000 61 118
4.400000 55 119
4.440000 49 120
4.480000 43 121
4.520000 37 122
4.560000 25 124
4.600000 17 123
4.640000 15 123
4.680000 14 123
4.720000 13 123
4.760000 19 115
4.800000 17 116
4.840000 16 116
4.880000 14 116
4.920000 13 116
4.960000 12 117
