0.000000 283 64
0.040000 283 64
0.080000 283 64
0.120000 283 64
0.160000 283 64
0.200000 283 64
0.240000 283 64
0.280000 283 64
0.320000 283 64
0.360000 283 64
0.400000 283 64
0.440000 283 64
0.480000 283 64
0.520000 283 64
0.560000 283 64
0.600000 283 64
0.640000 283 64
0.680000 283 64
0.720000 283 64
0.760000 283 64
0.800000 283 64
0.840000 283 64
0.880000 283 64
0.920000 283 64
0.960000 283 64
1.000000 283 64
1.040000 283 64
1.080000 283 64
1.120000 283 64
1.160000 283 64
1.200000 283 64
1.240000 283 64
1.280000 283 64
1.320000 283 64
1.360000 283 64
1.400000 283 64
1.440000 283 64
1.480000 283 64
1.520000 283 64
1.560000 283 64
1.600000 283 64
1.640000 283 64
1.680000 283 64
1.720000 283 64
1.760000 283 64
1.800000 283 64
1.840000 283 64
1.880000 283 64
1.920000 283 64
1.960000 283 64
2.000000 283 64
2.040000 283 64
2.080000 283 64
2.120000 283 64
2.160000 283 64
2.200000 283 64
2.240000 283 64
2.280000 283 64
2.320000 283 64
2.360000 283 64
2.400000 283 64
2.440000 283 64
2.480000 283 64
2.520000 283 64
2.560000 283 64
2.600000 283 64
2.640000 283 64
2.680000 283 64
2.720000 283 64
2.760000 283 64
2.800000 283 64
2.840000 283 64
2.880000 283 61
2.920000 282 61
2.960000 282 61
3.000000 283 61
3.040000 283 60
3.080000 283 61
3.120000 283 60
3.160000 282 61
3.200000 283 61
3.240000 282 59
3.280000 283 60
3.320000 282 59
3.360000 282 58
3.400000 283 58
3.440000 281 58
3.480000 278 59
3.520000 270 60
3.560000 262 61
3.600000 247 60
3.640000 231 57
3.680000 220 56
3.720000 194 58
3.760000 184 62
3.800000 179 61
3.840000 177 59
3.880000 177 56
3.920000 176 56
3.960000 176 56
4.000000 177 56
4.040000 177 56
4.080000 176 56
4.120000 176 55
4.160000 177 56
4.200000 175 56
4.240000 176 56
4.280000 176 56
4.320000 175 54
4.360000 175 54
4.400000 174 54
4.440000 171 56
4.480000 163 56
4.520000 152 56
4.560000 137 56
4.600000 122 56
4.640000 109 53
4.680000 94 55
4.720000 81 57
4.760000 72 61
4.800000 69 65
4.840000 66 62
4.880000 64 57
4.920000 65 57
4.960000 66 56
5.000000 65 56
5.040000 65 56
5.080000 64 56
5.120000 64 55
5.160000 64 55
5.200000 64 55
5.240000 64 56
5.280000 65 51
5.320000 64 51
5.360000 65 51
5.400000 63 54
5.440000 62 56
5.480000 57 56
5.520000 47 56
5.560000 34 57
5.600000 12 56
5.640000 9 57
5.680000 4 57
5.720000 6 58
5.760000 9 58
5.800000 12 59
5.840000 18 60
5.880000 18 59
5.920000 18 58
5.960000 18 57
6.000000 12 61
6.040000 12 61
6.080000 12 61
6.120000 12 61
6.160000 12 61
6.200000 12 61
6.240000 12 61
6.280000 12 61
