0.000000 314 139
0.040000 314 139
0.080000 314 139
0.120000 314 139
0.160000 314 139
0.200000 314 139
0.240000 314 139
0.280000 314 139
0.320000 314 139
0.360000 314 139
0.400000 314 139
0.440000 314 139
0.480000 314 139
0.520000 314 139
0.560000 314 139
0.600000 314 139
0.640000 314 139
0.680000 314 139
0.720000 314 139
0.760000 314 139
0.800000 314 139
0.840000 314 139
0.880000 314 139
0.920000 314 139
0.960000 314 139
1.000000 314 139
1.040000 314 139
1.080000 314 139
1.120000 314 139
1.160000 314 139
1.200000 314 139
1.240000 314 139
1.280000 314 139
1.320000 314 139
1.360000 314 139
1.400000 314 139
1.440000 314 139
1.480000 314 139
1.520000 314 139
1.560000 314 139
1.600000 314 139
1.640000 314 139
1.680000 314 139
1.720000 314 139
1.760000 314 139
1.800000 314 139
1.840000 314 139
1.880000 314 139
1.920000 314 139
1.960000 314 139
2.000000 314 139
2.040000 314 139
2.080000 314 139
2.120000 314 139
2.160000 314 139
2.200000 314 139
2.240000 314 139
2.280000 314 139
2.320000 314 139
2.360000 314 139
2.400000 314 139
2.440000 314 139
2.480000 314 139
2.520000 314 139
2.560000 314 139
2.600000 314 139
2.640000 314 139
2.680000 314 139
2.720000 314 139
2.760000 314 139
2.800000 314 139
2.840000 315 139
2.880000 317 139
2.920000 318 139
2.960000 320 139
3.000000 320 141
3.040000 314 140
3.080000 309 143
3.120000 303 143
3.160000 299 143
3.200000 294 143
3.240000 289 142
3.280000 283 142
3.320000 277 141
3.360000 273 142
3.400000 270 140
3.440000 266 140
3.480000 262 141
3.520000 257 143
3.560000 252 144
3.600000 251 144
3.640000 246 144
3.680000 244 145
3.720000 240 143
3.760000 236 141
3.800000 231 140
3.840000 226 140
3.880000 221 140
3.920000 216 140
3.960000 210 141
4.000000 205 140
4.040000 199 142
4.080000 194 143
4.120000 188 143
4.160000 181 143
4.200000 175 143
4.240000 170 142
4.280000 164 139
4.320000 158 139
4.360000 153 139
4.400000 148 139
4.440000 144 143
4.480000 138 143
4.520000 133 144
4.560000 129 145
4.600000 126 144
4.640000 123 144
4.680000 121 143
4.720000 116 143
4.760000 111 144
4.800000 109 140
4.840000 101 141
4.880000 96 140
4.920000 96 139
4.960000 91 140
5.000000 86 141
5.040000 80 140
5.080000 73 141
5.120000 66 141
5.160000 61 140
5.200000 55 139
5.240000 49 139
5.280000 44 138
5.320000 39 138
5.360000 34 137
5.400000 32 138
5.440000 28 137
5.480000 24 139
5.520000 23 139
5.560000 19 139
5.600000 16 139
5.640000 14 139
5.680000 12 140
5.720000 6 140
5.760000 1 139
5.800000 2 139
5.840000 2 139
5.880000 2 139
5.920000 2 139
5.960000 2 139
6.000000 2 139
6.040000 2 139
6.080000 2 139
6.120000 2 139
6.160000 2 139
6.200000 2 139
6.240000 2 139
6.280000 2 139
