0.000000 320 161
0.040000 320 161
0.080000 320 161
0.120000 320 161
0.160000 320 161
0.200000 320 161
0.240000 320 161
0.280000 320 161
0.320000 320 161
0.360000 320 161
0.400000 320 161
0.440000 320 161
0.480000 320 161
0.520000 320 161
0.560000 320 161
0.600000 320 161
0.640000 320 161
0.680000 320 161
0.720000 320 161
0.760000 320 161
0.800000 320 161
0.840000 320 161
0.880000 320 161
0.920000 320 161
0.960000 320 161
1.000000 320 161
1.040000 320 161
1.080000 320 161
1.120000 320 161
1.160000 320 161
1.200000 320 161
1.240000 320 161
1.280000 320 161
1.320000 320 161
1.360000 320 161
1.400000 320 161
1.440000 320 161
1.480000 320 161
1.520000 320 161
1.560000 320 161
1.600000 320 161
1.640000 320 161
1.680000 320 161
1.720000 320 161
1.760000 320 161
1.800000 320 161
1.840000 320 161
1.880000 320 161
1.920000 320 161
1.960000 320 161
2.000000 320 161
2.040000 320 161
2.080000 320 161
2.120000 320 161
2.160000 320 161
2.200000 320 161
2.240000 320 161
2.280000 320 161
2.320000 320 161
2.360000 320 161
2.400000 320 161
2.440000 320 161
2.480000 320 161
2.520000 320 161
2.560000 320 161
2.600000 320 161
2.640000 320 161
2.680000 320 161
2.720000 320 161
2.760000 320 161
2.800000 320 161
2.840000 320 161
2.880000 320 160
2.920000 320 160
2.960000 314 160
3.000000 312 161
3.040000 308 161
3.080000 304 165
3.120000 299 165
3.160000 297 165
3.200000 293 165
3.240000 288 165
3.280000 283 164
3.320000 279 164
3.360000 275 164
3.400000 271 163
3.440000 266 163
3.480000 262 164
3.520000 257 165
3.560000 252 165
3.600000 248 165
3.640000 246 166
3.680000 242 166
3.720000 232 165
3.760000 228 165
3.800000 223 164
3.840000 220 163
3.880000 214 163
3.920000 210 164
3.960000 205 165
4.000000 199 165
4.040000 195 165
4.080000 190 165
4.120000 185 165
4.160000 181 167
4.200000 176 165
4.240000 171 165
4.280000 166 165
4.320000 161 164
4.360000 156 163
4.400000 149 165
4.440000 144 165
4.480000 140 165
4.520000 136 166
4.560000 131 167
4.600000 127 167
4.640000 122 166
4.680000 118 165
4.720000 114 165
4.760000 110 165
4.800000 105 165
4.840000 100 164
4.880000 95 163
4.920000 90 164
4.960000 85 163
5.000000 81 163
5.040000 77 163
5.080000 73 165
5.120000 69 165
5.160000 64 165
5.200000 59 163
5.240000 55 162
5.280000 49 161
5.320000 45 160
5.360000 40 159
5.400000 36 159
5.440000 32 159
5.480000 28 160
5.520000 24 160
5.560000 21 161
5.600000 18 161
5.640000 14 161
5.680000 12 161
5.720000 7 161
5.760000 2 160
5.800000 2 159
5.840000 2 159
5.880000 2 159
5.920000 2 159
5.960000 2 159
6.000000 2 159
6.040000 2 159
6.080000 2 159
6.120000 2 159
6.160000 2 159
6.200000 2 159
6.240000 2 159
6.280000 2 159
