2.080000 303 61
2.120000 320 61
2.160000 320 68
2.200000 314 71
2.240000 304 63
2.280000 291 61
2.320000 277 56
2.360000 266 56
2.400000 258 56
2.440000 257 56
2.480000 257 56
2.520000 257 56
2.560000 257 56
2.600000 258 56
2.640000 258 56
2.680000 258 56
2.720000 257 56
2.760000 258 56
2.800000 258 57
2.840000 258 58
2.880000 257 60
2.920000 257 61
2.960000 251 66
3.000000 246 69
3.040000 236 70
3.080000 225 71
3.120000 214 71
3.160000 200 62
3.200000 186 61
3.240000 173 57
3.280000 158 56
3.320000 147 55
3.360000 142 54
3.400000 140 52
3.440000 140 52
3.480000 138 51
3.520000 138 51
3.560000 138 52
3.600000 140 53
3.640000 140 54
3.680000 140 54
3.720000 140 54
3.760000 141 54
3.800000 141 54
3.840000 140 55
3.880000 139 57
3.920000 136 61
3.960000 131 66
4.000000 122 67
4.040000 112 68
4.080000 101 67
4.120000 90 64
4.160000 78 58
4.200000 64 56
4.240000 50 55
4.280000 39 55
4.320000 34 56
4.360000 34 55
4.400000 32 54
4.440000 32 52
4.480000 32 52
4.520000 32 52
4.560000 32 54
4.600000 32 55
4.640000 33 56
4.680000 33 56
4.720000 33 55
4.760000 33 55
4.880000 28 61
4.960000 16 70
