2.120000 320 154
2.160000 315 154
2.200000 313 154
2.240000 309 154
2.280000 305 153
2.320000 301 152
2.360000 297 150
2.400000 292 150
2.440000 286 150
2.480000 282 150
2.520000 277 152
2.560000 272 152
2.600000 267 154
2.640000 262 155
2.680000 257 155
2.720000 253 156
2.760000 247 156
2.800000 243 154
2.840000 237 154
2.880000 231 151
2.920000 226 151
2.960000 221 150
3.000000 216 150
3.040000 210 152
3.080000 206 155
3.120000 201 156
3.160000 197 155
3.200000 193 156
3.240000 188 155
3.280000 184 154
3.320000 177 152
3.360000 171 150
3.400000 164 150
3.440000 158 149
3.480000 153 149
3.520000 148 150
3.560000 145 152
3.600000 140 154
3.640000 135 155
3.680000 131 155
3.720000 126 155
3.760000 121 154
3.800000 116 154
3.840000 111 152
3.880000 105 150
3.920000 101 150
3.960000 95 150
4.000000 90 152
4.040000 86 153
4.080000 81 154
4.120000 77 155
4.160000 73 155
4.200000 69 154
4.240000 65 152
4.280000 60 150
4.320000 55 149
4.360000 49 148
4.400000 44 147
4.440000 40 149
4.480000 34 150
4.520000 32 150
4.560000 27 152
4.600000 23 150
4.640000 19 152
4.680000 14 152
4.720000 9 149
4.760000 6 149
