0.000000 320 62
0.040000 320 62
0.080000 320 62
0.120000 320 62
0.160000 320 62
0.200000 320 62
0.240000 320 62
0.280000 320 62
0.320000 320 62
0.360000 320 62
0.400000 320 62
0.440000 320 62
0.480000 320 62
0.520000 320 62
0.560000 320 62
0.600000 320 62
0.640000 320 62
0.680000 320 62
0.720000 320 62
0.760000 320 62
0.800000 320 62
0.840000 320 62
0.880000 320 62
0.920000 320 62
0.960000 320 62
1.000000 320 62
1.040000 320 62
1.080000 320 62
1.120000 320 62
1.160000 320 62
1.200000 320 62
1.240000 320 62
1.280000 320 62
1.320000 320 62
1.360000 320 62
1.400000 320 65
1.440000 314 61
1.480000 309 60
1.520000 294 60
1.560000 279 56
1.600000 270 55
1.640000 263 55
1.680000 262 54
1.720000 262 52
1.760000 262 53
1.800000 262 54
1.840000 263 54
1.880000 263 55
1.920000 262 54
1.960000 262 54
2.000000 262 54
2.040000 262 54
2.080000 262 55
2.120000 262 56
2.160000 261 60
2.200000 205 53
2.240000 252 67
2.280000 242 67
2.320000 232 67
2.360000 205 54
2.400000 205 55
2.440000 192 56
2.480000 177 53
2.520000 164 52
2.560000 153 52
2.600000 150 52
2.640000 149 51
2.680000 149 51
2.720000 149 51
2.760000 183 71
2.800000 149 51
2.840000 151 53
2.880000 149 52
2.920000 149 51
2.960000 149 52
3.000000 149 52
3.040000 148 53
3.080000 148 56
3.120000 145 57
3.160000 142 62
3.200000 91 52
3.240000 123 67
3.280000 112 65
3.320000 95 56
3.360000 88 54
3.400000 73 56
3.440000 60 54
3.480000 49 54
3.520000 43 55
3.560000 40 55
3.600000 39 54
3.640000 86 63
3.680000 39 53
3.720000 39 54
3.760000 39 54
3.800000 39 55
3.840000 39 56
3.880000 39 56
3.920000 39 55
3.960000 38 56
4.000000 36 57
4.040000 34 59
4.080000 31 61
4.120000 28 63
4.160000 25 65
4.200000 23 67
4.240000 23 67
4.280000 23 67
4.320000 23 67
4.360000 23 67
4.400000 23 67
4.440000 23 67
