0.000000 320 122
0.040000 320 122
0.080000 320 122
0.120000 320 122
0.160000 320 122
0.200000 320 122
0.240000 320 122
0.280000 320 122
0.320000 320 122
0.360000 320 122
0.400000 320 122
0.440000 320 122
0.480000 320 122
0.520000 320 122
0.560000 320 122
0.600000 320 122
0.640000 320 122
0.680000 320 122
0.720000 320 122
0.760000 320 122
0.800000 320 122
0.840000 320 122
0.880000 320 122
0.920000 320 122
0.960000 320 122
1.000000 320 122
1.040000 320 122
1.080000 320 122
1.120000 320 122
1.160000 320 122
1.200000 320 122
1.240000 320 122
1.280000 320 122
1.320000 320 122
1.360000 320 122
1.400000 314 123
1.440000 312 122
1.480000 309 119
1.520000 304 119
1.560000 303 119
1.600000 299 119
1.640000 293 118
1.680000 288 117
1.720000 283 117
1.760000 278 118
1.800000 274 118
1.840000 268 118
1.880000 263 119
1.920000 259 119
1.960000 257 119
2.000000 251 118
2.040000 247 118
2.080000 243 116
2.120000 238 115
2.160000 231 117
2.200000 220 115
2.240000 219 117
2.280000 214 115
2.320000 210 119
2.360000 205 118
2.400000 199 119
2.440000 194 119
2.480000 191 118
2.520000 186 117
2.560000 182 117
2.600000 175 116
2.640000 169 114
2.680000 162 113
2.720000 158 118
2.760000 153 118
2.800000 149 119
2.840000 145 120
2.880000 141 119
2.920000 136 118
2.960000 132 119
3.000000 127 118
3.040000 121 117
3.080000 116 117
3.120000 108 118
3.160000 103 116
3.200000 97 117
3.240000 95 118
3.280000 90 119
3.320000 84 119
3.360000 79 122
3.400000 75 121
3.440000 72 119
3.480000 68 118
3.520000 63 118
3.560000 57 117
3.600000 50 117
3.640000 49 115
3.680000 40 118
3.720000 38 118
3.760000 34 118
3.800000 29 117
3.840000 27 119
3.880000 23 119
3.920000 18 119
3.960000 10 118
4.000000 8 118
4.040000 6 117
4.080000 4 117
4.120000 2 118
4.160000 2 118
4.200000 2 118
4.240000 2 118
4.280000 2 118
4.320000 2 118
4.360000 2 118
4.400000 2 118
4.440000 2 118
