0.000000 310 126
0.040000 310 126
0.080000 310 126
0.120000 310 126
0.160000 310 126
0.200000 310 126
0.240000 310 126
0.280000 310 126
0.320000 310 126
0.360000 310 126
0.400000 310 126
0.440000 310 126
0.480000 310 126
0.520000 310 126
0.560000 310 126
0.600000 310 126
0.640000 310 126
0.680000 310 126
0.720000 310 126
0.760000 310 126
0.800000 310 126
0.840000 310 126
0.880000 310 126
0.920000 310 126
0.960000 310 126
1.000000 310 126
1.040000 310 126
1.080000 310 126
1.120000 310 126
1.160000 310 126
1.200000 310 126
1.240000 310 126
1.280000 310 126
1.320000 310 126
1.360000 310 126
1.400000 308 128
1.440000 299 125
1.480000 293 128
1.520000 287 128
1.560000 279 129
1.600000 273 128
1.640000 268 128
1.680000 262 128
1.720000 259 127
1.760000 257 126
1.800000 256 126
1.840000 253 126
1.880000 250 125
1.920000 247 124
1.960000 244 124
2.000000 241 123
2.040000 235 124
2.080000 227 123
2.120000 222 124
2.160000 211 123
2.200000 207 124
2.240000 204 125
2.280000 200 125
2.320000 197 126
2.360000 193 127
2.400000 190 127
2.440000 186 128
2.480000 175 128
2.520000 168 129
2.560000 162 129
2.600000 157 129
2.640000 153 129
2.680000 149 129
2.720000 143 125
2.760000 141 125
2.800000 137 124
2.840000 133 124
2.880000 129 124
2.920000 125 124
2.960000 142 126
3.000000 137 128
3.040000 134 123
3.080000 129 123
3.120000 123 123
3.160000 110 119
3.200000 104 121
3.240000 98 122
3.280000 92 123
3.320000 86 124
3.360000 80 125
3.400000 74 126
3.440000 68 127
3.480000 58 129
3.520000 53 128
3.560000 44 127
3.600000 43 127
3.640000 42 126
3.680000 42 126
3.720000 41 125
3.760000 40 125
3.800000 40 124
3.840000 39 124
3.880000 38 124
3.920000 37 123
3.960000 34 124
4.000000 29 123
4.040000 26 120
4.080000 22 119
4.120000 16 119
4.160000 8 119
4.200000 8 119
4.240000 8 119
4.280000 8 119
4.320000 8 119
4.360000 8 119
4.400000 8 119
4.440000 8 119
