1.240000 312 135
1.280000 308 136
1.360000 298 134
1.400000 294 134
1.440000 293 134
1.480000 289 133
1.520000 288 134
1.560000 284 133
1.600000 283 134
1.640000 279 133
1.680000 275 133
1.720000 272 132
1.760000 266 130
1.800000 261 130
1.840000 257 131
1.880000 252 132
1.920000 246 132
1.960000 242 134
2.000000 236 134
2.040000 232 132
2.080000 227 134
2.120000 221 134
2.160000 216 134
2.200000 210 135
2.240000 205 135
2.280000 201 134
2.320000 196 134
2.360000 194 134
2.400000 190 134
2.440000 185 133
2.480000 183 133
2.520000 179 133
2.600000 171 132
2.640000 168 133
2.680000 162 130
2.720000 169 132
2.760000 164 132
2.800000 160 133
2.840000 153 133
2.880000 139 132
2.920000 133 133
2.960000 129 133
3.040000 121 132
3.080000 116 133
3.120000 112 133
3.160000 107 133
3.200000 101 133
3.240000 97 132
3.280000 94 133
3.320000 90 133
3.360000 85 133
3.400000 81 130
3.440000 80 130
3.520000 69 130
3.560000 60 128
3.600000 55 129
3.640000 70 132
3.680000 66 130
3.720000 64 129
3.760000 59 129
3.800000 54 129
3.840000 49 129
3.880000 43 130
4.080000 18 130
4.120000 9 128
4.200000 10 128
4.240000 7 129
