0.000000 320 64
0.040000 320 64
0.080000 320 64
0.120000 320 64
0.160000 320 64
0.200000 320 64
0.240000 320 64
0.280000 320 64
0.320000 320 64
0.360000 320 64
0.400000 320 64
0.440000 320 64
0.480000 320 64
0.520000 320 64
0.560000 320 64
0.600000 320 64
0.640000 320 64
0.680000 320 64
0.720000 320 64
0.760000 320 64
0.800000 320 64
0.840000 320 64
0.880000 320 64
0.920000 320 64
0.960000 320 64
1.000000 320 64
1.040000 320 64
1.080000 320 64
1.120000 320 64
1.160000 320 64
1.200000 320 64
1.240000 320 64
1.280000 320 64
1.320000 320 64
1.360000 320 64
1.400000 320 64
1.440000 320 64
1.480000 320 64
1.520000 320 64
1.560000 320 64
1.600000 320 64
1.640000 294 61
1.680000 291 61
1.720000 289 61
1.760000 286 61
1.800000 282 60
1.840000 283 59
1.880000 283 59
1.920000 283 59
1.960000 283 59
2.000000 283 61
2.040000 283 61
2.080000 283 61
2.120000 283 61
2.160000 283 61
2.200000 283 61
2.240000 282 61
2.280000 281 61
2.320000 277 64
2.360000 273 67
2.400000 266 67
2.440000 257 69
2.480000 247 66
2.520000 233 62
2.560000 225 60
2.600000 211 58
2.640000 199 56
2.680000 186 57
2.720000 180 56
2.760000 177 56
2.800000 177 55
2.840000 178 55
2.880000 177 55
2.920000 177 54
2.960000 177 55
3.000000 177 56
3.040000 177 56
3.080000 177 56
3.120000 176 56
3.160000 175 56
3.200000 175 56
3.240000 122 57
3.280000 173 58
3.320000 168 61
3.360000 163 64
3.400000 153 66
3.440000 144 66
3.480000 134 65
3.520000 121 59
3.560000 110 56
3.600000 97 56
3.640000 84 56
3.680000 75 57
3.720000 66 55
3.760000 68 55
3.800000 68 54
3.840000 106 66
3.880000 68 54
3.920000 68 55
3.960000 68 56
4.000000 69 56
4.040000 68 56
4.080000 68 56
4.120000 67 56
4.160000 66 56
4.200000 66 56
4.240000 65 56
4.280000 62 58
4.320000 58 61
4.360000 49 65
4.400000 43 66
4.440000 16 59
4.480000 12 59
4.520000 5 57
4.560000 5 59
4.600000 6 60
4.640000 7 61
4.680000 8 62
4.720000 9 63
4.760000 10 64
4.800000 11 65
4.840000 12 66
4.880000 12 66
4.920000 12 66
4.960000 12 66
5.000000 12 66
5.040000 12 66
5.080000 12 66
5.120000 12 66
5.160000 12 66
5.200000 12 66
5.240000 12 66
5.280000 12 66
5.320000 12 66
5.360000 12 66
5.400000 12 66
5.440000 12 66
5.480000 12 66
5.520000 12 66
5.560000 12 66
5.600000 12 66
5.640000 12 66
5.680000 12 66
5.720000 12 66
5.760000 12 66
5.800000 12 66
