0.000000 312 135
0.040000 312 135
0.080000 312 135
0.120000 312 135
0.160000 312 135
0.200000 312 135
0.240000 312 135
0.280000 312 135
0.320000 312 135
0.360000 312 135
0.400000 312 135
0.440000 312 135
0.480000 312 135
0.520000 312 135
0.560000 312 135
0.600000 312 135
0.640000 312 135
0.680000 312 135
0.720000 312 135
0.760000 312 135
0.800000 312 135
0.840000 312 135
0.880000 312 135
0.920000 312 135
0.960000 312 135
1.000000 312 135
1.040000 312 135
1.080000 312 135
1.120000 312 135
1.160000 312 135
1.200000 312 135
1.240000 312 135
1.280000 312 135
1.320000 312 135
1.360000 312 135
1.400000 312 135
1.440000 312 135
1.480000 312 135
1.520000 312 135
1.560000 312 135
1.600000 312 135
1.640000 308 134
1.680000 304 134
1.720000 299 134
1.760000 297 133
1.800000 293 133
1.840000 288 133
1.880000 287 134
1.920000 284 134
1.960000 279 134
2.000000 277 135
2.040000 276 135
2.080000 268 133
2.120000 266 133
2.160000 264 133
2.200000 262 133
2.240000 256 133
2.280000 246 133
2.320000 243 133
2.360000 240 133
2.400000 237 133
2.440000 234 133
2.480000 231 133
2.520000 225 134
2.560000 219 134
2.600000 214 134
2.640000 209 133
2.680000 204 133
2.720000 199 133
2.760000 195 132
2.800000 191 132
2.840000 188 133
2.880000 179 131
2.920000 176 131
2.960000 173 131
3.000000 170 131
3.040000 167 131
3.080000 164 131
3.120000 152 131
3.160000 149 131
3.200000 143 131
3.240000 140 131
3.280000 138 131
3.320000 135 131
3.360000 127 130
3.400000 123 132
3.440000 121 132
3.480000 119 134
3.520000 112 133
3.560000 108 133
3.600000 105 133
3.640000 99 130
3.680000 95 130
3.720000 86 129
3.760000 79 127
3.800000 76 128
3.840000 73 129
3.880000 67 130
3.920000 63 131
3.960000 60 132
4.000000 56 132
4.040000 53 133
4.080000 45 133
4.120000 60 130
4.160000 58 129
4.200000 53 128
4.240000 44 128
4.280000 38 129
4.320000 26 131
4.360000 24 131
4.400000 22 131
4.440000 20 131
4.480000 18 131
4.520000 14 131
4.560000 12 132
4.600000 11 132
4.640000 9 132
4.680000 8 132
4.720000 8 132
4.760000 8 132
4.800000 8 132
4.840000 8 132
4.880000 8 132
4.920000 8 132
4.960000 8 132
5.000000 8 132
5.040000 8 132
5.080000 8 132
5.120000 8 132
5.160000 8 132
5.200000 8 132
5.240000 8 132
5.280000 8 132
5.320000 8 132
5.360000 8 132
5.400000 8 132
5.440000 8 132
5.480000 8 132
5.520000 8 132
5.560000 8 132
5.600000 8 132
5.640000 8 132
5.680000 8 132
5.720000 8 132
5.760000 8 132
5.800000 8 132
