0.000000 303 123
0.040000 303 123
0.080000 303 123
0.120000 303 123
0.160000 303 123
0.200000 303 123
0.240000 303 123
0.280000 303 123
0.320000 303 123
0.360000 303 123
0.400000 303 123
0.440000 303 123
0.480000 303 123
0.520000 303 123
0.560000 303 123
0.600000 303 123
0.640000 303 123
0.680000 303 123
0.720000 303 123
0.760000 303 123
0.800000 303 123
0.840000 303 123
0.880000 303 123
0.920000 303 123
0.960000 303 123
1.000000 303 123
1.040000 303 123
1.080000 303 123
1.120000 303 123
1.160000 303 123
1.200000 303 123
1.240000 303 123
1.280000 303 123
1.320000 303 123
1.360000 303 123
1.400000 303 123
1.440000 303 123
1.480000 297 124
1.520000 294 124
1.560000 292 124
1.600000 290 124
1.640000 283 124
1.680000 279 123
1.720000 277 123
1.760000 276 121
1.800000 275 120
1.840000 271 120
1.880000 268 120
1.920000 264 120
1.960000 261 120
2.000000 257 119
2.040000 254 119
2.080000 250 119
2.120000 247 119
2.160000 243 119
2.200000 240 118
2.240000 236 118
2.280000 229 118
2.320000 225 119
2.360000 222 119
2.400000 219 119
2.440000 210 122
2.480000 203 122
2.520000 195 122
2.560000 190 123
2.600000 185 123
2.640000 182 122
2.680000 179 122
2.720000 175 119
2.760000 171 119
2.800000 168 119
2.840000 165 119
2.880000 161 119
2.920000 158 119
2.960000 155 119
3.000000 145 122
3.040000 132 121
3.080000 128 121
3.120000 125 121
3.160000 122 121
3.200000 119 121
3.240000 116 121
3.280000 112 121
3.320000 109 121
3.360000 106 121
3.400000 103 121
3.440000 100 121
3.480000 91 121
3.520000 85 122
3.560000 81 122
3.600000 78 123
3.640000 70 119
3.680000 67 119
3.720000 64 118
3.760000 61 117
3.800000 58 117
3.840000 55 116
3.880000 49 119
3.920000 39 118
3.960000 33 118
4.000000 59 117
4.040000 54 116
4.080000 49 116
4.120000 44 117
4.160000 38 123
4.200000 38 123
4.240000 38 123
4.280000 38 123
4.320000 38 123
4.360000 38 123
4.400000 38 123
4.440000 38 123
4.480000 38 123
4.520000 38 123
4.560000 38 123
4.600000 38 123
4.640000 38 123
4.680000 38 123
4.720000 38 123
4.760000 38 123
4.800000 38 123
4.840000 38 123
