3.040000 222 130
3.080000 218 130
3.120000 215 130
3.160000 211 131
3.200000 208 131
3.240000 205 130
3.280000 204 130
3.320000 206 129
3.360000 205 129
3.400000 200 129
3.440000 196 129
3.480000 191 129
3.520000 181 130
3.560000 174 131
3.600000 169 131
3.640000 165 131
3.680000 160 131
3.720000 155 131
3.760000 151 131
3.800000 146 131
3.840000 138 130
3.880000 132 130
3.920000 126 130
3.960000 121 131
4.000000 118 131
4.040000 114 131
4.080000 110 132
4.120000 107 132
4.160000 106 132
4.200000 106 131
4.240000 105 133
4.280000 102 134
4.320000 98 132
4.360000 94 130
4.400000 89 129
4.440000 84 129
4.480000 80 128
4.520000 74 129
4.560000 69 131
4.600000 65 133
4.640000 60 134
4.680000 54 133
4.720000 51 131
4.760000 48 130
4.800000 44 130
4.840000 39 128
4.880000 34 128
