3.040000 256 69
3.080000 249 72
3.120000 240 72
3.160000 227 70
3.200000 216 66
3.240000 204 62
3.280000 192 60
3.320000 179 57
3.360000 169 57
3.400000 164 57
3.440000 161 56
3.480000 160 56
3.520000 160 56
3.560000 160 56
3.600000 160 56
3.640000 159 56
3.680000 159 56
3.720000 161 56
3.760000 160 56
3.800000 160 56
3.840000 160 56
3.880000 159 56
3.920000 158 59
3.960000 157 60
4.000000 153 64
4.040000 145 68
4.080000 137 70
4.120000 127 70
4.160000 115 66
4.200000 100 61
4.240000 90 61
4.280000 79 57
4.320000 69 56
4.360000 60 55
4.400000 57 56
4.440000 55 55
4.480000 54 56
4.520000 55 56
4.560000 55 56
4.600000 55 56
4.640000 55 57
4.680000 57 59
4.720000 55 57
4.760000 55 56
4.800000 55 56
4.840000 55 56
4.880000 55 57
