0.000000 320 119
0.040000 320 119
0.080000 320 119
0.120000 320 119
0.160000 320 119
0.200000 320 119
0.240000 320 119
0.280000 320 119
0.320000 320 119
0.360000 320 119
0.400000 320 119
0.440000 320 119
0.480000 320 119
0.520000 320 119
0.560000 320 119
0.600000 320 119
0.640000 320 119
0.680000 320 119
0.720000 320 119
0.760000 320 119
0.800000 320 119
0.840000 320 119
0.880000 320 119
0.920000 320 119
0.960000 320 119
1.000000 320 119
1.040000 320 119
1.080000 320 119
1.120000 320 119
1.160000 320 119
1.200000 320 119
1.240000 320 119
1.280000 320 119
1.320000 320 119
1.360000 320 119
1.400000 320 119
1.440000 320 119
1.480000 320 119
1.520000 315 118
1.560000 313 115
1.600000 310 113
1.640000 303 114
1.680000 294 115
1.720000 293 115
1.760000 287 114
1.800000 282 114
1.840000 277 116
1.880000 273 117
1.920000 268 118
1.960000 267 117
2.000000 262 116
2.040000 255 114
2.080000 251 114
2.120000 243 114
2.160000 238 113
2.200000 232 113
2.240000 227 113
2.280000 225 114
2.320000 221 117
2.360000 216 118
2.400000 212 118
2.440000 207 117
2.480000 201 116
2.520000 195 115
2.560000 190 115
2.600000 184 114
2.640000 178 114
2.680000 173 116
2.720000 168 117
2.760000 163 117
2.800000 158 115
2.840000 153 116
2.880000 148 113
2.920000 143 113
2.960000 138 112
3.000000 132 113
3.040000 125 112
3.080000 120 113
3.120000 116 113
3.160000 112 113
3.200000 108 115
3.240000 103 115
3.280000 99 117
3.320000 95 115
3.360000 91 113
3.400000 86 113
3.440000 80 113
3.480000 75 113
3.520000 70 113
3.560000 65 113
3.600000 59 114
3.640000 55 113
3.680000 48 115
3.720000 44 115
3.760000 39 113
3.800000 35 113
3.840000 30 112
3.880000 25 112
3.920000 19 111
3.960000 16 113
4.000000 9 113
4.040000 7 113
4.080000 3 113
4.120000 2 115
4.160000 2 116
4.200000 2 118
4.240000 2 119
4.280000 2 119
4.320000 2 119
4.360000 2 119
4.400000 2 119
4.440000 2 119
4.480000 2 119
4.520000 2 119
