1.160000 314 146
1.200000 311 147
1.240000 307 147
1.280000 303 148
1.320000 299 148
1.360000 294 149
1.400000 291 150
1.440000 288 150
1.480000 283 150
1.520000 279 149
1.560000 274 148
1.600000 268 147
1.640000 264 148
1.680000 259 147
1.720000 255 148
1.760000 251 149
1.800000 246 149
1.840000 241 149
1.880000 236 149
1.920000 231 149
1.960000 225 148
2.000000 221 148
2.040000 216 148
2.080000 210 148
2.120000 205 148
2.160000 199 148
2.200000 189 150
2.240000 184 150
2.280000 179 150
2.320000 174 149
2.360000 170 148
2.400000 164 145
2.440000 158 145
2.480000 153 145
2.520000 147 145
2.560000 142 146
2.600000 136 148
2.640000 132 149
2.680000 127 149
2.720000 122 149
2.760000 116 148
2.800000 111 146
2.840000 106 145
2.880000 101 145
2.920000 90 145
2.960000 87 145
3.000000 81 146
3.040000 77 148
3.080000 73 148
3.120000 69 146
3.160000 64 145
3.200000 60 145
3.240000 55 145
3.280000 51 144
3.320000 47 145
3.360000 43 144
3.400000 38 144
3.440000 37 146
3.480000 32 146
3.520000 24 144
3.560000 20 145
3.600000 18 145
3.640000 13 145
3.680000 8 143
3.760000 2 145
