1.400000 278 119
1.440000 271 118
1.480000 262 119
1.520000 256 119
1.560000 250 119
1.600000 245 120
1.640000 241 119
1.680000 238 119
1.720000 236 119
1.760000 236 119
1.800000 232 117
2.080000 195 112
2.120000 191 112
2.240000 174 117
2.280000 165 117
2.320000 157 117
2.360000 149 118
2.400000 143 119
2.440000 138 119
2.480000 133 119
2.520000 131 119
2.560000 127 118
2.600000 124 117
2.640000 122 116
2.720000 112 113
2.760000 107 113
2.840000 117 113
2.880000 114 113
2.920000 105 113
2.960000 99 113
3.200000 53 117
3.240000 48 118
3.280000 43 118
3.320000 38 118
3.360000 34 117
3.480000 23 113
3.640000 27 113
3.680000 23 113
3.720000 21 113
3.760000 17 113
