0.000000 303 65
0.040000 303 65
0.080000 303 65
0.120000 303 65
0.160000 303 65
0.200000 303 65
0.240000 303 65
0.280000 303 65
0.320000 303 65
0.360000 303 65
0.400000 303 65
0.440000 303 65
0.480000 303 65
0.520000 303 65
0.560000 303 65
0.600000 303 65
0.640000 303 65
0.680000 303 65
0.720000 303 65
0.760000 303 65
0.800000 303 65
0.840000 303 65
0.880000 303 65
0.920000 303 65
0.960000 303 65
1.000000 303 65
1.040000 303 65
1.080000 303 65
1.120000 303 65
1.160000 303 65
1.200000 303 65
1.240000 303 65
1.280000 303 65
1.320000 303 65
1.360000 303 65
1.400000 303 65
1.440000 303 65
1.480000 303 65
1.520000 303 65
1.560000 303 65
1.600000 303 65
1.640000 303 65
1.680000 303 65
1.720000 303 65
1.760000 303 65
1.800000 303 65
1.840000 303 65
1.880000 303 65
1.920000 303 65
1.960000 303 65
2.000000 303 65
2.040000 303 65
2.080000 303 65
2.120000 303 65
2.160000 303 65
2.200000 294 64
2.240000 293 66
2.280000 291 62
2.320000 320 70
2.360000 320 71
2.400000 314 74
2.440000 307 76
2.480000 299 75
2.520000 289 71
2.560000 279 67
2.600000 268 66
2.640000 259 65
2.680000 288 61
2.720000 288 61
2.760000 288 62
2.800000 286 63
2.840000 283 66
2.880000 278 69
2.920000 240 61
2.960000 239 61
3.000000 239 61
3.040000 241 66
3.080000 241 61
3.120000 241 61
3.160000 240 61
3.200000 240 61
3.240000 238 61
3.280000 238 62
3.320000 236 62
3.360000 236 65
3.400000 231 67
3.440000 225 71
3.480000 216 72
3.520000 208 71
3.560000 197 70
3.600000 185 62
3.640000 175 64
3.680000 164 61
3.720000 153 61
3.760000 147 62
3.800000 143 63
3.840000 141 61
3.880000 185 61
3.920000 138 58
3.960000 137 58
4.000000 168 67
4.040000 137 58
4.080000 138 61
4.120000 138 62
4.160000 138 59
4.200000 138 58
4.240000 138 59
4.280000 137 60
4.320000 137 60
4.360000 136 61
4.400000 133 62
4.440000 130 66
4.480000 122 68
4.520000 114 70
4.560000 106 70
4.600000 95 67
4.640000 86 65
4.680000 75 63
4.720000 64 61
4.760000 55 61
4.800000 49 65
4.840000 45 65
4.880000 43 63
4.920000 41 61
4.960000 40 61
5.000000 69 66
5.040000 40 60
5.080000 39 60
5.120000 39 61
5.160000 40 61
5.200000 40 61
5.240000 40 61
5.280000 40 61
5.320000 2 63
5.360000 39 61
5.400000 38 61
5.440000 37 64
5.480000 33 67
5.520000 28 70
5.560000 28 70
5.600000 28 70
5.640000 28 70
5.680000 28 70
5.720000 28 70
5.760000 28 70
5.800000 28 70
5.840000 28 70
5.880000 28 70
5.920000 28 70
