0.000000 308 124
0.040000 308 124
0.080000 308 124
0.120000 308 124
0.160000 308 124
0.200000 308 124
0.240000 308 124
0.280000 308 124
0.320000 308 124
0.360000 308 124
0.400000 308 124
0.440000 308 124
0.480000 308 124
0.520000 308 124
0.560000 308 124
0.600000 308 124
0.640000 308 124
0.680000 308 124
0.720000 308 124
0.760000 308 124
0.800000 308 124
0.840000 308 124
0.880000 308 124
0.920000 308 124
0.960000 308 124
1.000000 308 124
1.040000 308 124
1.080000 308 124
1.120000 308 124
1.160000 308 124
1.200000 308 124
1.240000 308 124
1.280000 308 124
1.320000 308 124
1.360000 308 124
1.400000 308 124
1.440000 308 124
1.480000 308 124
1.520000 308 124
1.560000 308 124
1.600000 308 124
1.640000 308 124
1.680000 308 124
1.720000 308 124
1.760000 308 124
1.800000 308 124
1.840000 308 124
1.880000 308 124
1.920000 308 124
1.960000 308 124
2.000000 308 124
2.040000 308 124
2.080000 308 124
2.120000 308 124
2.160000 308 124
2.200000 303 123
2.240000 298 123
2.280000 294 123
2.320000 293 122
2.360000 288 121
2.400000 287 119
2.440000 285 120
2.480000 283 121
2.520000 279 122
2.560000 275 122
2.600000 272 122
2.640000 268 122
2.680000 265 122
2.720000 262 122
2.760000 258 121
2.800000 255 121
2.840000 252 121
2.880000 248 121
2.920000 245 121
2.960000 241 120
3.000000 238 120
3.040000 235 120
3.080000 231 120
3.120000 228 120
3.160000 220 123
3.200000 214 122
3.240000 210 122
3.280000 205 122
3.320000 199 119
3.360000 196 120
3.400000 193 120
3.440000 190 120
3.480000 187 120
3.520000 185 120
3.560000 182 120
3.600000 179 120
3.640000 176 120
3.680000 169 119
3.720000 160 119
3.760000 158 118
3.800000 154 115
3.840000 151 115
3.880000 147 114
3.920000 143 115
3.960000 139 115
4.000000 136 116
4.040000 132 116
4.080000 128 116
4.120000 125 117
4.160000 121 117
4.200000 117 117
4.240000 114 118
4.280000 110 118
4.320000 99 117
4.360000 96 117
4.400000 94 117
4.440000 91 116
4.480000 86 116
4.520000 82 117
4.560000 78 118
4.600000 74 119
4.640000 71 120
4.680000 63 122
4.720000 66 122
4.760000 69 122
4.800000 72 122
4.840000 70 119
4.880000 65 113
4.920000 64 116
4.960000 60 117
5.000000 58 115
5.040000 47 114
5.080000 44 115
5.120000 41 116
5.160000 39 117
5.200000 36 118
5.240000 34 119
5.280000 34 119
5.320000 34 119
5.360000 34 119
5.400000 34 119
5.440000 34 119
5.480000 34 119
5.520000 34 119
5.560000 34 119
5.600000 34 119
5.640000 34 119
5.680000 34 119
5.720000 34 119
5.760000 34 119
5.800000 34 119
5.840000 34 119
5.880000 34 119
5.920000 34 119
