0.000000 314 119
0.040000 314 119
0.080000 314 119
0.120000 314 119
0.160000 314 119
0.200000 314 119
0.240000 314 119
0.280000 314 119
0.320000 314 119
0.360000 314 119
0.400000 314 119
0.440000 314 119
0.480000 314 119
0.520000 314 119
0.560000 314 119
0.600000 314 119
0.640000 314 119
0.680000 314 119
0.720000 314 119
0.760000 314 119
0.800000 314 119
0.840000 314 119
0.880000 314 119
0.920000 314 119
0.960000 314 119
1.000000 314 119
1.040000 314 119
1.080000 314 119
1.120000 312 118
1.160000 307 120
1.200000 303 123
1.240000 297 122
1.280000 293 122
1.320000 288 122
1.360000 286 122
1.400000 283 121
1.440000 278 120
1.480000 274 120
1.520000 271 119
1.560000 268 119
1.600000 262 119
1.640000 256 118
1.680000 253 119
1.720000 246 119
1.760000 242 123
1.800000 240 123
1.840000 236 123
1.880000 234 123
1.920000 231 122
1.960000 229 119
2.000000 225 119
2.040000 221 119
2.080000 216 118
2.120000 214 118
2.160000 207 118
2.200000 201 119
2.240000 193 119
2.280000 188 119
2.320000 184 119
2.360000 180 122
2.400000 175 120
2.440000 171 119
2.480000 169 119
2.520000 164 119
2.560000 159 117
2.600000 158 116
2.640000 149 115
2.680000 149 117
2.720000 142 117
2.760000 132 118
2.800000 129 119
2.840000 125 121
2.880000 121 122
2.920000 121 122
2.960000 118 119
3.000000 113 119
3.040000 111 119
3.080000 108 117
3.120000 103 116
3.160000 98 116
3.200000 92 116
3.240000 86 117
3.280000 82 118
3.320000 75 119
3.360000 66 119
3.400000 66 121
3.440000 64 119
3.480000 58 119
3.520000 54 119
3.560000 51 118
3.600000 51 117
3.640000 49 117
3.680000 44 117
3.720000 38 117
3.760000 34 118
3.800000 30 117
3.840000 25 118
3.880000 23 119
3.920000 19 120
3.960000 18 119
4.000000 13 119
4.040000 11 118
4.080000 8 118
4.120000 2 117
4.160000 2 117
4.200000 2 117
4.240000 2 117
4.280000 2 117
4.320000 2 117
4.360000 2 117
4.400000 2 117
4.440000 2 117
4.480000 2 117
4.520000 2 117
4.560000 2 117
4.600000 2 117
4.640000 2 117
4.680000 2 117
4.720000 2 117
