2.000000 274 119
2.040000 270 119
2.080000 266 120
2.120000 260 121
2.160000 257 120
2.200000 253 123
2.240000 249 122
2.280000 246 121
2.320000 241 120
2.360000 236 119
2.400000 233 118
2.440000 229 118
2.480000 222 118
2.520000 216 119
2.560000 212 119
2.600000 210 119
2.640000 204 120
2.680000 200 119
2.720000 196 120
2.760000 194 121
2.800000 190 119
2.840000 184 119
2.880000 181 119
2.920000 177 117
2.960000 172 116
3.000000 167 118
3.040000 159 118
3.080000 153 118
3.120000 148 120
3.160000 145 122
3.200000 147 122
