2.320000 316 121
2.360000 312 120
2.400000 306 120
2.440000 302 122
2.480000 299 122
2.520000 298 123
2.560000 294 123
2.600000 291 123
2.640000 288 122
2.680000 283 122
2.720000 279 119
2.760000 273 120
2.800000 268 119
2.840000 263 119
2.880000 257 120
2.920000 253 120
2.960000 250 122
3.000000 246 123
3.040000 242 122
3.080000 240 122
3.120000 236 122
3.160000 233 120
3.200000 225 120
3.240000 225 119
3.280000 220 118
3.320000 215 119
3.360000 208 119
3.400000 201 119
3.440000 199 119
3.480000 193 121
3.520000 189 122
3.560000 184 122
3.600000 179 122
3.640000 177 122
3.680000 173 123
3.720000 168 120
3.760000 164 119
3.800000 159 119
3.840000 153 118
3.880000 149 118
3.920000 142 119
3.960000 138 119
4.000000 134 119
4.040000 131 120
4.080000 127 121
4.120000 122 123
4.160000 118 122
4.200000 116 119
4.240000 112 119
4.280000 106 118
4.320000 101 117
4.360000 96 117
4.400000 90 118
4.440000 85 119
4.480000 81 118
4.520000 78 119
4.560000 75 119
4.600000 69 120
4.640000 65 122
4.680000 59 122
4.720000 55 119
4.760000 54 119
4.800000 53 118
4.840000 48 117
4.880000 42 117
4.920000 34 118
4.960000 34 117
5.000000 29 118
5.040000 23 119
5.080000 22 119
5.120000 18 119
5.160000 15 121
5.200000 12 121
5.240000 7 119
5.280000 2 119
5.320000 2 119
