2.320000 320 91
2.360000 314 91
2.400000 304 91
2.440000 296 92
2.480000 290 93
2.520000 284 95
2.560000 278 95
2.600000 273 95
2.640000 271 93
2.680000 269 93
2.720000 264 91
2.760000 257 90
2.800000 253 91
2.840000 249 91
2.880000 246 93
2.920000 243 91
2.960000 242 92
3.000000 238 92
3.040000 241 93
3.080000 240 90
3.120000 238 89
3.160000 236 88
3.200000 210 92
3.240000 231 87
3.280000 226 88
3.320000 221 87
3.360000 215 87
3.400000 205 87
3.440000 198 87
3.480000 184 89
3.520000 179 91
3.560000 174 92
3.600000 168 93
3.640000 162 93
3.680000 158 92
3.720000 155 91
3.760000 153 90
3.800000 147 88
3.840000 142 87
3.880000 137 89
3.920000 132 90
3.960000 128 89
4.000000 127 89
4.040000 122 91
4.080000 118 92
4.120000 121 92
4.160000 121 90
4.200000 120 87
4.240000 117 87
4.280000 115 87
4.320000 90 90
4.360000 106 87
4.400000 79 90
4.440000 75 90
4.480000 81 87
4.520000 71 88
4.560000 68 87
4.600000 60 91
4.640000 54 92
4.680000 49 92
4.720000 44 92
4.760000 43 90
4.800000 60 87
4.840000 35 89
4.880000 30 88
4.920000 27 89
4.960000 42 89
5.000000 33 89
5.040000 19 88
5.080000 18 89
5.120000 14 91
5.160000 10 92
5.200000 8 93
5.240000 2 91
5.280000 8 89
5.320000 7 89
