1.960000 309 152
2.000000 307 151
2.040000 303 153
2.080000 299 154
2.120000 295 153
2.160000 293 152
2.200000 289 154
2.240000 286 152
2.280000 281 150
2.320000 277 150
2.360000 271 151
2.400000 262 152
2.440000 258 154
2.480000 255 154
2.520000 247 154
2.560000 245 155
2.600000 241 154
2.640000 236 154
2.680000 231 151
2.720000 226 152
2.760000 221 151
2.800000 216 152
2.840000 212 152
2.880000 208 152
2.920000 203 153
2.960000 199 154
3.000000 196 154
3.040000 193 154
3.080000 188 154
3.120000 185 154
3.160000 180 151
3.200000 175 151
3.240000 172 152
3.280000 165 154
3.320000 162 154
3.360000 156 154
3.400000 150 154
3.440000 146 154
3.480000 144 154
3.520000 137 154
3.560000 134 154
3.600000 130 153
3.640000 126 152
3.680000 120 151
3.720000 114 150
3.760000 108 150
3.800000 106 152
3.840000 106 152
3.880000 100 154
3.920000 95 154
3.960000 92 155
4.000000 86 154
4.040000 82 154
4.080000 78 151
4.120000 75 150
4.160000 70 149
4.200000 66 149
4.240000 61 150
4.280000 57 150
4.320000 55 150
4.360000 49 152
4.400000 47 152
4.440000 43 150
4.480000 38 150
4.520000 34 150
4.560000 31 149
4.600000 23 148
4.640000 23 148
4.680000 18 148
4.720000 17 149
4.760000 12 150
