3.240000 198 107
3.280000 189 107
3.320000 179 108
3.360000 170 113
3.400000 158 109
3.440000 148 111
3.480000 142 113
3.520000 134 114
3.560000 127 114
3.600000 122 113
3.640000 119 113
3.680000 116 110
3.720000 116 108
3.760000 116 108
3.800000 116 107
3.840000 116 108
3.880000 116 108
3.920000 116 107
3.960000 113 106
4.000000 111 104
4.040000 107 105
4.080000 102 106
4.120000 97 107
4.160000 91 107
4.200000 85 107
4.240000 76 108
4.280000 68 107
4.320000 58 108
4.360000 49 109
4.400000 43 112
4.440000 34 111
4.480000 29 112
4.520000 27 113
4.560000 23 113
4.600000 19 112
4.640000 18 108
4.680000 18 109
4.720000 18 109
4.760000 15 108
4.800000 16 107
4.840000 14 107
4.880000 12 107
4.920000 11 104
4.960000 9 104
5.000000 7 104
5.040000 5 104
