3.240000 179 160
3.280000 174 160
3.320000 170 160
3.360000 165 160
3.400000 160 160
3.440000 157 160
3.480000 153 159
3.520000 147 159
3.560000 142 158
3.600000 138 159
3.640000 133 159
3.680000 128 159
3.720000 123 159
3.760000 120 160
3.800000 116 160
3.840000 111 160
3.880000 107 160
3.920000 102 159
3.960000 98 159
4.000000 94 156
4.040000 90 156
4.080000 85 156
4.120000 81 157
4.160000 76 158
4.200000 71 159
4.240000 68 159
4.280000 64 160
4.320000 60 159
4.360000 57 159
4.400000 53 158
4.440000 49 156
4.480000 44 155
4.520000 40 154
4.560000 37 155
4.600000 33 155
4.640000 29 155
4.680000 27 155
4.720000 23 156
4.760000 19 156
4.800000 17 158
4.840000 12 156
4.880000 9 155
4.920000 7 154
4.960000 1 154
5.000000 2 152
5.040000 2 152
