1.840000 310 63
1.880000 310 63
1.920000 310 63
1.960000 309 64
2.000000 309 63
2.040000 309 63
2.080000 309 63
2.120000 309 64
2.160000 307 66
2.200000 303 67
2.240000 298 70
2.280000 288 71
2.320000 278 71
2.360000 266 69
2.400000 255 62
2.440000 241 62
2.480000 226 59
2.520000 215 58
2.560000 209 58
2.600000 206 56
2.640000 205 56
2.680000 205 56
2.720000 205 56
2.760000 205 56
2.800000 205 56
2.840000 205 56
2.880000 205 56
2.920000 205 56
2.960000 205 56
3.000000 205 57
3.040000 205 58
3.080000 201 61
3.120000 197 61
3.160000 190 65
3.200000 181 67
3.240000 171 67
3.280000 160 67
3.320000 147 66
3.360000 134 61
3.400000 121 59
3.440000 107 56
3.480000 95 56
3.520000 90 57
3.560000 87 56
3.600000 86 56
3.640000 85 55
3.680000 85 55
3.720000 86 55
3.760000 85 54
3.800000 85 55
3.840000 86 56
3.880000 86 56
3.920000 86 56
3.960000 86 56
4.000000 85 56
4.040000 85 56
4.080000 81 61
4.120000 75 63
4.160000 70 65
4.200000 60 67
4.240000 52 67
4.280000 40 67
4.320000 32 61
4.360000 19 61
4.400000 8 61
4.440000 2 59
4.480000 2 60
4.520000 2 60
4.640000 27 67
