2.120000 290 68
2.200000 283 65
2.240000 282 64
2.280000 281 63
2.320000 280 63
2.360000 280 63
2.400000 280 63
2.440000 289 71
2.480000 279 65
2.520000 267 65
2.560000 255 61
2.600000 242 61
2.640000 234 62
2.680000 230 61
2.720000 226 61
2.760000 226 60
2.800000 226 59
2.840000 226 59
2.880000 226 59
2.920000 226 59
2.960000 226 61
3.000000 225 61
3.040000 225 61
3.080000 225 60
3.120000 225 61
3.160000 169 62
3.200000 222 61
3.240000 166 58
3.280000 214 67
3.320000 205 70
3.360000 194 70
3.400000 182 70
3.440000 169 66
3.480000 157 60
3.520000 142 56
3.560000 127 56
3.600000 116 58
3.640000 108 59
3.680000 106 58
3.720000 104 56
3.760000 103 56
3.800000 102 56
3.840000 137 72
3.880000 103 56
3.920000 103 56
3.960000 103 56
4.000000 102 56
4.040000 102 56
4.080000 102 56
4.120000 101 58
4.160000 101 58
4.200000 98 60
4.240000 95 63
4.280000 85 67
4.320000 77 67
4.360000 70 67
4.400000 55 69
4.440000 45 61
4.480000 33 59
4.520000 21 57
4.560000 10 60
4.600000 2 59
4.640000 2 57
4.680000 2 58
4.720000 2 58
4.760000 2 56
4.840000 21 72
