2.080000 300 63
2.120000 291 64
2.160000 285 63
2.200000 284 61
2.280000 320 71
2.320000 320 68
2.360000 314 75
2.400000 305 74
2.440000 283 62
2.480000 286 61
2.520000 283 61
2.560000 283 61
2.600000 283 61
2.640000 283 61
2.680000 283 65
2.720000 280 67
2.760000 277 71
2.800000 270 75
2.840000 262 77
2.880000 253 74
2.920000 240 72
2.960000 228 65
3.000000 214 65
3.040000 200 59
3.080000 185 58
3.120000 175 59
3.160000 227 59
3.200000 170 56
3.240000 225 65
3.280000 169 56
3.320000 169 56
3.360000 169 56
3.400000 168 56
3.440000 168 56
3.480000 169 57
3.520000 169 56
3.560000 169 56
3.600000 169 56
3.640000 168 57
3.680000 168 60
3.720000 164 63
3.760000 158 70
3.800000 148 72
3.840000 106 52
3.880000 130 72
3.920000 117 70
3.960000 102 59
4.000000 90 61
4.040000 77 61
4.080000 66 58
4.120000 57 58
4.160000 53 57
4.200000 52 56
4.240000 51 55
4.280000 51 55
4.320000 50 56
4.360000 49 56
4.400000 49 56
4.440000 53 58
4.480000 49 56
4.520000 49 56
4.560000 49 56
4.600000 49 56
4.640000 49 58
4.680000 2 56
4.720000 46 64
4.760000 40 70
