0.000000 313 95
0.040000 313 95
0.080000 313 95
0.120000 313 95
0.160000 313 95
0.200000 313 95
0.240000 313 95
0.280000 313 95
0.320000 313 95
0.360000 313 95
0.400000 313 95
0.440000 313 95
0.480000 313 95
0.520000 313 95
0.560000 313 95
0.600000 313 95
0.640000 313 95
0.680000 313 95
0.720000 313 95
0.760000 313 95
0.800000 313 95
0.840000 313 95
0.880000 313 95
0.920000 313 95
0.960000 313 95
1.000000 313 95
1.040000 313 95
1.080000 313 95
1.120000 313 95
1.160000 313 95
1.200000 313 95
1.240000 313 95
1.280000 313 95
1.320000 313 95
1.360000 313 95
1.400000 313 95
1.440000 313 95
1.480000 313 95
1.520000 313 95
1.560000 313 95
1.600000 313 95
1.640000 313 95
1.680000 313 95
1.720000 313 95
1.760000 313 95
1.800000 313 95
1.840000 313 95
1.880000 313 95
1.920000 313 95
1.960000 313 95
2.000000 313 95
2.040000 313 95
2.080000 313 95
2.120000 313 95
2.160000 313 95
2.200000 313 95
2.240000 313 95
2.280000 313 95
2.320000 313 95
2.360000 313 95
2.400000 313 95
2.440000 313 95
2.480000 313 95
2.520000 313 95
2.560000 313 95
2.600000 313 95
2.640000 313 95
2.680000 313 95
2.720000 313 95
2.760000 313 95
2.800000 313 95
2.840000 313 95
2.880000 313 95
2.920000 313 95
2.960000 313 95
3.000000 313 95
3.040000 313 95
3.080000 313 95
3.120000 313 95
3.160000 313 95
3.200000 313 95
3.240000 313 95
3.280000 313 95
3.320000 313 95
3.360000 313 95
3.400000 313 95
3.440000 313 95
3.480000 313 95
3.520000 313 95
3.560000 313 95
3.600000 313 95
3.640000 313 95
3.680000 308 93
3.720000 320 88
3.760000 320 89
3.800000 314 89
3.840000 309 91
3.880000 303 91
3.920000 294 92
3.960000 287 91
4.000000 278 92
4.040000 271 92
4.080000 266 94
4.120000 259 94
4.160000 257 93
4.200000 251 92
4.240000 247 92
4.280000 242 90
4.320000 236 89
4.360000 232 91
4.400000 231 90
4.440000 230 89
4.480000 230 88
4.520000 226 91
4.560000 228 90
4.600000 227 88
4.640000 226 87
4.680000 224 88
4.720000 221 87
4.760000 216 87
4.800000 207 87
4.840000 198 87
4.880000 188 87
4.920000 179 87
4.960000 173 89
5.000000 165 92
5.040000 158 92
5.080000 153 91
5.120000 149 89
5.160000 144 89
5.200000 138 87
5.240000 133 88
5.280000 131 87
5.320000 129 87
5.360000 127 87
5.400000 127 88
5.440000 127 89
5.480000 127 87
5.520000 127 87
5.560000 123 87
5.600000 121 87
5.640000 116 86
5.680000 107 87
5.720000 97 87
5.760000 90 86
5.800000 80 87
5.840000 72 87
5.880000 71 90
5.920000 59 92
5.960000 54 91
6.000000 49 91
6.040000 45 89
6.080000 65 82
6.120000 38 88
6.160000 33 88
6.200000 32 87
6.240000 32 85
6.280000 29 87
6.320000 29 89
6.360000 28 89
6.400000 28 87
6.440000 27 86
6.480000 23 86
6.520000 21 87
6.560000 18 84
6.600000 18 84
6.640000 18 84
6.680000 18 84
6.720000 18 84
6.760000 18 84
6.800000 18 84
6.840000 18 84
6.880000 18 84
6.920000 18 84
6.960000 18 84
7.000000 18 84
