0.000000 320 155
0.040000 320 155
0.080000 320 155
0.120000 320 155
0.160000 320 155
0.200000 320 155
0.240000 320 155
0.280000 320 155
0.320000 320 155
0.360000 320 155
0.400000 320 155
0.440000 320 155
0.480000 320 155
0.520000 320 155
0.560000 320 155
0.600000 320 155
0.640000 320 155
0.680000 320 155
0.720000 320 155
0.760000 320 155
0.800000 320 155
0.840000 320 155
0.880000 320 155
0.920000 320 155
0.960000 320 155
1.000000 320 155
1.040000 320 155
1.080000 320 155
1.120000 320 155
1.160000 320 155
1.200000 320 155
1.240000 320 155
1.280000 320 155
1.320000 320 155
1.360000 320 155
1.400000 320 155
1.440000 320 155
1.480000 320 155
1.520000 320 155
1.560000 320 155
1.600000 320 155
1.640000 320 155
1.680000 320 155
1.720000 320 155
1.760000 320 155
1.800000 320 155
1.840000 320 155
1.880000 320 155
1.920000 320 155
1.960000 320 155
2.000000 320 155
2.040000 320 155
2.080000 320 155
2.120000 320 155
2.160000 320 155
2.200000 320 155
2.240000 320 155
2.280000 320 155
2.320000 320 155
2.360000 320 155
2.400000 320 155
2.440000 314 154
2.480000 312 155
2.520000 309 155
2.560000 307 156
2.600000 303 156
2.640000 299 156
2.680000 297 156
2.720000 294 155
2.760000 289 154
2.800000 286 154
2.840000 283 154
2.880000 277 154
2.920000 273 155
2.960000 271 156
3.000000 268 156
3.040000 264 156
3.080000 262 158
3.120000 257 158
3.160000 254 158
3.200000 251 158
3.240000 247 156
3.280000 242 155
3.320000 238 154
3.360000 235 154
3.400000 231 154
3.440000 226 155
3.480000 222 156
3.520000 220 157
3.560000 216 158
3.600000 211 158
3.640000 209 159
3.680000 205 158
3.720000 200 156
3.760000 195 155
3.800000 193 154
3.840000 188 155
3.880000 183 154
3.920000 179 155
3.960000 175 156
4.000000 173 157
4.040000 168 158
4.080000 164 158
4.120000 162 158
4.160000 158 158
4.200000 153 156
4.240000 153 158
4.280000 147 156
4.320000 143 155
4.360000 139 154
4.400000 136 154
4.440000 131 155
4.480000 127 155
4.520000 123 154
4.560000 121 156
4.600000 116 155
4.640000 112 155
4.680000 110 157
4.720000 106 155
4.760000 101 154
4.800000 98 154
4.840000 94 154
4.880000 90 154
4.920000 86 154
4.960000 82 154
5.000000 79 154
5.040000 75 155
5.080000 71 155
5.120000 69 155
5.160000 66 157
5.200000 64 156
5.240000 60 155
5.280000 57 155
5.320000 53 154
5.360000 49 153
5.400000 47 154
5.440000 42 152
5.480000 38 153
5.520000 36 154
5.560000 33 154
5.600000 29 154
5.640000 27 154
5.680000 23 154
5.720000 18 154
5.760000 16 154
5.800000 8 150
5.840000 6 150
5.880000 5 150
5.920000 4 150
5.960000 3 150
6.000000 1 149
6.040000 2 148
6.080000 2 148
6.120000 2 148
6.160000 2 148
6.200000 2 148
