0.000000 314 155
0.040000 314 155
0.080000 314 155
0.120000 314 155
0.160000 314 155
0.200000 314 155
0.240000 314 155
0.280000 314 155
0.320000 314 155
0.360000 314 155
0.400000 314 155
0.440000 314 155
0.480000 314 155
0.520000 314 155
0.560000 314 155
0.600000 314 155
0.640000 314 155
0.680000 314 155
0.720000 314 155
0.760000 314 155
0.800000 314 155
0.840000 314 155
0.880000 314 155
0.920000 314 155
0.960000 314 155
1.000000 314 155
1.040000 314 155
1.080000 314 155
1.120000 314 155
1.160000 314 155
1.200000 314 155
1.240000 314 155
1.280000 314 155
1.320000 314 155
1.360000 314 155
1.400000 314 155
1.440000 314 155
1.480000 314 155
1.520000 314 155
1.560000 314 155
1.600000 314 155
1.640000 314 155
1.680000 314 155
1.720000 314 155
1.760000 314 155
1.800000 314 155
1.840000 314 155
1.880000 314 155
1.920000 314 155
1.960000 314 155
2.000000 314 155
2.040000 314 155
2.080000 314 155
2.120000 314 155
2.160000 314 155
2.200000 314 155
2.240000 314 155
2.280000 314 155
2.320000 314 155
2.360000 314 155
2.400000 314 155
2.440000 311 155
2.480000 309 155
2.520000 305 156
2.560000 303 156
2.600000 299 158
2.640000 297 157
2.680000 294 156
2.720000 291 155
2.760000 288 155
2.800000 283 154
2.840000 279 154
2.880000 275 155
2.920000 272 155
2.960000 268 156
3.000000 264 157
3.040000 262 158
3.080000 258 159
3.120000 253 159
3.160000 251 159
3.200000 247 158
3.240000 243 156
3.280000 240 155
3.320000 236 155
3.360000 231 155
3.400000 227 155
3.440000 223 156
3.480000 220 157
3.520000 216 158
3.560000 212 159
3.600000 210 159
3.640000 205 159
3.680000 202 159
3.720000 199 157
3.760000 195 156
3.800000 191 155
3.840000 187 155
3.880000 184 155
3.920000 179 156
3.960000 174 158
4.000000 170 158
4.040000 168 159
4.080000 164 159
4.120000 160 159
4.160000 158 159
4.200000 153 159
4.240000 149 158
4.280000 145 156
4.320000 142 155
4.360000 137 155
4.400000 133 155
4.440000 129 155
4.480000 126 156
4.520000 122 156
4.560000 120 158
4.600000 116 156
4.640000 112 158
4.680000 110 159
4.720000 106 157
4.760000 102 156
4.800000 100 155
4.840000 95 155
4.880000 91 155
4.920000 88 155
4.960000 84 155
5.000000 81 155
5.040000 76 156
5.080000 73 158
5.120000 69 156
5.160000 69 159
5.200000 64 156
5.240000 60 156
5.280000 58 155
5.320000 55 155
5.360000 51 154
5.400000 48 154
5.440000 44 154
5.480000 39 154
5.520000 36 154
5.560000 33 154
5.600000 30 154
5.640000 28 155
5.680000 24 154
5.720000 23 154
5.760000 19 154
5.800000 17 153
5.840000 9 150
5.880000 7 150
5.920000 5 150
5.960000 3 150
6.000000 2 149
6.040000 2 149
6.080000 2 149
6.120000 2 149
6.160000 2 149
6.200000 2 149
