0.000000 286 61
0.040000 286 61
0.080000 286 61
0.120000 286 61
0.160000 286 61
0.200000 286 61
0.240000 286 61
0.280000 286 61
0.320000 286 61
0.360000 286 61
0.400000 286 61
0.440000 286 61
0.480000 286 61
0.520000 286 61
0.560000 286 61
0.600000 286 61
0.640000 286 61
0.680000 286 61
0.720000 286 61
0.760000 286 61
0.800000 286 61
0.840000 286 61
0.880000 286 61
0.920000 286 61
0.960000 286 61
1.000000 286 61
1.040000 286 61
1.080000 286 61
1.120000 286 61
1.160000 286 61
1.200000 286 61
1.240000 286 61
1.280000 286 61
1.320000 286 61
1.360000 286 61
1.400000 286 61
1.440000 286 61
1.480000 286 61
1.520000 286 61
1.560000 286 61
1.600000 286 61
1.640000 286 61
1.680000 286 61
1.720000 286 61
1.760000 286 61
1.800000 286 61
1.840000 286 61
1.880000 286 61
1.920000 286 61
1.960000 286 61
2.000000 286 61
2.040000 286 61
2.080000 286 61
2.120000 286 61
2.160000 286 61
2.200000 286 61
2.240000 286 61
2.280000 286 61
2.320000 286 61
2.360000 283 56
2.400000 282 56
2.440000 283 56
2.480000 307 61
2.520000 303 65
2.560000 286 60
2.600000 277 58
2.640000 265 59
2.680000 283 56
2.720000 283 56
2.760000 283 56
2.800000 284 56
2.840000 283 56
2.880000 283 56
2.920000 241 56
2.960000 241 56
3.000000 270 56
3.040000 261 57
3.080000 239 57
3.120000 241 57
3.160000 245 56
3.200000 240 56
3.240000 241 56
3.280000 241 56
3.320000 240 56
3.360000 241 56
3.400000 240 56
3.440000 237 55
3.480000 192 56
3.520000 220 56
3.560000 210 56
3.600000 194 59
3.640000 183 56
3.680000 194 56
3.720000 159 59
3.760000 194 55
3.800000 194 54
3.840000 148 56
3.880000 194 55
3.920000 194 54
3.960000 147 56
4.000000 146 56
4.040000 147 56
4.080000 148 56
4.120000 152 58
4.160000 153 56
4.200000 148 56
4.240000 147 56
4.280000 148 56
4.320000 148 56
4.360000 148 56
4.400000 147 56
4.440000 147 54
4.480000 143 52
4.520000 100 55
4.560000 99 55
4.600000 101 55
4.640000 101 57
4.680000 90 56
4.720000 79 60
4.760000 101 54
4.800000 101 54
4.840000 62 61
4.880000 60 57
4.920000 59 57
4.960000 101 52
5.000000 59 57
5.040000 59 57
5.080000 58 57
5.120000 60 56
5.160000 59 56
5.200000 64 57
5.240000 60 57
5.280000 60 58
5.320000 60 57
5.360000 60 58
5.400000 59 57
5.440000 60 57
5.480000 60 56
5.520000 19 56
5.560000 18 56
5.600000 38 61
5.640000 22 60
5.680000 8 61
5.720000 6 62
5.760000 5 62
5.800000 3 62
5.840000 2 59
5.880000 6 59
5.920000 10 59
5.960000 14 59
6.000000 19 56
6.040000 19 56
6.080000 19 56
6.120000 19 56
6.160000 19 56
6.200000 19 56
