1.240000 314 119
1.280000 309 117
1.320000 304 115
1.360000 299 115
1.400000 295 117
1.440000 292 118
1.480000 288 119
1.520000 283 119
1.560000 280 118
1.600000 277 117
1.640000 272 115
1.680000 268 113
1.720000 262 113
1.760000 258 113
1.800000 253 113
1.840000 247 113
1.880000 243 115
1.920000 239 117
1.960000 236 117
2.000000 231 117
2.040000 226 115
2.080000 221 113
2.120000 218 113
2.160000 213 112
2.200000 207 113
2.240000 201 112
2.280000 195 113
2.320000 192 113
2.360000 190 115
2.400000 184 117
2.440000 183 118
2.480000 179 118
2.520000 170 115
2.560000 167 113
2.600000 162 113
2.640000 158 113
2.680000 152 113
2.720000 147 113
2.760000 138 113
2.800000 132 113
2.840000 129 113
2.880000 123 114
2.920000 120 114
2.960000 116 113
3.000000 111 113
3.040000 107 112
3.080000 102 111
3.120000 97 112
3.160000 91 112
3.200000 87 113
3.240000 86 113
3.280000 85 116
3.320000 81 117
3.360000 76 117
3.400000 73 117
3.440000 68 115
3.480000 62 113
3.520000 57 113
3.560000 53 111
3.600000 47 112
3.640000 43 113
3.680000 39 114
3.720000 35 114
3.760000 32 116
3.800000 28 117
3.840000 23 115
3.880000 19 113
3.920000 17 114
3.960000 12 113
4.000000 7 113
