0.000000 320 117
0.040000 320 117
0.080000 320 117
0.120000 320 117
0.160000 320 117
0.200000 320 117
0.240000 320 117
0.280000 320 117
0.320000 320 117
0.360000 320 117
0.400000 320 117
0.440000 320 117
0.480000 320 117
0.520000 320 117
0.560000 320 117
0.600000 320 117
0.640000 320 117
0.680000 320 117
0.720000 320 117
0.760000 320 117
0.800000 320 117
0.840000 320 117
0.880000 320 117
0.920000 320 117
0.960000 320 117
1.000000 320 117
1.040000 320 117
1.080000 320 117
1.120000 320 117
1.160000 320 117
1.200000 320 117
1.240000 320 117
1.280000 320 117
1.320000 320 117
1.360000 320 117
1.400000 320 117
1.440000 320 117
1.480000 320 117
1.520000 320 117
1.560000 320 117
1.600000 320 117
1.640000 320 117
1.680000 320 117
1.720000 320 117
1.760000 320 117
1.800000 320 117
1.840000 320 117
1.880000 320 117
1.920000 320 117
1.960000 320 117
2.000000 320 117
2.040000 320 117
2.080000 320 118
2.120000 315 119
2.160000 314 119
2.200000 314 119
2.240000 309 119
2.280000 307 119
2.320000 304 118
2.360000 303 119
2.400000 299 118
2.440000 294 117
2.480000 290 118
2.520000 286 117
2.560000 282 118
2.600000 278 118
2.640000 274 118
2.680000 270 118
2.720000 268 118
2.760000 268 119
2.800000 265 119
2.840000 262 118
2.880000 258 118
2.920000 257 117
2.960000 253 117
3.000000 250 114
3.040000 246 115
3.080000 241 113
3.120000 236 115
3.160000 230 115
3.200000 225 115
3.240000 221 117
3.280000 216 118
3.320000 210 119
3.360000 207 117
3.400000 205 119
3.440000 201 118
3.480000 197 117
3.520000 195 117
3.560000 190 114
3.600000 186 113
3.640000 181 113
3.680000 174 111
3.720000 169 113
3.760000 164 113
3.800000 160 117
3.840000 155 116
3.880000 154 117
3.920000 153 119
3.960000 145 118
4.000000 143 118
4.040000 142 118
4.080000 138 117
4.120000 134 117
4.160000 129 115
4.200000 123 114
4.240000 118 113
4.280000 113 114
4.320000 107 113
4.360000 101 115
4.400000 99 115
4.440000 95 117
4.480000 92 118
4.520000 87 118
4.560000 84 119
4.600000 80 119
4.640000 77 117
4.680000 73 117
4.720000 70 115
4.760000 65 113
4.800000 62 113
4.840000 55 111
4.880000 51 113
4.920000 44 113
4.960000 40 114
5.000000 39 114
5.040000 36 115
5.080000 34 117
5.120000 29 116
5.160000 27 118
5.200000 25 118
5.240000 23 117
5.280000 19 117
5.320000 16 115
5.360000 13 114
5.400000 8 113
5.440000 2 111
5.480000 2 113
5.520000 2 115
5.560000 2 115
5.600000 2 115
5.640000 2 115
5.680000 2 115
5.720000 2 115
5.760000 2 115
5.800000 2 115
5.840000 2 115
5.880000 2 115
5.920000 2 115
5.960000 2 115
6.000000 2 115
6.040000 2 115
6.080000 2 115
6.120000 2 115
6.160000 2 115
6.200000 2 115
6.240000 2 115
6.280000 2 115
6.320000 2 115
6.360000 2 115
6.400000 2 115
6.440000 2 115
6.480000 2 115
6.520000 2 115
6.560000 2 115
6.600000 2 115
6.640000 2 115
6.680000 2 115
6.720000 2 115
