0.000000 320 158
0.040000 320 158
0.080000 320 158
0.120000 320 158
0.160000 320 158
0.200000 320 158
0.240000 320 158
0.280000 320 158
0.320000 320 158
0.360000 320 158
0.400000 320 158
0.440000 320 158
0.480000 320 158
0.520000 320 158
0.560000 320 158
0.600000 320 158
0.640000 320 158
0.680000 320 158
0.720000 320 158
0.760000 320 158
0.800000 320 158
0.840000 320 158
0.880000 320 158
0.920000 320 158
0.960000 320 158
1.000000 320 158
1.040000 320 158
1.080000 320 158
1.120000 320 158
1.160000 320 158
1.200000 320 158
1.240000 320 158
1.280000 320 158
1.320000 320 158
1.360000 320 158
1.400000 320 158
1.440000 320 158
1.480000 320 158
1.520000 320 158
1.560000 320 158
1.600000 320 158
1.640000 320 158
1.680000 320 158
1.720000 320 158
1.760000 320 158
1.800000 320 158
1.840000 320 158
1.880000 320 158
1.920000 320 158
1.960000 320 158
2.000000 320 158
2.040000 320 158
2.080000 320 158
2.120000 320 159
2.160000 320 159
2.200000 315 159
2.240000 314 159
2.280000 312 158
2.320000 309 156
2.360000 306 155
2.400000 303 155
2.440000 299 154
2.480000 295 154
2.520000 292 154
2.560000 288 154
2.600000 283 155
2.640000 281 155
2.680000 277 156
2.720000 273 158
2.760000 271 158
2.800000 267 159
2.840000 262 158
2.880000 260 158
2.920000 257 157
2.960000 252 156
3.000000 249 156
3.040000 246 157
3.080000 241 155
3.120000 236 155
3.160000 231 156
3.200000 226 156
3.240000 224 158
3.280000 220 159
3.320000 216 159
3.360000 214 159
3.400000 210 159
3.440000 207 159
3.480000 204 158
3.520000 199 158
3.560000 195 156
3.600000 190 155
3.640000 185 155
3.680000 180 154
3.720000 175 155
3.760000 170 155
3.800000 165 156
3.840000 162 157
3.880000 158 158
3.920000 153 159
3.960000 147 159
4.000000 144 159
4.040000 141 159
4.080000 137 159
4.120000 132 158
4.160000 127 158
4.200000 122 156
4.240000 117 155
4.280000 112 155
4.320000 107 155
4.360000 102 156
4.400000 99 156
4.440000 95 158
4.480000 91 159
4.520000 88 159
4.560000 86 159
4.600000 82 159
4.640000 80 159
4.680000 75 158
4.720000 71 156
4.760000 68 155
4.800000 64 154
4.840000 59 154
4.880000 54 154
4.920000 49 154
4.960000 44 154
5.000000 40 154
5.040000 38 155
5.080000 33 155
5.120000 29 155
5.160000 27 156
5.200000 23 156
5.240000 19 155
5.280000 17 154
5.320000 12 154
5.360000 8 153
5.400000 7 153
5.440000 2 153
5.480000 2 153
5.520000 2 152
5.560000 2 151
5.600000 2 150
5.640000 2 150
5.680000 2 150
5.720000 2 150
5.760000 2 150
5.800000 2 150
5.840000 2 150
5.880000 2 150
5.920000 2 150
5.960000 2 150
6.000000 2 150
6.040000 2 150
6.080000 2 150
6.120000 2 150
6.160000 2 150
6.200000 2 150
6.240000 2 150
6.280000 2 150
6.320000 2 150
6.360000 2 150
6.400000 2 150
6.440000 2 150
6.480000 2 150
6.520000 2 150
6.560000 2 150
6.600000 2 150
6.640000 2 150
6.680000 2 150
6.720000 2 150
