0.000000 320 118
0.040000 320 118
0.080000 320 118
0.120000 320 118
0.160000 320 118
0.200000 320 118
0.240000 320 118
0.280000 320 118
0.320000 320 118
0.360000 320 118
0.400000 320 118
0.440000 320 118
0.480000 320 118
0.520000 320 118
0.560000 320 118
0.600000 320 118
0.640000 320 118
0.680000 320 118
0.720000 320 118
0.760000 320 118
0.800000 320 118
0.840000 320 118
0.880000 320 118
0.920000 320 118
0.960000 320 118
1.000000 320 118
1.040000 320 118
1.080000 320 118
1.120000 320 118
1.160000 320 118
1.200000 320 118
1.240000 320 118
1.280000 320 118
1.320000 320 118
1.360000 320 118
1.400000 320 118
1.440000 320 118
1.480000 320 118
1.520000 320 118
1.560000 320 118
1.600000 320 118
1.640000 320 118
1.680000 320 118
1.720000 320 118
1.760000 320 118
1.800000 320 118
1.840000 320 118
1.880000 320 118
1.920000 320 118
1.960000 320 118
2.000000 320 118
2.040000 320 118
2.080000 320 119
2.120000 313 119
2.160000 310 119
2.200000 309 119
2.240000 305 119
2.280000 303 119
2.320000 300 119
2.360000 298 119
2.400000 295 118
2.440000 292 118
2.480000 288 118
2.520000 283 118
2.560000 279 118
2.600000 274 119
2.640000 272 119
2.680000 267 119
2.720000 265 119
2.760000 262 119
2.800000 262 119
2.840000 257 118
2.880000 254 119
2.920000 252 117
2.960000 248 117
3.000000 246 115
3.040000 241 115
3.080000 236 113
3.120000 231 115
3.160000 225 115
3.200000 222 117
3.240000 218 118
3.280000 215 119
3.320000 210 119
3.360000 205 118
3.400000 202 119
3.440000 200 119
3.480000 196 118
3.520000 194 117
3.560000 190 115
3.600000 185 113
3.640000 181 113
3.680000 176 112
3.720000 171 113
3.760000 164 115
3.800000 158 117
3.840000 153 117
3.880000 153 118
3.920000 149 119
3.960000 147 118
4.000000 142 119
4.040000 138 119
4.080000 136 117
4.120000 132 117
4.160000 128 115
4.200000 125 115
4.240000 120 114
4.280000 115 115
4.320000 109 114
4.360000 105 116
4.400000 101 115
4.440000 97 117
4.480000 95 118
4.520000 91 118
4.560000 86 119
4.600000 83 119
4.640000 79 117
4.680000 75 118
4.720000 71 116
4.760000 68 114
4.800000 64 113
4.840000 60 113
4.880000 54 113
4.920000 49 114
4.960000 45 115
5.000000 42 115
5.040000 38 115
5.080000 38 117
5.120000 34 117
5.160000 31 118
5.200000 29 118
5.240000 25 118
5.280000 23 117
5.320000 19 116
5.360000 16 115
5.400000 12 114
5.440000 6 111
5.480000 2 113
5.520000 2 114
5.560000 2 115
5.600000 2 115
5.640000 2 115
5.680000 2 115
5.720000 2 115
5.760000 2 115
5.800000 2 115
5.840000 2 115
5.880000 2 115
5.920000 2 115
5.960000 2 115
6.000000 2 115
6.040000 2 115
6.080000 2 115
6.120000 2 115
6.160000 2 115
6.200000 2 115
6.240000 2 115
6.280000 2 115
6.320000 2 115
6.360000 2 115
6.400000 2 115
6.440000 2 115
6.480000 2 115
6.520000 2 115
6.560000 2 115
6.600000 2 115
6.640000 2 115
6.680000 2 115
6.720000 2 115
