0.000000 312 61
0.040000 312 61
0.080000 312 61
0.120000 312 61
0.160000 312 61
0.200000 312 61
0.240000 312 61
0.280000 312 61
0.320000 312 61
0.360000 312 61
0.400000 312 61
0.440000 312 61
0.480000 312 61
0.520000 312 61
0.560000 312 61
0.600000 312 61
0.640000 312 61
0.680000 312 61
0.720000 312 61
0.760000 312 61
0.800000 312 61
0.840000 312 61
0.880000 312 61
0.920000 312 61
0.960000 312 61
1.000000 312 61
1.040000 312 61
1.080000 312 61
1.120000 312 61
1.160000 312 61
1.200000 312 61
1.240000 312 61
1.280000 312 61
1.320000 312 61
1.360000 312 61
1.400000 312 61
1.440000 312 61
1.480000 312 61
1.520000 312 61
1.560000 312 61
1.600000 312 61
1.640000 312 61
1.680000 312 61
1.720000 312 61
1.760000 312 61
1.800000 312 61
1.840000 312 61
1.880000 312 61
1.920000 312 61
1.960000 312 61
2.000000 312 61
2.040000 312 61
2.080000 313 61
2.120000 320 69
2.160000 314 62
2.200000 312 66
2.240000 302 62
2.280000 314 62
2.320000 314 61
2.360000 314 62
2.400000 314 62
2.440000 312 63
2.480000 310 66
2.520000 309 67
2.560000 307 70
2.600000 302 74
2.640000 296 76
2.680000 288 76
2.720000 282 76
2.760000 273 72
2.800000 264 69
2.840000 252 64
2.880000 242 59
2.920000 231 57
2.960000 221 58
3.000000 216 58
3.040000 212 57
3.080000 212 56
3.120000 212 56
3.160000 212 55
3.200000 212 54
3.240000 212 55
3.280000 213 56
3.320000 215 56
3.360000 214 55
3.400000 214 56
3.440000 214 56
3.480000 214 56
3.520000 214 56
3.560000 212 56
3.600000 212 56
3.640000 212 58
3.680000 210 61
3.720000 207 63
3.760000 203 67
3.800000 195 72
3.840000 186 73
3.880000 178 71
3.920000 168 68
3.960000 158 63
4.000000 141 61
4.040000 131 59
4.080000 118 56
4.120000 107 56
4.160000 100 57
4.200000 95 56
4.240000 95 55
4.280000 95 54
4.320000 96 54
4.360000 96 54
4.400000 96 54
4.440000 96 55
4.480000 95 55
4.520000 96 56
4.560000 98 56
4.600000 96 56
4.640000 97 56
4.680000 96 56
4.720000 96 56
4.760000 96 56
4.800000 95 56
4.840000 93 57
4.880000 91 61
4.920000 86 64
4.960000 81 70
5.000000 40 55
5.040000 39 55
5.080000 59 70
5.120000 48 66
5.160000 38 60
5.200000 27 61
5.240000 18 61
5.280000 8 60
5.320000 1 61
5.360000 2 58
5.400000 2 56
5.440000 36 61
5.480000 32 63
5.520000 29 65
5.560000 26 67
5.600000 23 69
5.640000 23 69
5.680000 23 69
5.720000 23 69
5.760000 23 69
5.800000 23 69
5.840000 23 69
5.880000 23 69
5.920000 23 69
5.960000 23 69
6.000000 23 69
6.040000 23 69
6.080000 23 69
6.120000 23 69
6.160000 23 69
6.200000 23 69
6.240000 23 69
6.280000 23 69
6.320000 23 69
6.360000 23 69
6.400000 23 69
6.440000 23 69
6.480000 23 69
6.520000 23 69
6.560000 23 69
6.600000 23 69
6.640000 23 69
6.680000 23 69
6.720000 23 69
