1.600000 314 149
1.640000 315 154
1.680000 315 154
1.720000 312 154
1.760000 308 154
1.800000 304 154
1.840000 299 152
1.880000 294 150
1.920000 290 150
1.960000 284 150
2.000000 279 150
2.040000 273 151
2.080000 270 152
2.120000 266 154
2.160000 262 154
2.200000 257 154
2.240000 252 154
2.280000 249 153
2.320000 244 152
2.360000 238 150
2.400000 232 150
2.440000 227 150
2.480000 221 151
2.520000 216 152
2.560000 211 154
2.600000 207 154
2.640000 203 155
2.680000 198 155
2.720000 194 154
2.760000 188 154
2.800000 183 153
2.840000 177 151
2.880000 170 150
2.920000 164 149
2.960000 158 149
3.000000 153 150
3.040000 148 150
3.080000 144 154
3.120000 139 154
3.160000 135 154
3.200000 129 154
3.240000 125 153
3.280000 120 152
3.320000 115 150
3.360000 109 150
3.400000 103 150
3.440000 97 150
3.480000 93 150
3.520000 89 150
3.560000 85 152
3.600000 80 152
3.640000 75 151
3.680000 71 152
3.720000 68 150
3.760000 62 149
3.800000 57 146
3.840000 53 146
3.880000 48 146
3.920000 43 147
3.960000 36 146
4.000000 31 148
4.040000 28 149
4.080000 26 150
4.120000 21 150
4.160000 17 150
4.200000 12 150
4.240000 8 149
4.280000 1 149
4.360000 1 152
