1.840000 304 67
1.880000 293 67
1.920000 283 67
1.960000 280 65
2.000000 278 63
2.040000 277 62
2.080000 277 62
2.120000 277 62
2.160000 276 62
2.200000 275 64
2.240000 277 64
2.280000 277 63
2.320000 277 62
2.360000 277 62
2.400000 275 65
2.440000 273 66
2.480000 269 67
2.520000 263 71
2.560000 253 72
2.600000 244 70
2.640000 232 69
2.680000 216 61
2.720000 203 61
2.760000 189 61
2.800000 178 61
2.840000 171 61
2.880000 169 58
2.920000 168 57
2.960000 167 57
3.000000 167 56
3.040000 166 56
3.080000 166 59
3.120000 168 59
3.160000 168 57
3.200000 167 57
3.240000 166 59
3.280000 164 60
3.320000 162 61
3.360000 157 65
3.400000 148 66
3.440000 138 67
3.480000 127 66
3.520000 113 63
3.560000 97 59
3.600000 84 59
3.640000 71 60
3.680000 62 61
3.720000 55 60
3.760000 55 57
3.800000 54 56
3.840000 53 57
3.880000 53 56
3.920000 51 57
3.960000 53 57
4.000000 54 59
4.040000 54 57
4.080000 53 57
4.120000 53 57
4.160000 51 57
4.200000 50 59
4.240000 49 61
4.280000 43 65
4.320000 35 67
4.400000 18 67
