1.840000 314 154
1.880000 310 154
1.920000 308 152
1.960000 303 150
2.000000 299 150
2.040000 294 150
2.080000 288 152
2.120000 284 153
2.160000 280 154
2.200000 275 154
2.240000 271 154
2.280000 267 154
2.320000 262 154
2.360000 257 152
2.400000 251 150
2.440000 246 150
2.480000 241 150
2.520000 236 151
2.560000 231 152
2.600000 226 154
2.640000 221 154
2.680000 216 154
2.720000 210 154
2.760000 205 154
2.800000 201 152
2.840000 199 151
2.880000 194 150
2.920000 189 150
2.960000 183 150
3.000000 175 152
3.040000 169 154
3.080000 164 154
3.120000 159 155
3.160000 153 155
3.200000 147 154
3.240000 142 154
3.280000 137 152
3.320000 132 150
3.360000 125 149
3.400000 117 150
3.440000 114 149
3.480000 108 150
3.520000 106 152
3.560000 101 153
3.600000 96 152
3.640000 92 150
3.680000 88 149
3.720000 82 149
3.760000 77 148
3.800000 71 146
3.840000 66 148
3.880000 62 148
3.920000 57 150
3.960000 53 150
4.000000 49 150
4.040000 44 150
4.080000 39 150
4.120000 34 149
4.160000 29 149
4.200000 23 148
4.240000 19 147
4.280000 17 145
4.320000 11 145
4.360000 7 147
4.400000 1 144
