0.000000 320 112
0.040000 320 112
0.080000 320 112
0.120000 320 112
0.160000 320 112
0.200000 320 112
0.240000 320 112
0.280000 320 112
0.320000 320 112
0.360000 320 112
0.400000 320 112
0.440000 320 112
0.480000 320 112
0.520000 320 112
0.560000 320 112
0.600000 320 112
0.640000 320 112
0.680000 320 112
0.720000 320 112
0.760000 320 112
0.800000 320 112
0.840000 320 112
0.880000 320 112
0.920000 320 112
0.960000 320 112
1.000000 320 112
1.040000 320 112
1.080000 320 112
1.120000 320 112
1.160000 320 112
1.200000 309 113
1.240000 302 113
1.280000 303 113
1.320000 298 113
1.360000 294 114
1.400000 288 113
1.440000 285 114
1.480000 282 113
1.520000 277 113
1.560000 273 111
1.600000 267 111
1.640000 262 112
1.680000 257 113
1.720000 252 112
1.760000 247 113
1.800000 243 113
1.840000 241 113
1.880000 235 113
1.920000 230 113
1.960000 221 113
2.000000 220 112
2.040000 214 112
2.080000 210 112
2.120000 203 112
2.160000 199 112
2.200000 188 113
2.240000 183 114
2.280000 178 113
2.320000 173 112
2.360000 168 109
2.400000 162 108
2.440000 156 108
2.480000 149 109
2.520000 144 110
2.560000 140 111
2.600000 137 112
2.640000 132 113
2.680000 127 113
2.720000 123 113
2.760000 118 113
2.800000 112 112
2.840000 107 111
2.880000 102 110
2.920000 91 112
2.960000 90 113
3.000000 84 113
3.040000 79 113
3.080000 75 113
3.120000 70 113
3.160000 64 113
3.200000 61 112
3.240000 57 112
3.280000 52 112
3.320000 49 111
3.360000 44 110
3.400000 37 111
3.440000 37 113
3.480000 31 113
3.520000 28 113
3.560000 23 113
3.600000 19 113
3.640000 14 113
3.680000 12 112
3.720000 6 111
3.760000 2 112
3.800000 2 115
3.840000 2 115
3.880000 2 115
3.920000 2 115
3.960000 2 115
4.000000 2 115
4.040000 2 115
4.080000 2 115
4.120000 2 115
4.160000 2 115
4.200000 2 115
4.240000 2 115
4.280000 2 115
4.320000 2 115
