0.000000 310 113
0.040000 310 113
0.080000 310 113
0.120000 310 113
0.160000 310 113
0.200000 310 113
0.240000 310 113
0.280000 310 113
0.320000 310 113
0.360000 310 113
0.400000 310 113
0.440000 310 113
0.480000 310 113
0.520000 310 113
0.560000 310 113
0.600000 310 113
0.640000 310 113
0.680000 310 113
0.720000 310 113
0.760000 310 113
0.800000 310 113
0.840000 310 113
0.880000 310 113
0.920000 310 113
0.960000 310 113
1.000000 310 113
1.040000 310 113
1.080000 310 113
1.120000 310 113
1.160000 310 113
1.200000 305 112
1.240000 303 113
1.280000 299 111
1.320000 295 112
1.360000 293 113
1.400000 290 113
1.440000 288 113
1.480000 287 113
1.520000 283 111
1.560000 280 111
1.600000 277 109
1.640000 272 109
1.680000 267 109
1.720000 261 109
1.760000 253 109
1.800000 246 111
1.840000 238 110
1.880000 231 111
1.920000 224 113
1.960000 215 112
2.000000 209 112
2.040000 203 112
2.080000 197 109
2.120000 196 113
2.160000 194 111
2.200000 185 109
2.240000 184 113
2.280000 182 111
2.320000 179 108
2.360000 175 107
2.400000 171 106
2.440000 167 107
2.480000 161 107
2.520000 154 107
2.560000 147 108
2.600000 125 116
2.640000 125 115
2.680000 122 113
2.720000 116 113
2.760000 105 111
2.800000 98 113
2.840000 91 113
2.880000 85 111
2.920000 79 113
2.960000 75 113
3.000000 72 109
3.040000 71 108
3.080000 70 109
3.120000 67 107
3.160000 65 107
3.200000 58 112
3.240000 50 114
3.280000 44 115
3.320000 49 109
3.360000 39 104
3.400000 36 106
3.440000 33 107
3.480000 30 108
3.520000 19 108
3.560000 12 111
3.600000 8 113
3.640000 2 115
3.680000 2 116
3.720000 2 117
3.760000 2 118
3.800000 2 119
3.840000 2 119
3.880000 2 119
3.920000 2 119
3.960000 2 119
4.000000 2 119
4.040000 2 119
4.080000 2 119
4.120000 2 119
4.160000 2 119
4.200000 2 119
4.240000 2 119
4.280000 2 119
4.320000 2 119
