0.000000 320 124
0.040000 320 124
0.080000 320 124
0.120000 320 124
0.160000 320 124
0.200000 320 124
0.240000 320 124
0.280000 320 124
0.320000 320 124
0.360000 320 124
0.400000 320 124
0.440000 320 124
0.480000 320 124
0.520000 320 124
0.560000 320 124
0.600000 320 124
0.640000 320 124
0.680000 320 124
0.720000 320 124
0.760000 320 124
0.800000 320 124
0.840000 320 124
0.880000 320 124
0.920000 320 124
0.960000 320 124
1.000000 320 124
1.040000 320 124
1.080000 320 124
1.120000 320 124
1.160000 320 124
1.200000 320 124
1.240000 314 123
1.280000 308 124
1.320000 303 123
1.360000 299 123
1.400000 296 123
1.440000 292 121
1.480000 288 121
1.520000 283 119
1.560000 277 119
1.600000 272 119
1.640000 268 119
1.680000 262 119
1.720000 258 122
1.760000 254 123
1.800000 251 122
1.840000 247 123
1.880000 242 121
1.920000 238 121
1.960000 233 119
2.000000 227 119
2.040000 222 119
2.080000 216 119
2.120000 212 120
2.160000 207 120
2.200000 204 121
2.240000 198 120
2.280000 194 120
2.320000 189 119
2.360000 184 119
2.400000 179 119
2.440000 174 118
2.480000 168 117
2.520000 163 117
2.560000 157 118
2.600000 151 119
2.640000 147 121
2.680000 142 122
2.720000 138 122
2.760000 133 122
2.800000 129 120
2.840000 124 119
2.880000 120 118
2.920000 114 118
2.960000 107 118
3.000000 103 119
3.040000 99 119
3.080000 92 122
3.120000 89 122
3.160000 86 122
3.200000 81 123
3.240000 76 122
3.280000 72 121
3.320000 68 120
3.360000 64 119
3.400000 58 119
3.440000 53 119
3.480000 47 119
3.520000 44 120
3.560000 38 119
3.600000 34 120
3.640000 31 120
3.680000 28 119
3.720000 23 120
3.760000 19 119
3.800000 17 119
3.840000 12 117
3.880000 6 117
3.920000 2 118
3.960000 2 118
4.000000 2 118
4.040000 2 118
