0.000000 299 66
0.040000 299 66
0.080000 299 66
0.120000 299 66
0.160000 299 66
0.200000 299 66
0.240000 299 66
0.280000 299 66
0.320000 299 66
0.360000 299 66
0.400000 299 66
0.440000 299 66
0.480000 299 66
0.520000 299 66
0.560000 299 66
0.600000 299 66
0.640000 299 66
0.680000 299 66
0.720000 299 66
0.760000 299 66
0.800000 299 66
0.840000 299 66
0.880000 299 66
0.920000 299 66
0.960000 299 66
1.000000 299 66
1.040000 299 66
1.080000 299 66
1.120000 299 66
1.160000 299 66
1.200000 299 66
1.240000 299 66
1.280000 299 66
1.320000 299 66
1.360000 299 66
1.400000 299 66
1.440000 299 66
1.480000 299 66
1.520000 299 66
1.560000 299 66
1.600000 299 66
1.640000 299 66
1.680000 299 66
1.720000 299 66
1.760000 299 66
1.800000 299 66
1.840000 297 67
1.880000 296 66
1.920000 294 64
1.960000 293 64
2.000000 293 63
2.040000 293 62
2.080000 293 61
2.120000 293 61
2.160000 295 66
2.200000 294 61
2.240000 293 61
2.280000 293 61
2.320000 293 61
2.360000 292 63
2.400000 290 66
2.440000 286 70
2.480000 278 72
2.520000 268 73
2.560000 258 71
2.600000 246 68
2.640000 231 63
2.680000 219 61
2.720000 205 61
2.760000 194 61
2.800000 189 61
2.840000 185 58
2.880000 184 56
2.920000 184 56
2.960000 184 56
3.000000 184 56
3.040000 184 57
3.080000 185 59
3.120000 184 58
3.160000 184 58
3.200000 184 58
3.240000 184 58
3.280000 183 58
3.320000 181 61
3.360000 177 65
3.400000 169 68
3.440000 160 70
3.480000 149 70
3.520000 138 67
3.560000 126 64
3.600000 110 61
3.640000 96 58
3.680000 84 61
3.720000 75 61
3.760000 71 60
3.800000 70 57
3.840000 69 56
3.880000 68 56
3.920000 69 56
3.960000 68 56
4.000000 68 61
4.040000 69 56
4.080000 69 57
4.120000 68 57
4.160000 68 58
4.200000 66 58
4.240000 66 59
4.280000 64 61
4.320000 59 66
4.360000 50 67
4.400000 40 70
4.440000 31 67
4.480000 12 60
4.520000 12 59
4.560000 12 58
4.600000 12 56
4.640000 12 57
4.680000 12 57
4.720000 12 57
4.760000 12 57
4.800000 12 57
4.840000 12 57
4.880000 12 57
4.920000 12 57
4.960000 12 57
5.000000 12 57
5.040000 12 57
5.080000 12 57
5.120000 12 57
5.160000 12 57
