2.600000 210 119
2.640000 205 119
2.680000 199 119
2.720000 194 119
2.760000 189 121
2.800000 184 120
2.840000 181 121
2.880000 177 120
2.920000 173 120
2.960000 169 121
3.000000 164 119
3.040000 159 119
3.080000 156 118
3.120000 149 119
3.160000 144 119
3.200000 138 119
3.240000 133 121
3.280000 130 123
3.320000 123 124
3.360000 119 122
3.400000 116 122
3.440000 110 120
3.480000 106 119
3.520000 102 119
3.560000 99 118
3.600000 92 117
3.640000 86 116
3.680000 80 119
3.720000 76 119
3.760000 75 119
3.800000 71 121
3.840000 68 122
3.880000 64 123
3.920000 60 122
3.960000 56 123
4.000000 50 120
4.040000 45 119
4.080000 41 118
4.120000 35 117
4.160000 32 118
4.200000 28 119
4.240000 23 119
4.280000 19 120
4.320000 16 121
4.360000 13 122
4.400000 6 119
4.440000 5 119
4.480000 4 118
4.520000 3 117
4.560000 2 119
4.600000 2 122
4.640000 2 122
4.680000 2 122
