2.600000 207 119
2.640000 201 119
2.680000 195 119
2.720000 190 120
2.760000 185 122
2.800000 180 121
2.840000 177 122
2.880000 173 121
2.920000 169 121
2.960000 165 122
3.000000 162 119
3.040000 157 119
3.080000 152 118
3.120000 147 119
3.160000 142 119
3.200000 137 120
3.240000 132 122
3.280000 129 124
3.320000 126 124
3.360000 121 123
3.400000 117 122
3.440000 112 122
3.480000 110 120
3.520000 105 119
3.560000 101 119
3.600000 95 118
3.640000 89 117
3.680000 81 119
3.720000 75 119
3.760000 71 119
3.800000 69 122
3.840000 65 123
3.880000 61 123
3.920000 58 123
3.960000 55 123
4.000000 52 121
4.040000 49 120
4.080000 44 119
4.120000 39 118
4.160000 34 119
4.200000 31 119
4.240000 28 119
4.280000 23 120
4.320000 19 122
4.360000 18 123
4.400000 14 122
4.440000 10 121
4.480000 7 119
4.520000 1 117
4.560000 2 118
4.600000 2 118
4.640000 2 118
4.680000 2 118
