0.000000 320 121
0.040000 320 121
0.080000 320 121
0.120000 320 121
0.160000 320 121
0.200000 320 121
0.240000 320 121
0.280000 320 121
0.320000 320 121
0.360000 320 121
0.400000 320 121
0.440000 320 121
0.480000 320 121
0.520000 320 121
0.560000 320 121
0.600000 320 121
0.640000 320 121
0.680000 320 121
0.720000 320 121
0.760000 320 121
0.800000 320 121
0.840000 320 121
0.880000 320 121
0.920000 320 121
0.960000 320 121
1.000000 320 121
1.040000 320 121
1.080000 320 121
1.120000 320 121
1.160000 320 121
1.200000 320 121
1.240000 320 121
1.280000 320 121
1.320000 320 121
1.360000 320 121
1.400000 320 121
1.440000 320 121
1.480000 320 121
1.520000 320 121
1.560000 320 121
1.600000 320 121
1.640000 320 121
1.680000 320 121
1.720000 320 121
1.760000 320 121
1.800000 320 121
1.840000 320 121
1.880000 320 121
1.920000 320 121
1.960000 320 121
2.000000 320 121
2.040000 320 121
2.080000 320 121
2.120000 320 121
2.160000 320 121
2.200000 320 121
2.240000 320 121
2.280000 320 121
2.320000 320 121
2.360000 320 121
2.400000 320 121
2.440000 320 121
2.480000 320 121
2.520000 320 121
2.560000 320 121
2.600000 320 121
2.640000 320 121
2.680000 320 121
2.720000 320 121
2.760000 320 121
2.800000 320 121
2.840000 320 121
2.880000 320 121
2.920000 320 121
2.960000 320 121
3.000000 320 121
3.040000 320 121
3.080000 320 121
3.120000 320 121
3.160000 320 121
3.200000 320 121
3.240000 320 121
3.280000 320 121
3.320000 320 121
3.360000 320 121
3.400000 320 121
3.440000 320 121
3.480000 320 121
3.520000 320 121
3.560000 320 121
3.600000 320 121
3.640000 320 121
3.680000 320 121
3.720000 320 121
3.760000 320 121
3.800000 320 121
3.840000 320 121
3.880000 315 119
3.920000 314 119
3.960000 312 119
4.000000 309 119
4.040000 305 118
4.080000 303 118
4.120000 298 117
4.160000 294 118
4.200000 289 119
4.240000 285 118
4.280000 282 118
4.320000 278 119
4.360000 273 119
4.400000 270 119
4.440000 268 119
4.480000 266 119
4.520000 262 119
4.560000 259 119
4.600000 257 118
4.640000 252 118
4.680000 247 118
4.720000 244 118
4.760000 240 119
4.800000 235 118
4.840000 231 118
4.880000 227 118
4.920000 226 118
4.960000 223 119
5.000000 220 118
5.040000 216 118
5.080000 215 117
5.120000 210 116
5.160000 206 115
5.200000 201 115
5.240000 195 117
5.280000 190 117
5.320000 186 118
5.360000 183 118
5.400000 179 119
5.440000 173 119
5.480000 168 119
5.520000 164 118
5.560000 163 119
5.600000 160 118
5.640000 157 117
5.680000 152 114
5.720000 148 113
5.760000 143 114
5.800000 138 116
5.840000 132 116
5.880000 127 117
5.920000 125 117
5.960000 122 118
6.000000 121 118
6.040000 117 118
6.080000 113 118
6.120000 111 117
6.160000 107 115
6.200000 103 117
6.240000 100 115
6.280000 95 115
6.320000 90 115
6.360000 86 117
6.400000 81 118
6.440000 77 118
6.480000 74 118
6.520000 69 119
6.560000 65 119
6.600000 60 119
6.640000 58 118
6.680000 54 117
6.720000 52 117
6.760000 49 114
6.800000 45 113
6.840000 40 113
6.880000 36 113
6.920000 32 115
6.960000 28 115
7.000000 25 117
7.040000 24 117
7.080000 23 117
7.120000 18 118
7.160000 17 117
7.200000 13 118
7.240000 12 118
7.280000 5 114
7.320000 4 114
7.360000 3 114
7.400000 2 114
7.440000 2 117
7.480000 2 117
7.520000 2 117
7.560000 2 117
7.600000 2 117
7.640000 2 117
7.680000 2 117
7.720000 2 117
7.760000 2 117
7.800000 2 117
7.840000 2 117
7.880000 2 117
7.920000 2 117
7.960000 2 117
8.000000 2 117
8.040000 2 117
8.080000 2 117
8.120000 2 117
8.160000 2 117
8.200000 2 117
8.240000 2 117
8.280000 2 117
8.320000 2 117
8.360000 2 117
8.400000 2 117
8.440000 2 117
8.480000 2 117
8.520000 2 117
8.560000 2 117
8.600000 2 117
8.640000 2 117
8.680000 2 117
8.720000 2 117
8.760000 2 117
8.800000 2 117
8.840000 2 117
8.880000 2 117
