0.000000 320 124
0.040000 320 124
0.080000 320 124
0.120000 320 124
0.160000 320 124
0.200000 320 124
0.240000 320 124
0.280000 320 124
0.320000 320 124
0.360000 320 124
0.400000 320 124
0.440000 320 124
0.480000 320 124
0.520000 320 124
0.560000 320 124
0.600000 320 124
0.640000 320 124
0.680000 320 124
0.720000 320 124
0.760000 320 124
0.800000 320 124
0.840000 320 124
0.880000 320 124
0.920000 320 124
0.960000 320 124
1.000000 320 124
1.040000 320 124
1.080000 320 124
1.120000 320 124
1.160000 320 124
1.200000 320 124
1.240000 320 124
1.280000 320 124
1.320000 320 124
1.360000 320 124
1.400000 320 124
1.440000 320 124
1.480000 320 124
1.520000 320 124
1.560000 320 124
1.600000 320 124
1.640000 320 124
1.680000 320 124
1.720000 320 124
1.760000 320 124
1.800000 320 124
1.840000 320 124
1.880000 320 124
1.920000 320 124
1.960000 320 124
2.000000 320 124
2.040000 320 124
2.080000 320 124
2.120000 320 124
2.160000 320 124
2.200000 320 124
2.240000 320 124
2.280000 320 124
2.320000 320 124
2.360000 320 124
2.400000 320 124
2.440000 320 124
2.480000 320 124
2.520000 320 124
2.560000 320 124
2.600000 320 124
2.640000 320 124
2.680000 320 124
2.720000 320 124
2.760000 320 124
2.800000 320 124
2.840000 320 124
2.880000 320 124
2.920000 320 124
2.960000 320 124
3.000000 320 124
3.040000 320 124
3.080000 320 124
3.120000 320 124
3.160000 320 124
3.200000 320 124
3.240000 320 124
3.280000 320 124
3.320000 320 124
3.360000 320 124
3.400000 320 124
3.440000 320 124
3.480000 320 124
3.520000 320 124
3.560000 320 124
3.600000 320 124
3.640000 320 124
3.680000 320 124
3.720000 320 124
3.760000 320 124
3.800000 320 124
3.840000 320 124
3.880000 311 121
3.920000 309 120
3.960000 307 120
4.000000 304 119
4.040000 300 119
4.080000 297 119
4.120000 293 118
4.160000 288 118
4.200000 284 119
4.240000 280 119
4.280000 277 119
4.320000 273 119
4.360000 269 119
4.400000 267 119
4.440000 264 120
4.480000 262 120
4.520000 258 120
4.560000 256 119
4.600000 252 119
4.640000 248 118
4.680000 245 118
4.720000 241 119
4.760000 236 119
4.800000 231 119
4.840000 227 119
4.880000 225 119
4.920000 221 119
4.960000 219 119
5.000000 215 119
5.040000 211 118
5.080000 209 118
5.120000 205 116
5.160000 201 115
5.200000 196 115
5.240000 191 117
5.280000 187 117
5.320000 183 118
5.360000 179 119
5.400000 175 119
5.440000 172 120
5.480000 168 119
5.520000 164 118
5.560000 162 119
5.600000 158 119
5.640000 157 117
5.680000 153 115
5.720000 148 114
5.760000 143 114
5.800000 138 117
5.840000 132 117
5.880000 127 118
5.920000 123 117
5.960000 121 118
6.000000 118 119
6.040000 114 119
6.080000 111 118
6.120000 107 117
6.160000 105 115
6.200000 102 116
6.240000 100 116
6.280000 95 115
6.320000 90 116
6.360000 86 117
6.400000 81 118
6.440000 79 118
6.480000 75 118
6.520000 71 119
6.560000 69 119
6.600000 65 119
6.640000 60 119
6.680000 58 117
6.720000 55 117
6.760000 51 115
6.800000 49 114
6.840000 44 113
6.880000 39 114
6.920000 36 116
6.960000 32 117
7.000000 29 117
7.040000 28 118
7.080000 25 117
7.120000 23 118
7.160000 18 117
7.200000 17 118
7.240000 14 118
7.280000 8 115
7.320000 6 115
7.360000 5 115
7.400000 3 115
7.440000 2 117
7.480000 2 117
7.520000 2 117
7.560000 2 117
7.600000 2 117
7.640000 2 117
7.680000 2 117
7.720000 2 117
7.760000 2 117
7.800000 2 117
7.840000 2 117
7.880000 2 117
7.920000 2 117
7.960000 2 117
8.000000 2 117
8.040000 2 117
8.080000 2 117
8.120000 2 117
8.160000 2 117
8.200000 2 117
8.240000 2 117
8.280000 2 117
8.320000 2 117
8.360000 2 117
8.400000 2 117
8.440000 2 117
8.480000 2 117
8.520000 2 117
8.560000 2 117
8.600000 2 117
8.640000 2 117
8.680000 2 117
8.720000 2 117
8.760000 2 117
8.800000 2 117
8.840000 2 117
8.880000 2 117
