0.000000 314 93
0.040000 314 93
0.080000 314 93
0.120000 314 93
0.160000 314 93
0.200000 314 93
0.240000 314 93
0.280000 314 93
0.320000 314 93
0.360000 314 93
0.400000 314 93
0.440000 314 93
0.480000 314 93
0.520000 314 93
0.560000 314 93
0.600000 314 93
0.640000 314 93
0.680000 314 93
0.720000 314 93
0.760000 314 93
0.800000 314 93
0.840000 314 93
0.880000 314 93
0.920000 314 93
0.960000 314 93
1.000000 314 93
1.040000 314 93
1.080000 314 93
1.120000 314 93
1.160000 314 93
1.200000 314 93
1.240000 314 93
1.280000 314 93
1.320000 314 93
1.360000 314 93
1.400000 314 93
1.440000 314 93
1.480000 314 93
1.520000 314 93
1.560000 314 93
1.600000 314 93
1.640000 314 93
1.680000 314 93
1.720000 314 93
1.760000 314 93
1.800000 314 93
1.840000 314 93
1.880000 314 93
1.920000 314 93
1.960000 314 93
2.000000 314 93
2.040000 314 93
2.080000 314 93
2.120000 314 93
2.160000 314 93
2.200000 314 93
2.240000 314 93
2.280000 314 93
2.320000 314 93
2.360000 314 93
2.400000 314 93
2.440000 314 93
2.480000 314 93
2.520000 314 93
2.560000 314 93
2.600000 314 93
2.640000 314 93
2.680000 314 93
2.720000 314 93
2.760000 314 93
2.800000 314 93
2.840000 314 93
2.880000 314 93
2.920000 314 93
2.960000 314 93
3.000000 314 93
3.040000 314 93
3.080000 314 93
3.120000 314 93
3.160000 314 93
3.200000 314 93
3.240000 314 93
3.280000 314 93
3.320000 314 93
3.360000 314 93
3.400000 314 93
3.440000 314 93
3.480000 314 93
3.520000 314 93
3.560000 314 93
3.600000 314 93
3.640000 314 93
3.680000 314 93
3.720000 314 93
3.760000 314 93
3.800000 313 97
3.840000 305 98
3.880000 299 96
3.920000 294 97
3.960000 292 95
4.000000 288 92
4.040000 286 90
4.080000 283 88
4.120000 279 87
4.160000 276 88
4.200000 272 89
4.240000 269 89
4.280000 268 89
4.320000 267 90
4.360000 266 91
4.400000 265 92
4.440000 267 91
4.480000 264 92
4.520000 262 91
4.560000 262 89
4.600000 258 90
4.640000 257 88
4.680000 253 89
4.720000 247 91
4.760000 241 92
4.800000 234 91
4.840000 227 88
4.880000 218 92
4.920000 212 93
4.960000 206 93
5.000000 201 93
5.040000 199 93
5.080000 195 89
5.120000 191 87
5.160000 189 85
5.200000 184 86
5.240000 180 85
5.280000 176 87
5.320000 173 87
5.360000 171 87
5.400000 169 87
5.440000 169 88
5.480000 170 90
5.520000 169 87
5.560000 168 89
5.600000 168 87
5.640000 165 87
5.680000 163 87
5.720000 160 87
5.760000 156 87
5.800000 148 89
5.840000 141 89
5.880000 132 88
5.920000 126 87
5.960000 121 87
6.000000 112 88
6.040000 106 91
6.080000 101 90
6.120000 97 89
6.160000 95 87
6.200000 91 87
6.240000 89 86
6.280000 85 86
6.320000 81 86
6.360000 76 87
6.400000 75 87
6.440000 74 87
6.480000 73 87
6.520000 72 87
6.560000 71 91
6.600000 70 88
6.640000 70 87
6.680000 68 87
6.720000 65 87
6.760000 64 86
6.800000 61 87
6.840000 58 87
6.880000 54 88
6.920000 47 90
6.960000 39 89
7.000000 33 89
7.040000 28 88
7.080000 25 87
7.120000 21 88
7.160000 13 89
7.200000 8 89
7.240000 7 89
7.280000 2 87
7.320000 1 87
7.360000 1 87
7.400000 1 87
7.440000 1 87
7.480000 2 85
7.520000 2 85
7.560000 2 85
7.600000 2 85
7.640000 2 85
7.680000 2 85
7.720000 2 85
7.760000 2 85
7.800000 2 85
7.840000 2 85
7.880000 2 85
7.920000 2 85
7.960000 2 85
8.000000 2 85
8.040000 2 85
8.080000 2 85
8.120000 2 85
8.160000 2 85
8.200000 2 85
8.240000 2 85
8.280000 2 85
8.320000 2 85
8.360000 2 85
8.400000 2 85
8.440000 2 85
8.480000 2 85
8.520000 2 85
8.560000 2 85
8.600000 2 85
8.640000 2 85
8.680000 2 85
8.720000 2 85
8.760000 2 85
8.800000 2 85
8.840000 2 85
8.880000 2 85
