1.800000 320 153
1.840000 314 154
1.880000 309 152
1.920000 306 152
1.960000 303 154
2.000000 299 155
2.040000 294 155
2.080000 292 154
2.120000 288 154
2.160000 283 154
2.200000 278 154
2.240000 273 154
2.280000 269 154
2.320000 266 154
2.360000 262 154
2.400000 257 155
2.440000 252 155
2.480000 248 155
2.520000 245 155
2.560000 241 154
2.600000 236 154
2.640000 231 154
2.680000 226 154
2.720000 221 154
2.760000 216 154
2.800000 214 154
2.840000 209 154
2.880000 205 155
2.920000 200 155
2.960000 195 155
3.000000 191 155
3.040000 185 154
3.080000 182 154
3.120000 176 154
3.160000 171 154
3.200000 168 154
3.240000 163 154
3.280000 158 154
3.320000 153 155
3.360000 149 155
3.400000 144 155
3.440000 140 154
3.480000 136 154
3.520000 131 154
3.560000 127 152
3.600000 121 152
3.640000 116 151
3.680000 112 152
3.720000 107 154
3.760000 103 154
3.800000 99 155
3.840000 95 155
3.880000 90 154
3.920000 86 154
3.960000 81 152
4.000000 77 152
4.040000 72 152
4.080000 68 152
4.120000 64 154
4.160000 60 154
4.200000 56 154
4.240000 53 154
4.280000 48 154
4.320000 44 152
4.360000 39 151
4.400000 34 150
4.440000 32 150
4.480000 28 150
4.520000 23 150
4.560000 19 150
4.600000 16 150
4.640000 13 152
4.680000 9 154
4.720000 7 152
4.760000 1 151
