2.000000 297 56
2.040000 298 56
2.080000 297 56
2.120000 298 56
2.160000 298 57
2.200000 298 56
2.240000 298 56
2.280000 297 56
2.320000 297 56
2.360000 297 58
2.400000 296 61
2.440000 294 63
2.480000 289 67
2.520000 283 71
2.560000 273 72
2.600000 264 70
2.640000 252 67
2.680000 241 60
2.720000 226 60
2.760000 211 56
2.800000 199 56
2.840000 192 56
2.880000 190 56
2.920000 190 56
2.960000 190 56
3.000000 190 56
3.040000 190 56
3.080000 190 56
3.120000 190 57
3.160000 190 56
3.200000 190 56
3.240000 153 61
3.280000 190 57
3.320000 190 57
3.360000 136 59
3.400000 186 64
3.440000 181 70
3.480000 173 72
3.520000 164 73
3.560000 153 72
3.600000 142 67
3.640000 131 61
3.680000 116 60
3.720000 103 57
3.760000 92 58
3.800000 86 59
3.840000 84 57
3.880000 83 56
3.920000 84 58
3.960000 118 74
4.000000 111 76
4.040000 84 58
4.080000 85 59
4.120000 84 59
4.160000 85 59
4.200000 85 59
4.240000 84 59
4.280000 84 60
4.320000 83 61
4.360000 81 63
4.400000 75 68
4.440000 70 71
4.480000 64 72
4.520000 55 72
4.560000 44 72
4.600000 34 65
4.640000 23 64
4.680000 14 61
4.880000 31 70
4.920000 25 73
5.000000 12 76
