1.960000 320 82
2.000000 299 87
2.040000 297 87
2.080000 297 86
2.120000 294 87
2.160000 294 87
2.200000 294 87
2.240000 293 86
2.280000 289 85
2.320000 287 87
2.360000 283 86
2.400000 278 87
2.440000 273 87
2.480000 263 86
2.520000 255 87
2.560000 246 87
2.600000 239 87
2.640000 231 91
2.680000 225 91
2.720000 220 91
2.760000 215 88
2.800000 211 87
2.840000 206 87
2.880000 200 87
2.920000 195 86
2.960000 190 87
3.000000 189 87
3.040000 186 87
3.080000 184 90
3.120000 184 89
3.160000 184 88
3.200000 182 87
3.240000 158 92
3.280000 177 87
3.320000 173 86
3.360000 145 87
3.400000 162 87
3.440000 152 87
3.480000 142 87
3.520000 133 87
3.560000 127 88
3.600000 119 91
3.640000 112 90
3.680000 107 91
3.720000 105 88
3.760000 102 89
3.800000 97 87
3.840000 91 86
3.880000 86 85
3.920000 81 86
3.960000 91 87
4.000000 81 87
4.040000 76 87
4.080000 71 93
4.120000 73 91
4.160000 74 88
4.200000 71 87
4.240000 70 87
4.280000 68 87
4.320000 64 87
4.360000 59 87
4.400000 50 87
4.440000 42 87
4.480000 34 87
4.520000 29 88
4.560000 23 91
4.600000 18 92
4.640000 12 92
4.680000 8 90
4.720000 8 87
4.800000 2 85
4.840000 2 87
4.880000 7 92
4.920000 2 93
