1.920000 311 165
1.960000 308 163
2.000000 303 164
2.040000 299 165
2.080000 294 166
2.120000 290 167
2.160000 286 168
2.200000 282 169
2.240000 277 169
2.280000 272 167
2.320000 268 165
2.360000 262 165
2.400000 258 165
2.440000 253 165
2.480000 248 165
2.520000 244 166
2.560000 240 168
2.600000 235 169
2.640000 231 170
2.680000 226 170
2.720000 221 170
2.760000 217 169
2.800000 212 168
2.840000 208 166
2.880000 204 165
2.920000 199 165
2.960000 194 165
3.000000 189 166
3.040000 184 166
3.080000 179 168
3.120000 174 169
3.160000 170 169
3.200000 166 169
3.240000 161 167
3.280000 157 165
3.320000 152 165
3.360000 147 165
3.400000 142 165
3.440000 137 165
3.480000 132 165
3.520000 128 166
3.560000 123 169
3.600000 119 169
3.640000 116 169
3.680000 111 167
3.720000 106 166
3.760000 101 165
3.800000 97 165
3.840000 93 165
3.880000 88 164
3.920000 83 164
3.960000 79 165
4.000000 75 165
4.040000 70 165
4.080000 67 165
4.120000 64 165
4.160000 59 165
4.200000 55 165
4.240000 51 164
4.280000 48 161
4.320000 44 161
4.360000 39 161
4.400000 35 162
4.440000 32 162
4.480000 28 164
4.520000 25 164
4.560000 22 164
4.600000 18 164
4.640000 14 164
4.680000 11 163
4.720000 7 161
4.760000 1 160
4.800000 2 160
4.840000 2 159
