0.000000 320 122
0.040000 320 122
0.080000 320 122
0.120000 320 122
0.160000 320 122
0.200000 320 122
0.240000 320 122
0.280000 320 122
0.320000 320 122
0.360000 320 122
0.400000 320 122
0.440000 320 122
0.480000 320 122
0.520000 320 122
0.560000 320 122
0.600000 320 122
0.640000 320 122
0.680000 320 122
0.720000 320 122
0.760000 320 122
0.800000 320 122
0.840000 320 122
0.880000 320 122
0.920000 320 122
0.960000 320 122
1.000000 320 122
1.040000 320 122
1.080000 320 122
1.120000 320 122
1.160000 320 122
1.200000 320 122
1.240000 320 122
1.280000 314 123
1.320000 310 122
1.360000 304 119
1.400000 301 120
1.440000 297 122
1.480000 294 122
1.520000 292 120
1.560000 288 120
1.600000 284 119
1.640000 279 118
1.680000 275 118
1.720000 271 118
1.760000 265 118
1.800000 260 119
1.840000 256 119
1.880000 249 119
1.920000 245 119
1.960000 240 122
2.000000 237 119
2.040000 233 120
2.080000 226 118
2.120000 223 117
2.160000 218 116
2.200000 206 117
2.240000 200 119
2.280000 195 118
2.320000 195 119
2.360000 192 119
2.400000 191 122
2.440000 183 121
2.480000 178 120
2.520000 174 119
2.560000 172 117
2.600000 168 118
2.640000 162 118
2.680000 156 119
2.720000 150 119
2.760000 138 119
2.800000 133 118
2.840000 132 120
2.880000 123 119
2.920000 117 119
2.960000 116 118
3.000000 112 118
3.040000 111 115
3.080000 106 119
3.120000 99 118
3.160000 94 118
3.200000 86 119
3.240000 85 120
3.280000 81 119
3.320000 80 121
3.360000 75 123
3.400000 71 122
3.440000 65 119
3.480000 64 119
3.520000 59 118
3.560000 53 117
3.600000 49 118
3.640000 43 115
3.680000 39 119
3.720000 34 119
3.760000 33 118
3.800000 29 119
3.840000 28 121
3.880000 23 121
3.920000 18 121
3.960000 7 113
4.000000 5 114
4.040000 4 114
4.080000 3 115
4.120000 2 115
4.160000 2 115
4.200000 2 115
4.240000 2 115
4.280000 2 115
4.320000 2 115
4.360000 2 115
