1.360000 297 123
1.400000 294 123
1.440000 293 123
1.480000 292 122
1.520000 292 121
1.640000 278 121
1.760000 263 122
2.000000 241 122
2.040000 232 123
2.080000 223 122
2.120000 216 123
2.160000 210 123
2.200000 205 123
2.240000 201 123
2.280000 200 123
2.320000 199 122
2.360000 197 119
2.560000 195 119
2.600000 190 119
2.640000 185 119
2.680000 180 119
2.720000 174 118
2.920000 127 120
2.960000 120 123
3.000000 112 122
3.040000 107 122
3.080000 101 123
3.120000 98 121
3.160000 95 120
3.200000 93 119
3.360000 70 125
3.400000 91 118
3.440000 91 118
3.480000 87 119
3.520000 82 119
3.560000 78 118
3.600000 71 114
3.640000 64 118
3.960000 8 119
