0.000000 320 117
0.040000 320 117
0.080000 320 117
0.120000 320 117
0.160000 320 117
0.200000 320 117
0.240000 320 117
0.280000 320 117
0.320000 320 117
0.360000 320 117
0.400000 320 117
0.440000 320 117
0.480000 320 117
0.520000 320 117
0.560000 320 117
0.600000 320 117
0.640000 320 117
0.680000 320 117
0.720000 320 117
0.760000 320 117
0.800000 320 117
0.840000 320 117
0.880000 320 117
0.920000 320 117
0.960000 320 117
1.000000 320 117
1.040000 320 117
1.080000 320 117
1.120000 320 117
1.160000 320 117
1.200000 320 117
1.240000 320 117
1.280000 320 117
1.320000 320 117
1.360000 320 117
1.400000 320 117
1.440000 320 117
1.480000 320 117
1.520000 320 115
1.560000 308 115
1.600000 304 113
1.640000 299 113
1.680000 294 112
1.720000 288 112
1.760000 287 112
1.800000 284 112
1.840000 281 113
1.880000 278 113
1.920000 277 113
1.960000 272 113
2.000000 268 114
2.040000 266 113
2.080000 262 112
2.120000 257 110
2.160000 252 109
2.200000 248 109
2.240000 243 110
2.280000 239 111
2.320000 234 113
2.360000 228 113
2.400000 221 113
2.440000 216 113
2.480000 210 113
2.520000 204 113
2.560000 199 111
2.600000 194 110
2.640000 190 112
2.680000 186 112
2.720000 184 113
2.760000 182 113
2.800000 179 113
2.840000 178 113
2.880000 174 113
2.920000 170 111
2.960000 168 110
3.000000 163 109
3.040000 158 108
3.080000 153 108
3.120000 147 109
3.160000 142 110
3.200000 136 111
3.240000 127 112
3.280000 121 112
3.320000 114 112
3.360000 107 111
3.400000 101 111
3.440000 95 110
3.480000 91 109
3.520000 86 108
3.560000 84 108
3.600000 82 109
3.640000 80 111
3.680000 76 112
3.720000 74 112
3.760000 70 113
3.800000 67 112
3.840000 65 109
3.880000 61 108
3.920000 58 108
3.960000 53 108
4.000000 49 108
4.040000 43 108
4.080000 35 109
4.120000 29 110
4.160000 23 110
4.200000 18 111
4.240000 12 111
4.280000 7 109
4.320000 1 109
4.360000 2 112
4.400000 2 109
4.440000 2 109
4.480000 2 109
4.520000 2 109
4.560000 2 109
4.600000 2 109
4.640000 2 109
4.680000 2 109
4.720000 2 109
4.760000 2 109
4.800000 2 109
4.840000 2 109
