0.000000 320 115
0.040000 320 115
0.080000 320 115
0.120000 320 115
0.160000 320 115
0.200000 320 115
0.240000 320 115
0.280000 320 115
0.320000 320 115
0.360000 320 115
0.400000 320 115
0.440000 320 115
0.480000 320 115
0.520000 320 115
0.560000 320 115
0.600000 320 115
0.640000 320 115
0.680000 320 115
0.720000 320 115
0.760000 320 115
0.800000 320 115
0.840000 320 115
0.880000 320 115
0.920000 320 115
0.960000 320 115
1.000000 320 115
1.040000 320 115
1.080000 320 115
1.120000 320 115
1.160000 320 115
1.200000 320 115
1.240000 320 115
1.280000 320 115
1.320000 320 115
1.360000 320 115
1.400000 320 115
1.440000 317 115
1.480000 314 115
1.520000 311 115
1.560000 305 113
1.600000 301 113
1.640000 298 113
1.680000 294 112
1.720000 288 113
1.760000 283 112
1.800000 278 111
1.840000 276 113
1.880000 272 114
1.920000 268 115
1.960000 264 116
2.000000 262 115
2.040000 257 114
2.080000 252 113
2.120000 247 113
2.160000 242 111
2.200000 236 113
2.240000 232 113
2.280000 230 113
2.320000 225 114
2.360000 221 113
2.400000 216 114
2.440000 214 113
2.480000 210 113
2.520000 209 113
2.560000 205 111
2.600000 199 112
2.640000 190 112
2.680000 184 113
2.720000 181 113
2.760000 178 113
2.800000 173 113
2.840000 169 114
2.880000 164 113
2.920000 162 113
2.960000 157 112
3.000000 153 109
3.040000 147 108
3.080000 142 110
3.120000 137 111
3.160000 132 113
3.200000 127 113
3.240000 125 113
3.280000 122 113
3.320000 118 113
3.360000 115 113
3.400000 111 112
3.440000 107 111
3.480000 101 110
3.520000 96 109
3.560000 92 110
3.600000 88 111
3.640000 84 112
3.680000 78 113
3.720000 74 113
3.760000 71 115
3.800000 65 113
3.840000 61 110
3.880000 58 109
3.920000 54 109
3.960000 48 108
4.000000 43 109
4.040000 38 109
4.080000 35 112
4.120000 34 113
4.160000 32 113
4.200000 28 113
4.240000 23 113
4.280000 22 112
4.320000 18 112
4.360000 8 109
4.400000 6 109
4.440000 5 109
4.480000 3 109
4.520000 2 109
4.560000 2 109
4.600000 2 109
4.640000 2 109
4.680000 2 109
4.720000 2 109
4.760000 2 109
4.800000 2 109
4.840000 2 109
