0.000000 305 57
0.040000 305 57
0.080000 305 57
0.120000 305 57
0.160000 305 57
0.200000 305 57
0.240000 305 57
0.280000 305 57
0.320000 305 57
0.360000 305 57
0.400000 305 57
0.440000 305 57
0.480000 305 57
0.520000 305 57
0.560000 305 57
0.600000 305 57
0.640000 305 57
0.680000 305 57
0.720000 305 57
0.760000 305 57
0.800000 305 57
0.840000 305 57
0.880000 305 57
0.920000 305 57
0.960000 305 57
1.000000 305 57
1.040000 305 57
1.080000 305 57
1.120000 305 57
1.160000 305 57
1.200000 305 57
1.240000 305 57
1.280000 305 57
1.320000 305 57
1.360000 305 57
1.400000 305 57
1.440000 303 58
1.480000 301 59
1.520000 299 60
1.560000 282 61
1.600000 272 61
1.640000 263 66
1.680000 261 63
1.720000 257 58
1.760000 258 58
1.800000 257 58
1.840000 257 58
1.880000 257 58
1.920000 257 60
1.960000 257 57
2.000000 259 59
2.040000 257 57
2.080000 257 57
2.120000 257 57
2.160000 257 57
2.200000 256 56
2.240000 213 54
2.280000 245 59
2.320000 234 61
2.360000 215 58
2.400000 208 57
2.440000 194 58
2.480000 181 61
2.520000 212 53
2.560000 212 53
2.600000 212 52
2.640000 164 57
2.680000 164 56
2.720000 164 56
2.760000 164 57
2.800000 165 57
2.840000 162 56
2.880000 148 54
2.920000 164 56
2.960000 164 57
3.000000 164 56
3.040000 164 56
3.080000 164 56
3.120000 162 56
3.160000 156 56
3.200000 143 57
3.240000 127 63
3.280000 117 56
3.320000 107 56
3.360000 93 57
3.400000 82 61
3.440000 75 62
3.480000 72 60
3.520000 71 56
3.560000 71 55
3.600000 110 51
3.640000 99 52
3.680000 74 55
3.720000 73 56
3.760000 77 57
3.800000 45 52
3.840000 34 56
3.880000 28 58
3.920000 71 54
3.960000 25 54
4.000000 70 54
4.040000 65 56
4.080000 55 56
4.120000 45 58
4.160000 27 57
4.200000 10 60
4.240000 8 61
4.280000 6 61
4.320000 4 61
4.360000 2 57
4.400000 6 57
4.440000 11 56
4.480000 16 55
4.520000 21 54
4.560000 21 54
4.600000 21 54
4.640000 21 54
4.680000 21 54
4.720000 21 54
4.760000 21 54
4.800000 21 54
4.840000 21 54
