0.000000 309 92
0.040000 309 92
0.080000 309 92
0.120000 309 92
0.160000 309 92
0.200000 309 92
0.240000 309 92
0.280000 309 92
0.320000 309 92
0.360000 309 92
0.400000 309 92
0.440000 309 92
0.480000 309 92
0.520000 309 92
0.560000 309 92
0.600000 309 92
0.640000 309 92
0.680000 309 92
0.720000 309 92
0.760000 309 92
0.800000 309 92
0.840000 309 92
0.880000 309 92
0.920000 309 92
0.960000 309 92
1.000000 309 92
1.040000 309 92
1.080000 309 92
1.120000 309 92
1.160000 309 92
1.200000 309 92
1.240000 309 92
1.280000 309 92
1.320000 309 92
1.360000 309 92
1.400000 309 92
1.440000 306 93
1.480000 303 93
1.520000 300 93
1.560000 293 92
1.600000 289 87
1.640000 287 88
1.680000 283 87
1.720000 278 87
1.760000 273 87
1.800000 271 87
1.840000 270 87
1.880000 266 87
1.920000 266 91
1.960000 266 91
2.000000 263 90
2.040000 262 89
2.080000 260 87
2.120000 257 87
2.160000 251 87
2.200000 242 87
2.240000 227 86
2.280000 228 86
2.320000 218 91
2.360000 212 91
2.400000 207 92
2.440000 203 91
2.480000 199 90
2.520000 215 87
2.560000 211 85
2.600000 205 87
2.640000 181 87
2.680000 177 87
2.720000 173 87
2.760000 172 87
2.800000 173 88
2.840000 160 89
2.880000 155 88
2.920000 169 87
2.960000 168 87
3.000000 164 86
3.040000 160 85
3.080000 153 87
3.120000 143 87
3.160000 135 87
3.200000 129 86
3.240000 121 89
3.280000 116 89
3.320000 108 91
3.360000 106 87
3.400000 101 86
3.440000 97 84
3.480000 94 84
3.520000 89 83
3.560000 84 86
3.600000 86 82
3.640000 80 83
3.680000 76 87
3.720000 66 87
3.760000 77 87
3.800000 55 87
3.840000 54 83
3.880000 49 83
3.920000 65 87
3.960000 40 82
4.000000 50 87
4.040000 44 86
4.080000 37 87
4.120000 32 87
4.160000 30 89
4.200000 25 87
4.240000 18 87
4.280000 14 87
4.320000 12 86
4.360000 1 85
4.400000 1 85
4.440000 1 84
4.480000 1 83
4.520000 2 82
4.560000 2 82
4.600000 2 82
4.640000 2 82
4.680000 2 82
4.720000 2 82
4.760000 2 82
4.800000 2 82
4.840000 2 82
