0.000000 320 126
0.040000 320 126
0.080000 320 126
0.120000 320 126
0.160000 320 126
0.200000 320 126
0.240000 320 126
0.280000 320 126
0.320000 320 126
0.360000 320 126
0.400000 320 126
0.440000 320 126
0.480000 320 126
0.520000 320 126
0.560000 320 126
0.600000 320 126
0.640000 320 126
0.680000 320 126
0.720000 320 126
0.760000 320 126
0.800000 320 126
0.840000 320 126
0.880000 320 126
0.920000 320 126
0.960000 320 126
1.000000 320 126
1.040000 320 126
1.080000 320 126
1.120000 320 126
1.160000 320 126
1.200000 320 126
1.240000 320 126
1.280000 320 126
1.320000 320 126
1.360000 320 126
1.400000 320 126
1.440000 320 126
1.480000 320 126
1.520000 320 126
1.560000 320 126
1.600000 320 126
1.640000 320 125
1.680000 320 125
1.720000 314 125
1.760000 309 124
1.800000 305 124
1.840000 303 124
1.880000 299 124
1.920000 297 125
1.960000 294 126
2.000000 288 124
2.040000 285 128
2.080000 283 126
2.120000 282 124
2.160000 278 124
2.200000 275 123
2.240000 272 123
2.280000 267 123
2.320000 262 123
2.360000 257 123
2.400000 253 123
2.440000 250 123
2.480000 246 124
2.520000 240 125
2.560000 236 124
2.600000 233 124
2.640000 231 124
2.680000 226 124
2.720000 224 123
2.760000 220 122
2.800000 216 124
2.840000 211 123
2.880000 206 123
2.920000 200 122
2.960000 196 123
3.000000 194 123
3.040000 190 122
3.080000 188 124
3.120000 184 123
3.160000 180 123
3.200000 178 124
3.240000 173 123
3.280000 169 123
3.320000 164 122
3.360000 158 123
3.400000 153 123
3.440000 149 123
3.480000 145 123
3.520000 142 124
3.560000 133 125
3.600000 128 125
3.640000 126 124
3.680000 121 124
3.720000 118 123
3.760000 114 121
3.800000 110 122
3.840000 104 120
3.880000 101 121
3.920000 95 123
3.960000 91 123
4.000000 90 122
4.040000 86 123
4.080000 81 122
4.120000 79 124
4.160000 75 123
4.200000 72 122
4.240000 68 123
4.280000 64 122
4.320000 59 123
4.360000 55 122
4.400000 51 124
4.440000 48 124
4.480000 44 123
4.520000 40 124
4.560000 38 124
4.600000 33 124
4.640000 29 124
4.680000 27 124
4.720000 23 123
4.760000 21 123
4.800000 17 122
4.840000 8 122
4.880000 7 122
4.920000 5 122
4.960000 4 122
5.000000 3 122
5.040000 2 122
5.080000 2 122
5.120000 2 122
5.160000 2 122
5.200000 2 122
5.240000 2 122
5.280000 2 122
5.320000 2 122
5.360000 2 122
5.400000 2 122
5.440000 2 122
5.480000 2 122
5.520000 2 122
5.560000 2 122
5.600000 2 122
5.640000 2 122
