0.000000 309 149
0.040000 309 149
0.080000 309 149
0.120000 309 149
0.160000 309 149
0.200000 309 149
0.240000 309 149
0.280000 309 149
0.320000 309 149
0.360000 309 149
0.400000 309 149
0.440000 309 149
0.480000 309 149
0.520000 309 149
0.560000 309 149
0.600000 309 149
0.640000 309 149
0.680000 309 149
0.720000 309 149
0.760000 309 149
0.800000 309 149
0.840000 309 149
0.880000 309 149
0.920000 309 149
0.960000 309 149
1.000000 309 149
1.040000 309 149
1.080000 309 149
1.120000 309 149
1.160000 309 149
1.200000 309 149
1.240000 309 149
1.280000 309 149
1.320000 309 149
1.360000 309 149
1.400000 309 149
1.440000 309 149
1.480000 309 149
1.520000 309 149
1.560000 309 149
1.600000 309 149
1.640000 304 148
1.680000 301 148
1.720000 298 148
1.760000 294 146
1.800000 293 146
1.840000 289 146
1.880000 287 145
1.920000 283 147
1.960000 282 147
2.000000 278 145
2.040000 277 145
2.080000 274 145
2.120000 272 144
2.160000 268 144
2.200000 263 144
2.240000 258 144
2.280000 255 145
2.320000 251 143
2.360000 246 143
2.400000 238 144
2.440000 235 145
2.480000 233 145
2.520000 231 145
2.560000 229 145
2.600000 224 146
2.640000 220 148
2.680000 216 145
2.720000 210 145
2.760000 208 145
2.800000 204 145
2.840000 199 145
2.880000 194 145
2.920000 190 145
2.960000 187 145
3.000000 184 145
3.040000 181 145
3.080000 178 145
3.120000 175 145
3.160000 167 145
3.200000 163 145
3.240000 158 144
3.280000 153 143
3.320000 144 143
3.360000 142 144
3.400000 140 144
3.440000 138 145
3.480000 129 143
3.520000 127 144
3.560000 125 144
3.600000 123 144
3.640000 121 145
3.680000 119 145
3.720000 115 145
3.760000 111 144
3.800000 101 143
3.840000 97 144
3.880000 93 144
3.920000 90 144
3.960000 86 144
4.000000 83 144
4.040000 79 144
4.080000 76 144
4.120000 72 144
4.160000 69 144
4.200000 65 144
4.240000 81 145
4.280000 77 145
4.320000 75 144
4.360000 65 144
4.400000 63 144
4.440000 59 144
4.480000 55 144
4.520000 52 144
4.560000 48 144
4.600000 45 143
4.640000 41 143
4.680000 38 143
4.720000 34 143
4.760000 31 142
4.800000 27 142
4.840000 24 142
4.880000 17 143
4.920000 18 140
4.960000 18 140
5.000000 18 140
5.040000 18 140
5.080000 18 140
5.120000 18 140
5.160000 18 140
5.200000 18 140
5.240000 18 140
5.280000 18 140
5.320000 18 140
5.360000 18 140
5.400000 18 140
5.440000 18 140
5.480000 18 140
5.520000 18 140
5.560000 18 140
5.600000 18 140
5.640000 18 140
