0.000000 314 127
0.040000 314 127
0.080000 314 127
0.120000 314 127
0.160000 314 127
0.200000 314 127
0.240000 314 127
0.280000 314 127
0.320000 314 127
0.360000 314 127
0.400000 314 127
0.440000 314 127
0.480000 314 127
0.520000 314 127
0.560000 314 127
0.600000 314 127
0.640000 314 127
0.680000 314 127
0.720000 314 127
0.760000 314 127
0.800000 314 127
0.840000 314 127
0.880000 314 127
0.920000 314 127
0.960000 314 127
1.000000 314 127
1.040000 314 127
1.080000 314 127
1.120000 314 127
1.160000 314 127
1.200000 314 127
1.240000 314 127
1.280000 314 127
1.320000 314 127
1.360000 314 127
1.400000 314 127
1.440000 314 127
1.480000 314 127
1.520000 314 127
1.560000 314 127
1.600000 314 127
1.640000 311 126
1.680000 308 127
1.720000 304 126
1.760000 299 125
1.800000 297 126
1.840000 294 124
1.880000 290 124
1.920000 287 127
1.960000 283 128
2.000000 278 126
2.040000 275 128
2.080000 273 128
2.120000 270 127
2.160000 267 126
2.200000 263 124
2.240000 261 124
2.280000 257 124
2.320000 251 123
2.360000 247 123
2.400000 242 124
2.440000 239 124
2.480000 236 126
2.520000 231 128
2.560000 229 124
2.600000 226 124
2.640000 222 126
2.680000 219 124
2.720000 216 123
2.760000 210 123
2.800000 206 124
2.840000 203 124
2.880000 198 124
2.920000 194 123
2.960000 189 124
3.000000 184 124
3.040000 181 123
3.080000 178 124
3.120000 175 124
3.160000 172 124
3.200000 168 124
3.240000 164 123
3.280000 160 123
3.320000 156 123
3.360000 151 123
3.400000 144 124
3.440000 142 123
3.480000 138 124
3.520000 133 124
3.560000 130 127
3.600000 127 127
3.640000 127 124
3.680000 121 124
3.720000 118 124
3.760000 116 123
3.800000 111 123
3.840000 105 122
3.880000 99 122
3.920000 94 124
3.960000 88 124
4.000000 86 123
4.040000 87 123
4.080000 84 123
4.120000 80 124
4.160000 77 123
4.200000 74 123
4.240000 74 124
4.280000 70 124
4.320000 69 124
4.360000 63 124
4.400000 58 124
4.440000 53 124
4.480000 51 124
4.520000 49 124
4.560000 44 124
4.600000 40 125
4.640000 38 126
4.680000 34 126
4.720000 32 125
4.760000 28 124
4.800000 23 124
4.840000 22 124
4.880000 17 124
4.920000 10 123
4.960000 9 123
5.000000 8 123
5.040000 7 123
5.080000 6 123
5.120000 6 123
5.160000 6 123
5.200000 6 123
5.240000 6 123
5.280000 6 123
5.320000 6 123
5.360000 6 123
5.400000 6 123
5.440000 6 123
5.480000 6 123
5.520000 6 123
5.560000 6 123
5.600000 6 123
5.640000 6 123
