0.000000 308 65
0.040000 308 65
0.080000 308 65
0.120000 308 65
0.160000 308 65
0.200000 308 65
0.240000 308 65
0.280000 308 65
0.320000 308 65
0.360000 308 65
0.400000 308 65
0.440000 308 65
0.480000 308 65
0.520000 308 65
0.560000 308 65
0.600000 308 65
0.640000 308 65
0.680000 308 65
0.720000 308 65
0.760000 308 65
0.800000 308 65
0.840000 308 65
0.880000 308 65
0.920000 308 65
0.960000 308 65
1.000000 308 65
1.040000 308 65
1.080000 308 65
1.120000 308 65
1.160000 308 65
1.200000 308 65
1.240000 308 65
1.280000 308 65
1.320000 308 65
1.360000 308 65
1.400000 308 65
1.440000 308 65
1.480000 308 65
1.520000 308 65
1.560000 308 65
1.600000 308 65
1.640000 308 65
1.680000 308 65
1.720000 308 65
1.760000 308 65
1.800000 308 65
1.840000 308 65
1.880000 308 65
1.920000 308 65
1.960000 308 65
2.000000 309 67
2.040000 296 66
2.080000 283 61
2.120000 308 65
2.160000 307 65
2.200000 305 66
2.240000 304 68
2.280000 299 70
2.320000 293 72
2.360000 287 72
2.400000 278 72
2.440000 267 67
2.480000 256 66
2.520000 244 62
2.560000 231 61
2.600000 221 61
2.640000 216 61
2.680000 215 61
2.720000 215 60
2.760000 212 59
2.800000 211 59
2.840000 212 59
2.880000 211 59
2.920000 210 60
2.960000 214 61
3.000000 212 61
3.040000 212 59
3.080000 211 60
3.120000 211 61
3.160000 210 61
3.200000 210 62
3.240000 208 66
3.280000 203 67
3.320000 158 57
3.360000 186 68
3.400000 176 67
3.440000 164 66
3.480000 153 62
3.520000 140 61
3.560000 127 61
3.600000 158 56
3.640000 108 61
3.680000 106 61
3.720000 154 61
3.760000 152 63
3.800000 102 58
3.840000 102 58
3.880000 102 58
3.920000 101 59
3.960000 106 66
4.000000 102 61
4.040000 101 59
4.080000 102 59
4.120000 58 57
4.160000 101 59
4.200000 101 61
4.240000 53 56
4.280000 52 58
4.320000 51 56
4.360000 80 69
4.400000 71 69
4.440000 63 67
4.480000 53 65
4.520000 42 61
4.560000 29 61
4.600000 50 57
4.640000 13 63
4.680000 8 62
4.720000 8 61
4.760000 7 61
4.800000 7 59
4.840000 6 59
4.880000 6 59
4.920000 6 59
4.960000 5 59
5.000000 5 59
5.040000 5 59
5.080000 5 59
5.120000 5 59
5.160000 5 59
5.200000 5 59
5.240000 5 59
5.280000 5 59
5.320000 5 59
5.360000 5 59
5.400000 5 59
5.440000 5 59
5.480000 5 59
5.520000 5 59
5.560000 5 59
5.600000 5 59
5.640000 5 59
5.680000 5 59
