0.000000 317 149
0.040000 317 149
0.080000 317 149
0.120000 317 149
0.160000 317 149
0.200000 317 149
0.240000 317 149
0.280000 317 149
0.320000 317 149
0.360000 317 149
0.400000 317 149
0.440000 317 149
0.480000 317 149
0.520000 317 149
0.560000 317 149
0.600000 317 149
0.640000 317 149
0.680000 317 149
0.720000 317 149
0.760000 317 149
0.800000 317 149
0.840000 317 149
0.880000 317 149
0.920000 317 149
0.960000 317 149
1.000000 317 149
1.040000 317 149
1.080000 317 149
1.120000 317 149
1.160000 317 149
1.200000 317 149
1.240000 317 149
1.280000 317 149
1.320000 317 149
1.360000 317 149
1.400000 317 149
1.440000 317 149
1.480000 317 149
1.520000 317 149
1.560000 317 149
1.600000 317 149
1.640000 317 149
1.680000 317 149
1.720000 317 149
1.760000 317 149
1.800000 317 149
1.840000 317 149
1.880000 314 150
1.920000 312 154
1.960000 309 154
2.000000 304 154
2.040000 299 154
2.080000 297 153
2.120000 294 153
2.160000 289 151
2.200000 286 151
2.240000 282 151
2.280000 278 152
2.320000 274 154
2.360000 271 154
2.400000 269 154
2.440000 265 154
2.480000 261 154
2.520000 257 154
2.560000 253 154
2.600000 250 154
2.640000 246 154
2.680000 240 153
2.720000 235 153
2.760000 231 154
2.800000 225 154
2.840000 221 154
2.880000 219 155
2.920000 214 155
2.960000 209 155
3.000000 204 154
3.040000 200 154
3.080000 197 154
3.120000 191 153
3.160000 188 152
3.200000 182 152
3.240000 177 153
3.280000 171 153
3.320000 167 154
3.360000 163 154
3.400000 160 155
3.440000 159 155
3.480000 153 155
3.520000 148 155
3.560000 147 154
3.600000 139 154
3.640000 132 152
3.680000 132 153
3.720000 126 152
3.760000 121 154
3.800000 113 153
3.840000 111 154
3.880000 111 154
3.920000 102 155
3.960000 101 155
4.000000 100 155
4.040000 92 154
4.080000 84 154
4.120000 80 152
4.160000 75 150
4.200000 72 150
4.240000 66 150
4.280000 63 150
4.320000 58 150
4.360000 55 150
4.400000 54 151
4.440000 53 152
4.480000 49 152
4.520000 45 151
4.560000 43 150
4.600000 39 149
4.640000 34 150
4.680000 32 149
4.720000 29 148
4.760000 23 149
4.800000 20 149
4.840000 12 150
4.880000 10 150
4.920000 9 150
4.960000 7 150
5.000000 6 150
5.040000 6 150
5.080000 6 150
5.120000 6 150
5.160000 6 150
5.200000 6 150
5.240000 6 150
5.280000 6 150
5.320000 6 150
5.360000 6 150
5.400000 6 150
5.440000 6 150
5.480000 6 150
5.520000 6 150
5.560000 6 150
5.600000 6 150
5.640000 6 150
5.680000 6 150
