0.000000 310 119
0.040000 310 119
0.080000 310 119
0.120000 310 119
0.160000 310 119
0.200000 310 119
0.240000 310 119
0.280000 310 119
0.320000 310 119
0.360000 310 119
0.400000 310 119
0.440000 310 119
0.480000 310 119
0.520000 310 119
0.560000 310 119
0.600000 310 119
0.640000 310 119
0.680000 310 119
0.720000 310 119
0.760000 310 119
0.800000 310 119
0.840000 310 119
0.880000 310 119
0.920000 310 119
0.960000 310 119
1.000000 310 119
1.040000 310 119
1.080000 310 119
1.120000 310 119
1.160000 310 119
1.200000 310 119
1.240000 310 119
1.280000 310 119
1.320000 310 119
1.360000 310 119
1.400000 310 119
1.440000 310 119
1.480000 310 119
1.520000 310 119
1.560000 310 119
1.600000 310 119
1.640000 310 119
1.680000 310 119
1.720000 310 119
1.760000 310 119
1.800000 310 119
1.840000 310 119
1.880000 310 119
1.920000 307 118
1.960000 299 119
2.000000 293 120
2.040000 288 122
2.080000 282 121
2.120000 276 121
2.160000 272 122
2.200000 268 121
2.240000 264 119
2.280000 262 119
2.320000 262 119
2.360000 260 119
2.400000 258 119
2.440000 256 118
2.480000 254 118
2.520000 246 117
2.560000 236 122
2.600000 232 122
2.640000 229 122
2.680000 225 122
2.720000 222 122
2.760000 216 122
2.800000 213 122
2.840000 208 120
2.880000 205 120
2.920000 203 119
2.960000 200 119
3.000000 190 119
3.040000 182 119
3.080000 177 122
3.120000 172 122
3.160000 166 120
3.200000 163 121
3.240000 159 119
3.280000 157 115
3.320000 153 116
3.360000 150 116
3.400000 147 117
3.440000 144 117
3.480000 132 119
3.520000 127 119
3.560000 123 119
3.600000 118 119
3.640000 107 120
3.680000 100 122
3.720000 99 122
3.760000 98 122
3.800000 97 122
3.840000 92 120
3.880000 89 120
3.920000 87 120
3.960000 85 119
4.000000 82 119
4.040000 80 119
4.080000 71 119
4.120000 66 120
4.160000 60 119
4.200000 58 119
4.240000 53 117
4.280000 52 117
4.320000 52 117
4.360000 51 116
4.400000 51 116
4.440000 50 116
4.480000 50 115
4.520000 49 115
4.560000 49 115
4.600000 44 114
4.640000 42 113
4.680000 38 114
4.720000 34 113
4.760000 29 113
4.800000 23 113
4.840000 23 113
4.880000 23 113
4.920000 23 113
4.960000 23 113
5.000000 23 113
5.040000 23 113
5.080000 23 113
5.120000 23 113
5.160000 23 113
5.200000 23 113
5.240000 23 113
5.280000 23 113
5.320000 23 113
5.360000 23 113
5.400000 23 113
5.440000 23 113
5.480000 23 113
5.520000 23 113
5.560000 23 113
5.600000 23 113
5.640000 23 113
5.680000 23 113
