0.000000 313 166
0.040000 313 166
0.080000 313 166
0.120000 313 166
0.160000 313 166
0.200000 313 166
0.240000 313 166
0.280000 313 166
0.320000 313 166
0.360000 313 166
0.400000 313 166
0.440000 313 166
0.480000 313 166
0.520000 313 166
0.560000 313 166
0.600000 313 166
0.640000 313 166
0.680000 313 166
0.720000 313 166
0.760000 313 166
0.800000 313 166
0.840000 313 166
0.880000 313 166
0.920000 313 166
0.960000 313 166
1.000000 313 166
1.040000 313 166
1.080000 313 166
1.120000 313 166
1.160000 313 166
1.200000 313 166
1.240000 313 166
1.280000 313 166
1.320000 313 166
1.360000 313 166
1.400000 313 166
1.440000 313 166
1.480000 313 166
1.520000 309 167
1.560000 305 169
1.600000 301 170
1.640000 298 171
1.680000 293 171
1.720000 288 171
1.760000 284 171
1.800000 279 170
1.840000 275 169
1.880000 271 169
1.920000 266 169
1.960000 261 169
2.000000 257 170
2.040000 251 171
2.080000 246 172
2.120000 242 175
2.160000 236 174
2.200000 231 174
2.240000 225 171
2.280000 220 170
2.320000 214 170
2.360000 208 170
2.400000 203 170
2.440000 199 171
2.480000 193 172
2.520000 188 174
2.560000 183 174
2.600000 178 174
2.640000 172 174
2.680000 167 171
2.720000 160 170
2.760000 154 170
2.800000 148 169
2.840000 143 169
2.880000 137 168
2.920000 132 170
2.960000 127 171
3.000000 122 171
3.040000 117 172
3.080000 111 172
3.120000 106 171
3.160000 101 170
3.200000 95 170
3.240000 90 169
3.280000 84 167
3.320000 80 169
3.360000 75 169
3.400000 70 169
3.440000 64 171
3.480000 60 171
3.520000 54 170
3.560000 49 169
3.600000 44 167
3.640000 38 165
3.680000 32 165
3.720000 28 164
3.760000 23 163
3.800000 18 164
3.840000 14 165
3.880000 11 165
3.920000 7 166
3.960000 2 166
4.000000 2 165
4.040000 2 165
4.080000 2 165
4.120000 2 165
4.160000 2 165
4.200000 2 165
4.240000 2 165
4.280000 2 165
4.320000 2 165
4.360000 2 165
4.400000 2 165
4.440000 2 165
4.480000 2 165
4.520000 2 165
4.560000 2 165
4.600000 2 165
