0.000000 309 65
0.040000 309 65
0.080000 309 65
0.120000 309 65
0.160000 309 65
0.200000 309 65
0.240000 309 65
0.280000 309 65
0.320000 309 65
0.360000 309 65
0.400000 309 65
0.440000 309 65
0.480000 309 65
0.520000 309 65
0.560000 309 65
0.600000 309 65
0.640000 309 65
0.680000 309 65
0.720000 309 65
0.760000 309 65
0.800000 309 65
0.840000 309 65
0.880000 309 65
0.920000 309 65
0.960000 309 65
1.000000 309 65
1.040000 309 65
1.080000 309 65
1.120000 309 65
1.160000 309 65
1.200000 309 65
1.240000 309 65
1.280000 309 65
1.320000 309 65
1.360000 309 65
1.400000 309 65
1.440000 309 65
1.480000 308 63
1.520000 308 64
1.560000 308 65
1.600000 308 66
1.640000 309 67
1.680000 309 66
1.720000 308 66
1.760000 308 65
1.800000 308 66
1.840000 307 67
1.880000 304 70
1.920000 298 72
1.960000 289 76
2.000000 282 75
2.040000 270 72
2.080000 257 69
2.120000 245 67
2.160000 231 65
2.200000 217 62
2.240000 206 61
2.280000 203 60
2.320000 201 59
2.360000 200 59
2.400000 200 59
2.440000 200 58
2.480000 199 58
2.520000 205 65
2.560000 197 61
2.600000 200 60
2.640000 200 58
2.680000 200 58
2.720000 199 61
2.760000 197 62
2.800000 194 66
2.840000 185 70
2.880000 142 56
2.920000 164 71
2.960000 153 67
3.000000 137 61
3.040000 122 62
3.080000 108 60
3.120000 96 60
3.160000 86 60
3.200000 84 58
3.240000 84 57
3.280000 82 56
3.320000 118 67
3.360000 82 56
3.400000 82 57
3.440000 85 65
3.480000 83 58
3.520000 83 57
3.560000 82 57
3.600000 82 57
3.640000 81 60
3.680000 79 62
3.720000 75 66
3.760000 66 70
3.800000 58 71
3.840000 29 58
3.880000 36 70
3.920000 13 66
3.960000 10 67
4.000000 7 67
4.040000 4 67
4.080000 27 61
4.120000 27 61
4.160000 27 61
4.200000 27 61
4.240000 27 61
4.280000 27 61
4.320000 27 61
4.360000 27 61
4.400000 27 61
4.440000 27 61
4.480000 27 61
4.520000 27 61
4.560000 27 61
4.600000 27 61
