0.000000 297 59
0.040000 297 59
0.080000 297 59
0.120000 297 59
0.160000 297 59
0.200000 297 59
0.240000 297 59
0.280000 297 59
0.320000 297 59
0.360000 297 59
0.400000 297 59
0.440000 297 59
0.480000 297 59
0.520000 297 59
0.560000 297 59
0.600000 297 59
0.640000 297 59
0.680000 297 59
0.720000 297 59
0.760000 297 59
0.800000 297 59
0.840000 297 59
0.880000 297 59
0.920000 297 59
0.960000 297 59
1.000000 297 59
1.040000 297 59
1.080000 297 59
1.120000 297 59
1.160000 297 59
1.200000 297 59
1.240000 297 59
1.280000 297 59
1.320000 297 59
1.360000 297 59
1.400000 297 59
1.440000 297 59
1.480000 296 58
1.520000 296 59
1.560000 296 60
1.600000 296 61
1.640000 297 61
1.680000 303 59
1.720000 294 61
1.760000 295 59
1.800000 295 59
1.840000 294 59
1.880000 297 58
1.920000 294 57
1.960000 288 61
2.000000 277 61
2.040000 265 63
2.080000 247 61
2.120000 234 57
2.160000 218 60
2.200000 204 61
2.240000 194 63
2.280000 190 61
2.320000 188 56
2.360000 187 55
2.400000 188 55
2.440000 186 54
2.480000 186 55
2.520000 188 56
2.560000 183 55
2.600000 188 56
2.640000 186 56
2.680000 186 56
2.720000 186 55
2.760000 188 55
2.800000 188 53
2.840000 185 56
2.880000 127 51
2.920000 160 57
2.960000 148 58
3.000000 127 55
3.040000 113 56
3.080000 96 58
3.120000 85 61
3.160000 75 61
3.200000 73 58
3.240000 72 56
3.280000 71 54
3.320000 118 52
3.360000 70 54
3.400000 71 55
3.440000 75 59
3.480000 74 55
3.520000 71 55
3.560000 71 55
3.600000 71 54
3.640000 71 52
3.680000 72 55
3.720000 73 55
3.760000 69 57
3.800000 59 57
3.840000 18 54
3.880000 32 62
3.920000 7 60
3.960000 5 61
4.000000 4 62
4.040000 3 63
4.080000 18 55
4.120000 18 54
4.160000 18 54
4.200000 18 54
4.240000 18 54
4.280000 18 54
4.320000 18 54
4.360000 18 54
4.400000 18 54
4.440000 18 54
4.480000 18 54
4.520000 18 54
4.560000 18 54
4.600000 18 54
