0.000000 309 61
0.040000 309 61
0.080000 309 61
0.120000 309 61
0.160000 309 61
0.200000 309 61
0.240000 309 61
0.280000 309 61
0.320000 309 61
0.360000 309 61
0.400000 309 61
0.440000 309 61
0.480000 309 61
0.520000 309 61
0.560000 309 61
0.600000 309 61
0.640000 309 61
0.680000 309 61
0.720000 309 61
0.760000 309 61
0.800000 309 61
0.840000 309 61
0.880000 309 61
0.920000 309 61
0.960000 309 61
1.000000 309 61
1.040000 309 61
1.080000 309 61
1.120000 309 61
1.160000 309 61
1.200000 309 61
1.240000 309 61
1.280000 309 61
1.320000 309 61
1.360000 309 61
1.400000 309 61
1.440000 309 61
1.480000 310 61
1.520000 311 61
1.560000 312 61
1.600000 313 61
1.640000 314 65
1.680000 310 62
1.720000 312 64
1.760000 310 61
1.800000 310 62
1.840000 310 65
1.880000 308 69
1.920000 303 72
1.960000 294 77
2.000000 286 76
2.040000 274 72
2.080000 264 70
2.120000 247 64
2.160000 234 61
2.200000 220 59
2.240000 208 58
2.280000 205 56
2.320000 205 56
2.360000 204 56
2.400000 204 56
2.440000 205 56
2.480000 204 56
2.520000 210 64
2.560000 205 57
2.600000 205 56
2.640000 205 56
2.680000 204 56
2.720000 204 56
2.760000 201 61
2.800000 199 66
2.840000 190 71
2.880000 147 51
2.920000 170 72
2.960000 158 67
3.000000 140 61
3.040000 127 60
3.080000 111 56
3.120000 98 56
3.160000 89 56
3.200000 86 54
3.240000 86 53
3.280000 86 54
3.320000 122 70
3.360000 86 53
3.400000 86 55
3.440000 90 64
3.480000 85 55
3.520000 86 54
3.560000 86 54
3.600000 86 54
3.640000 85 56
3.680000 81 61
3.720000 79 66
3.760000 70 69
3.800000 62 72
3.840000 33 56
3.880000 39 68
3.920000 16 61
3.960000 12 62
4.000000 9 63
4.040000 5 64
4.080000 32 56
4.120000 29 59
4.160000 29 59
4.200000 29 59
4.240000 29 59
4.280000 29 59
4.320000 29 59
4.360000 29 59
4.400000 29 59
4.440000 29 59
4.480000 29 59
4.520000 29 59
4.560000 29 59
4.600000 29 59
