0.000000 320 123
0.040000 320 123
0.080000 320 123
0.120000 320 123
0.160000 320 123
0.200000 320 123
0.240000 320 123
0.280000 320 123
0.320000 320 123
0.360000 320 123
0.400000 320 123
0.440000 320 123
0.480000 320 123
0.520000 320 123
0.560000 320 123
0.600000 320 123
0.640000 320 123
0.680000 320 123
0.720000 320 123
0.760000 320 123
0.800000 320 123
0.840000 320 123
0.880000 320 123
0.920000 320 123
0.960000 320 123
1.000000 320 123
1.040000 320 123
1.080000 320 123
1.120000 320 123
1.160000 320 123
1.200000 320 123
1.240000 320 123
1.280000 320 123
1.320000 320 123
1.360000 320 123
1.400000 320 123
1.440000 320 123
1.480000 320 123
1.520000 320 123
1.560000 320 123
1.600000 320 123
1.640000 320 123
1.680000 320 123
1.720000 320 123
1.760000 320 123
1.800000 320 123
1.840000 320 123
1.880000 320 123
1.920000 320 123
1.960000 320 123
2.000000 317 118
2.040000 310 119
2.080000 302 118
2.120000 292 118
2.160000 283 119
2.200000 273 119
2.240000 266 119
2.280000 260 119
2.320000 256 120
2.360000 252 120
2.400000 250 119
2.440000 247 119
2.480000 247 119
2.520000 245 116
2.560000 247 118
2.600000 247 117
2.640000 246 113
2.680000 244 113
2.720000 242 113
2.760000 238 113
2.800000 232 113
2.840000 225 113
2.880000 216 113
2.920000 207 113
2.960000 199 117
3.000000 189 117
3.040000 175 115
3.080000 165 115
3.120000 155 115
3.160000 147 118
3.200000 142 119
3.240000 137 119
3.280000 132 118
3.320000 129 115
3.360000 127 115
3.400000 127 115
3.440000 128 115
3.480000 127 117
3.520000 125 117
3.560000 128 114
3.600000 127 113
3.640000 125 113
3.680000 121 113
3.720000 116 113
3.760000 107 113
3.800000 91 113
3.840000 80 113
3.880000 70 113
3.920000 59 113
3.960000 49 113
4.000000 40 113
4.040000 33 114
4.080000 27 116
4.120000 23 117
4.160000 18 117
4.200000 17 116
4.240000 14 115
4.280000 13 113
4.320000 13 113
4.360000 13 113
4.400000 12 113
4.440000 11 111
4.480000 10 112
4.520000 9 112
4.560000 8 112
4.600000 8 112
4.640000 8 112
4.680000 8 112
4.720000 8 112
4.760000 8 112
4.800000 8 112
4.840000 8 112
4.880000 8 112
4.920000 8 112
4.960000 8 112
5.000000 8 112
