0.000000 304 60
0.040000 304 60
0.080000 304 60
0.120000 304 60
0.160000 304 60
0.200000 304 60
0.240000 304 60
0.280000 304 60
0.320000 304 60
0.360000 304 60
0.400000 304 60
0.440000 304 60
0.480000 304 60
0.520000 304 60
0.560000 304 60
0.600000 304 60
0.640000 304 60
0.680000 304 60
0.720000 304 60
0.760000 304 60
0.800000 304 60
0.840000 304 60
0.880000 304 60
0.920000 304 60
0.960000 304 60
1.000000 304 60
1.040000 304 60
1.080000 304 60
1.120000 304 60
1.160000 304 60
1.200000 304 60
1.240000 304 60
1.280000 304 60
1.320000 304 60
1.360000 304 60
1.400000 304 60
1.440000 304 60
1.480000 304 60
1.520000 304 60
1.560000 304 60
1.600000 304 60
1.640000 304 60
1.680000 304 60
1.720000 304 60
1.760000 304 60
1.800000 304 60
1.840000 304 60
1.880000 304 60
1.920000 304 59
1.960000 305 59
2.000000 320 71
2.040000 312 73
2.080000 297 66
2.120000 287 65
2.160000 273 61
2.200000 260 59
2.240000 257 61
2.280000 253 58
2.320000 252 56
2.360000 252 56
2.400000 253 57
2.440000 252 57
2.480000 252 58
2.520000 253 56
2.560000 253 59
2.600000 252 57
2.640000 253 59
2.680000 253 61
2.720000 253 62
2.760000 252 66
2.800000 247 67
2.840000 241 71
2.880000 231 72
2.920000 220 71
2.960000 206 70
3.000000 191 61
3.040000 179 60
3.080000 164 57
3.120000 151 57
3.160000 143 56
3.200000 141 56
3.240000 139 54
3.280000 139 55
3.320000 138 55
3.360000 138 55
3.400000 138 55
3.440000 138 55
3.480000 140 56
3.520000 139 56
3.560000 140 55
3.600000 140 56
3.640000 139 56
3.680000 138 59
3.720000 136 61
3.760000 131 66
3.800000 111 70
3.840000 100 67
3.880000 88 65
3.920000 71 61
3.960000 84 55
4.000000 49 59
4.040000 38 60
4.080000 34 59
4.120000 34 56
4.160000 34 56
4.200000 33 57
4.240000 34 57
4.280000 33 57
4.320000 33 58
4.360000 34 58
4.400000 34 59
4.440000 33 58
4.480000 33 58
4.520000 33 58
4.560000 34 61
4.600000 34 61
4.640000 34 61
4.680000 34 61
4.720000 34 61
4.760000 34 61
4.800000 34 61
4.840000 34 61
4.880000 34 61
4.920000 34 61
4.960000 34 61
5.000000 34 61
