0.000000 314 149
0.040000 314 149
0.080000 314 149
0.120000 314 149
0.160000 314 149
0.200000 314 149
0.240000 314 149
0.280000 314 149
0.320000 314 149
0.360000 314 149
0.400000 314 149
0.440000 314 149
0.480000 314 149
0.520000 314 149
0.560000 314 149
0.600000 314 149
0.640000 314 149
0.680000 314 149
0.720000 314 149
0.760000 314 149
0.800000 314 149
0.840000 314 149
0.880000 314 149
0.920000 314 149
0.960000 314 149
1.000000 314 149
1.040000 314 149
1.080000 314 149
1.120000 314 149
1.160000 314 149
1.200000 314 149
1.240000 314 149
1.280000 314 149
1.320000 314 149
1.360000 314 149
1.400000 314 149
1.440000 314 149
1.480000 314 149
1.520000 314 149
1.560000 314 149
1.600000 314 149
1.640000 314 149
1.680000 314 149
1.720000 314 149
1.760000 314 149
1.800000 314 149
1.840000 314 149
1.880000 314 149
1.920000 312 150
1.960000 309 154
2.000000 304 154
2.040000 301 154
2.080000 298 155
2.120000 294 155
2.160000 289 154
2.200000 287 154
2.240000 282 151
2.280000 277 152
2.320000 271 152
2.360000 266 154
2.400000 260 154
2.440000 257 155
2.480000 252 155
2.520000 246 155
2.560000 242 155
2.600000 236 154
2.640000 231 154
2.680000 227 151
2.720000 221 151
2.760000 218 150
2.800000 213 151
2.840000 208 151
2.880000 202 154
2.920000 196 154
2.960000 194 155
3.000000 189 156
3.040000 185 155
3.080000 179 154
3.120000 174 154
3.160000 170 154
3.200000 166 151
3.240000 162 154
3.280000 154 154
3.320000 148 154
3.360000 143 154
3.400000 138 155
3.440000 135 156
3.480000 132 156
3.520000 125 155
3.560000 120 154
3.600000 116 154
3.640000 112 152
3.680000 106 152
3.720000 105 154
3.760000 100 154
3.800000 85 156
3.840000 85 158
3.880000 80 158
3.920000 75 155
3.960000 70 154
4.000000 68 153
4.040000 63 150
4.080000 58 150
4.120000 55 150
4.160000 49 149
4.200000 44 150
4.240000 40 151
4.280000 36 154
4.320000 33 154
4.360000 29 155
4.400000 24 154
4.440000 21 154
4.480000 18 152
4.520000 11 154
4.560000 6 153
4.600000 6 153
4.640000 6 153
4.680000 6 153
4.720000 6 153
4.760000 6 153
4.800000 6 153
4.840000 6 153
4.880000 6 153
4.920000 6 153
4.960000 6 153
5.000000 6 153
