1.400000 273 122
1.440000 267 122
1.480000 261 122
1.520000 253 121
1.560000 247 122
1.600000 245 123
1.640000 241 123
1.680000 239 122
1.720000 236 121
1.760000 236 122
1.800000 236 122
1.840000 246 122
2.320000 182 119
2.360000 174 122
2.400000 168 121
2.440000 159 122
2.480000 154 122
2.520000 149 123
2.560000 147 122
2.600000 144 121
2.640000 143 122
2.680000 142 122
2.720000 139 119
2.920000 138 118
2.960000 135 118
3.000000 131 117
3.040000 125 118
3.080000 118 118
3.280000 81 119
3.320000 75 122
3.360000 70 121
3.400000 65 120
3.440000 60 119
3.480000 59 120
3.520000 75 117
3.560000 68 119
3.760000 53 118
3.800000 50 118
3.840000 49 117
3.880000 46 117
3.920000 43 116
3.960000 38 117
4.000000 33 117
4.040000 28 117
