1.600000 320 124
1.640000 309 121
1.680000 306 122
1.720000 303 119
1.760000 299 119
1.800000 296 119
1.840000 293 119
1.880000 288 119
1.920000 285 119
1.960000 283 119
2.000000 278 121
2.040000 276 122
2.080000 272 122
2.120000 269 122
2.160000 268 123
2.200000 264 119
2.240000 261 119
2.280000 258 119
2.320000 254 118
2.360000 249 118
2.400000 247 118
2.440000 242 119
2.480000 236 120
2.520000 232 120
2.560000 230 122
2.600000 227 122
2.640000 224 122
2.680000 221 120
2.720000 219 120
2.760000 216 119
2.800000 212 119
2.840000 208 119
2.880000 204 119
2.920000 199 119
2.960000 195 119
3.000000 191 119
3.040000 188 119
3.080000 184 120
3.120000 180 120
3.160000 179 120
3.200000 175 119
3.240000 173 118
3.280000 168 117
3.320000 164 116
3.360000 160 117
3.400000 158 117
3.440000 153 118
3.480000 148 118
3.520000 144 117
3.560000 142 118
3.600000 138 119
3.640000 133 119
3.680000 132 119
3.720000 127 119
3.760000 123 118
3.800000 121 117
3.840000 116 117
3.880000 112 117
3.920000 108 117
3.960000 103 118
4.000000 99 118
4.040000 95 118
4.080000 93 119
4.120000 91 119
4.160000 90 119
4.200000 86 119
4.240000 83 119
4.280000 81 119
4.320000 76 117
4.360000 73 117
4.400000 69 117
4.440000 65 115
4.480000 60 118
4.520000 55 118
4.560000 51 119
4.600000 49 119
4.640000 45 119
4.680000 43 119
4.720000 40 119
4.760000 38 119
4.800000 33 118
4.840000 29 117
4.880000 27 117
4.920000 23 117
4.960000 18 118
5.000000 16 119
5.040000 12 118
5.080000 12 119
5.120000 11 119
5.160000 7 118
5.240000 2 119
5.280000 2 119
