1.200000 320 137
1.240000 320 138
1.280000 315 137
1.320000 314 137
1.360000 310 138
1.400000 308 136
1.440000 304 134
1.480000 299 134
1.520000 296 133
1.560000 290 133
1.600000 284 133
1.640000 279 133
1.680000 273 134
1.720000 267 136
1.760000 262 134
1.800000 257 135
1.840000 251 137
1.880000 244 135
1.920000 236 134
1.960000 231 134
2.000000 226 133
2.040000 222 133
2.080000 219 133
2.120000 215 134
2.160000 210 134
2.200000 209 134
2.240000 205 135
2.280000 204 137
2.320000 200 135
2.360000 196 134
2.400000 190 134
2.440000 186 133
2.480000 181 133
2.520000 174 132
2.560000 167 133
2.600000 160 133
2.640000 155 133
2.680000 147 133
2.720000 141 133
2.760000 133 135
2.800000 127 135
2.840000 120 134
2.880000 114 134
2.920000 108 134
2.960000 104 133
3.000000 100 133
3.040000 96 133
3.080000 93 133
3.120000 90 131
3.160000 88 132
3.200000 86 132
3.240000 84 133
3.280000 81 134
3.320000 76 134
3.360000 74 133
3.400000 69 133
3.440000 64 133
3.480000 58 133
3.520000 53 130
3.560000 47 130
3.600000 39 133
3.640000 34 133
3.680000 29 133
3.720000 23 133
3.760000 12 132
3.800000 8 132
3.840000 1 131
3.880000 2 131
3.920000 2 131
3.960000 2 132
