1.200000 298 57
1.240000 298 58
1.280000 297 59
1.320000 307 57
1.360000 301 60
1.400000 295 59
1.440000 297 59
1.480000 297 59
1.520000 297 58
1.560000 297 58
1.600000 294 58
1.640000 283 60
1.680000 273 61
1.720000 266 62
1.760000 249 58
1.800000 236 57
1.840000 222 57
1.880000 209 61
1.920000 201 61
1.960000 197 61
2.000000 196 56
2.040000 195 54
2.080000 194 54
2.120000 195 54
2.160000 195 55
2.200000 195 56
2.240000 194 56
2.280000 197 56
2.320000 195 56
2.360000 195 56
2.400000 195 56
2.440000 195 56
2.480000 195 55
2.520000 194 53
2.560000 190 56
2.600000 179 57
2.640000 168 58
2.680000 153 57
2.720000 138 59
2.760000 127 56
2.800000 112 57
2.840000 100 61
2.880000 90 61
2.920000 88 59
2.960000 88 56
3.000000 86 55
3.040000 86 56
3.080000 86 56
3.120000 87 56
3.160000 84 56
3.200000 86 54
3.240000 89 56
3.280000 87 56
3.320000 88 56
3.360000 87 56
3.400000 86 56
3.440000 86 56
3.480000 82 56
3.520000 77 60
3.560000 64 60
3.600000 54 60
3.640000 38 61
3.680000 31 58
3.720000 19 58
3.760000 6 61
3.800000 5 59
3.960000 2 57
4.040000 6 57
