1.880000 320 114
1.920000 320 114
1.960000 314 119
2.000000 308 119
2.040000 304 119
2.080000 300 119
2.120000 297 118
2.160000 293 117
2.200000 288 115
2.240000 284 113
2.280000 278 113
2.320000 273 114
2.360000 268 115
2.400000 262 117
2.440000 258 118
2.480000 255 118
2.520000 251 118
2.560000 246 119
2.600000 241 117
2.640000 236 116
2.680000 231 114
2.720000 226 114
2.760000 220 113
2.800000 216 113
2.840000 210 115
2.880000 205 115
2.920000 199 116
2.960000 194 117
3.000000 191 118
3.040000 186 117
3.080000 182 114
3.120000 178 113
3.160000 173 113
3.200000 166 112
3.240000 159 113
3.280000 154 113
3.320000 149 113
3.360000 143 115
3.400000 139 117
3.440000 136 117
3.480000 132 118
3.520000 127 116
3.560000 121 114
3.600000 117 113
3.640000 112 112
3.680000 107 113
3.720000 101 113
3.760000 95 113
3.800000 84 115
3.840000 81 118
3.880000 78 118
3.920000 73 117
3.960000 69 115
4.000000 65 114
4.040000 60 113
4.080000 56 113
4.120000 51 113
4.160000 45 113
4.200000 40 113
4.240000 37 115
4.280000 33 116
4.320000 29 117
4.360000 25 117
4.400000 21 118
4.440000 18 117
4.480000 13 116
4.520000 8 115
4.560000 1 115
