1.880000 303 63
1.920000 303 62
1.960000 303 63
2.000000 320 71
2.040000 308 73
2.080000 294 68
2.120000 283 67
2.160000 271 66
2.200000 258 63
2.240000 255 66
2.280000 251 62
2.320000 251 61
2.360000 251 61
2.400000 251 61
2.440000 251 61
2.480000 250 61
2.520000 251 61
2.560000 251 61
2.600000 251 61
2.640000 251 62
2.680000 251 64
2.720000 251 65
2.760000 247 67
2.800000 242 67
2.840000 236 71
2.880000 225 72
2.920000 215 71
2.960000 201 70
3.000000 189 63
3.040000 175 62
3.080000 162 61
3.120000 149 62
3.160000 142 61
3.200000 138 61
3.240000 137 57
3.280000 137 57
3.320000 137 57
3.360000 136 57
3.400000 136 57
3.440000 136 58
3.480000 137 59
3.520000 137 59
3.560000 137 57
3.600000 137 59
3.640000 136 60
3.680000 136 61
3.720000 132 63
3.760000 127 66
3.800000 106 69
3.840000 95 67
3.880000 81 65
3.920000 70 65
3.960000 80 59
4.000000 46 63
4.040000 38 64
4.080000 34 62
4.120000 33 61
4.160000 32 61
4.200000 31 61
4.240000 32 61
4.280000 30 61
4.320000 30 62
4.360000 32 61
4.400000 32 61
4.440000 31 61
4.480000 31 61
4.520000 30 61
4.560000 29 62
