0.000000 306 122
0.040000 306 122
0.080000 306 122
0.120000 306 122
0.160000 306 122
0.200000 306 122
0.240000 306 122
0.280000 306 122
0.320000 306 122
0.360000 306 122
0.400000 306 122
0.440000 306 122
0.480000 306 122
0.520000 306 122
0.560000 306 122
0.600000 306 122
0.640000 306 122
0.680000 306 122
0.720000 306 122
0.760000 306 122
0.800000 306 122
0.840000 306 122
0.880000 306 122
0.920000 306 122
0.960000 306 122
1.000000 306 122
1.040000 306 122
1.080000 306 122
1.120000 306 122
1.160000 306 122
1.200000 306 122
1.240000 306 122
1.280000 306 122
1.320000 306 122
1.360000 306 122
1.400000 306 122
1.440000 306 122
1.480000 306 122
1.520000 306 122
1.560000 306 122
1.600000 306 122
1.640000 306 122
1.680000 303 122
1.720000 299 120
1.760000 297 119
1.800000 293 119
1.840000 288 119
1.880000 286 119
1.920000 283 119
1.960000 279 120
2.000000 275 122
2.040000 272 122
2.080000 269 122
2.120000 267 123
2.160000 268 123
2.200000 260 120
2.240000 257 119
2.280000 259 119
2.320000 252 119
2.360000 246 118
2.400000 249 119
2.440000 242 119
2.480000 233 121
2.520000 231 121
2.560000 226 122
2.600000 225 123
2.640000 221 123
2.680000 220 121
2.720000 216 121
2.760000 214 119
2.800000 210 119
2.840000 205 119
2.880000 201 119
2.920000 197 119
2.960000 192 119
3.000000 189 119
3.040000 184 119
3.080000 181 121
3.120000 179 121
3.160000 175 121
3.200000 174 119
3.240000 171 118
3.280000 167 117
3.320000 161 116
3.360000 161 117
3.400000 158 117
3.440000 154 118
3.480000 149 118
3.520000 144 117
3.560000 139 119
3.600000 138 119
3.640000 132 119
3.680000 133 119
3.720000 127 119
3.760000 123 118
3.800000 119 117
3.840000 115 117
3.880000 112 117
3.920000 107 118
3.960000 101 118
4.000000 97 119
4.040000 94 119
4.080000 91 119
4.120000 92 119
4.160000 90 119
4.200000 86 119
4.240000 85 119
4.280000 83 119
4.320000 80 118
4.360000 75 117
4.400000 71 117
4.440000 68 117
4.480000 63 118
4.520000 57 118
4.560000 54 119
4.600000 49 119
4.640000 48 119
4.680000 44 119
4.720000 44 119
4.760000 40 119
4.800000 34 118
4.840000 30 118
4.880000 30 118
4.920000 27 118
4.960000 23 118
5.000000 19 119
5.040000 12 119
5.080000 16 119
5.120000 8 119
5.160000 7 119
5.200000 7 119
5.240000 6 119
5.280000 2 119
5.320000 2 119
5.360000 2 119
5.400000 2 119
5.440000 2 119
