0.000000 308 93
0.040000 308 93
0.080000 308 93
0.120000 308 93
0.160000 308 93
0.200000 308 93
0.240000 308 93
0.280000 308 93
0.320000 308 93
0.360000 308 93
0.400000 308 93
0.440000 308 93
0.480000 308 93
0.520000 308 93
0.560000 308 93
0.600000 308 93
0.640000 308 93
0.680000 308 93
0.720000 308 93
0.760000 308 93
0.800000 308 93
0.840000 308 93
0.880000 308 93
0.920000 308 93
0.960000 308 93
1.000000 308 93
1.040000 308 93
1.080000 308 93
1.120000 308 93
1.160000 308 93
1.200000 308 93
1.240000 308 93
1.280000 308 93
1.320000 308 93
1.360000 308 93
1.400000 308 93
1.440000 308 93
1.480000 308 93
1.520000 308 93
1.560000 308 93
1.600000 308 93
1.640000 308 93
1.680000 305 93
1.720000 304 93
1.760000 303 92
1.800000 299 93
1.840000 297 92
1.880000 293 91
1.920000 285 92
1.960000 275 91
2.000000 272 91
2.040000 267 93
2.080000 262 94
2.120000 257 95
2.160000 271 92
2.200000 248 92
2.240000 245 92
2.280000 265 89
2.320000 237 92
2.360000 233 91
2.400000 251 87
2.440000 244 87
2.480000 225 89
2.520000 225 89
2.560000 223 91
2.600000 223 93
2.640000 221 92
2.680000 221 91
2.720000 221 90
2.760000 220 88
2.800000 217 89
2.840000 215 87
2.880000 210 87
2.920000 204 87
2.960000 194 88
3.000000 188 87
3.040000 179 87
3.080000 177 91
3.120000 170 92
3.160000 164 93
3.200000 160 93
3.240000 178 86
3.280000 153 89
3.320000 148 88
3.360000 169 87
3.400000 164 85
3.440000 157 85
3.480000 147 85
3.520000 140 85
3.560000 133 87
3.600000 132 89
3.640000 131 91
3.680000 133 90
3.720000 132 88
3.760000 132 87
3.800000 129 87
3.840000 127 87
3.880000 122 87
3.920000 117 87
3.960000 92 87
4.000000 92 87
4.040000 91 87
4.080000 88 89
4.120000 87 91
4.160000 80 93
4.200000 74 93
4.240000 86 87
4.280000 66 91
4.320000 81 87
4.360000 80 85
4.400000 55 92
4.440000 69 85
4.480000 49 89
4.520000 49 87
4.560000 45 91
4.600000 45 91
4.640000 45 91
4.680000 46 89
4.720000 45 89
4.760000 44 89
4.800000 43 88
4.840000 40 87
4.880000 38 87
4.920000 33 87
4.960000 26 88
5.000000 19 89
5.040000 8 88
5.080000 8 89
5.120000 1 91
5.160000 1 91
5.200000 1 90
5.240000 1 90
5.280000 1 89
5.320000 2 84
5.360000 2 84
5.400000 2 84
5.440000 2 84
