0.000000 304 120
0.040000 304 120
0.080000 304 120
0.120000 304 120
0.160000 304 120
0.200000 304 120
0.240000 304 120
0.280000 304 120
0.320000 304 120
0.360000 304 120
0.400000 304 120
0.440000 304 120
0.480000 304 120
0.520000 304 120
0.560000 304 120
0.600000 304 120
0.640000 304 120
0.680000 304 120
0.720000 304 120
0.760000 304 120
0.800000 304 120
0.840000 304 120
0.880000 304 120
0.920000 304 120
0.960000 304 120
1.000000 304 120
1.040000 304 120
1.080000 304 120
1.120000 304 120
1.160000 304 120
1.200000 304 120
1.240000 304 120
1.280000 304 120
1.320000 304 120
1.360000 304 120
1.400000 304 120
1.440000 304 120
1.480000 304 120
1.520000 304 120
1.560000 304 120
1.600000 304 120
1.640000 299 123
1.680000 294 124
1.720000 289 123
1.760000 286 123
1.800000 282 123
1.840000 279 123
1.880000 277 123
1.920000 273 123
1.960000 271 123
2.000000 268 124
2.040000 266 124
2.080000 264 124
2.120000 262 123
2.160000 258 123
2.200000 254 123
2.240000 251 123
2.280000 248 123
2.320000 245 123
2.360000 242 123
2.400000 239 123
2.440000 236 122
2.480000 233 122
2.520000 230 122
2.560000 227 122
2.600000 224 122
2.640000 221 122
2.680000 218 122
2.720000 210 123
2.760000 205 122
2.800000 199 122
2.840000 195 122
2.880000 191 122
2.920000 188 123
2.960000 184 122
3.000000 180 122
3.040000 178 122
3.080000 177 122
3.120000 175 121
3.160000 174 121
3.200000 173 120
3.240000 171 120
3.280000 170 119
3.320000 169 119
3.360000 167 118
3.400000 166 118
3.440000 157 118
3.480000 152 119
3.520000 148 119
3.560000 143 119
3.600000 139 119
3.640000 134 119
3.680000 130 119
3.720000 125 119
3.760000 116 121
3.800000 109 121
3.840000 106 122
3.880000 101 121
3.920000 95 120
3.960000 94 120
4.000000 93 120
4.040000 93 120
4.080000 92 120
4.120000 92 119
4.160000 91 119
4.200000 91 119
4.240000 90 119
4.280000 90 119
4.320000 86 119
4.360000 85 118
4.400000 81 118
4.440000 79 118
4.480000 75 118
4.520000 60 118
4.560000 55 119
4.600000 51 119
4.640000 46 119
4.680000 42 119
4.720000 38 119
4.760000 33 119
4.800000 29 119
4.840000 18 119
4.880000 17 119
4.920000 16 119
4.960000 15 119
5.000000 15 119
5.040000 14 119
5.080000 13 119
5.120000 12 119
5.160000 12 119
5.200000 11 119
5.240000 8 118
5.280000 6 118
5.320000 5 118
5.360000 3 118
5.400000 2 118
5.440000 1 117
