0.000000 310 93
0.040000 310 93
0.080000 310 93
0.120000 310 93
0.160000 310 93
0.200000 310 93
0.240000 310 93
0.280000 310 93
0.320000 310 93
0.360000 310 93
0.400000 310 93
0.440000 310 93
0.480000 310 93
0.520000 310 93
0.560000 310 93
0.600000 310 93
0.640000 310 93
0.680000 310 93
0.720000 310 93
0.760000 310 93
0.800000 310 93
0.840000 310 93
0.880000 310 93
0.920000 310 93
0.960000 310 93
1.000000 310 93
1.040000 310 93
1.080000 310 93
1.120000 310 93
1.160000 310 93
1.200000 310 93
1.240000 310 93
1.280000 310 93
1.320000 310 93
1.360000 310 93
1.400000 310 93
1.440000 310 93
1.480000 310 93
1.520000 310 93
1.560000 310 93
1.600000 310 93
1.640000 310 93
1.680000 310 93
1.720000 310 93
1.760000 310 93
1.800000 310 93
1.840000 310 93
1.880000 310 93
1.920000 310 93
1.960000 310 93
2.000000 310 93
2.040000 310 93
2.080000 310 93
2.120000 310 93
2.160000 310 93
2.200000 310 93
2.240000 310 93
2.280000 310 93
2.320000 310 93
2.360000 310 93
2.400000 310 93
2.440000 310 93
2.480000 310 93
2.520000 310 93
2.560000 310 93
2.600000 310 93
2.640000 310 93
2.680000 310 93
2.720000 310 93
2.760000 310 93
2.800000 310 93
2.840000 310 93
2.880000 312 93
2.920000 310 93
2.960000 309 93
3.000000 308 93
3.040000 305 92
3.080000 303 91
3.120000 299 91
3.160000 297 92
3.200000 292 92
3.240000 283 92
3.280000 278 90
3.320000 268 92
3.360000 262 93
3.400000 257 94
3.440000 252 93
3.480000 248 93
3.520000 246 93
3.560000 242 89
3.600000 240 87
3.640000 236 87
3.680000 231 87
3.720000 226 88
3.760000 223 89
3.800000 221 90
3.840000 220 88
3.880000 216 89
3.920000 217 91
3.960000 220 92
4.000000 217 91
4.040000 216 88
4.080000 214 88
4.120000 211 87
4.160000 209 87
4.200000 204 87
4.240000 195 89
4.280000 186 89
4.320000 179 87
4.360000 171 87
4.400000 164 89
4.440000 158 91
4.480000 153 91
4.520000 147 90
4.560000 143 87
4.600000 141 87
4.640000 138 86
4.680000 132 85
4.720000 128 85
4.760000 124 87
4.800000 121 87
4.840000 119 87
4.880000 118 86
4.920000 117 87
4.960000 117 89
5.000000 116 88
5.040000 116 87
5.080000 112 87
5.120000 111 87
5.160000 110 85
5.200000 106 86
5.240000 95 87
5.280000 85 88
5.320000 78 87
5.360000 71 87
5.400000 67 87
5.440000 59 89
5.480000 54 91
5.520000 49 89
5.560000 45 87
5.600000 44 87
5.640000 42 87
5.680000 38 87
5.720000 34 87
5.760000 30 87
5.800000 28 87
5.840000 28 87
5.880000 27 87
5.920000 26 88
5.960000 23 92
6.000000 23 91
6.040000 23 91
6.080000 22 89
6.120000 20 87
6.160000 18 87
6.200000 17 87
6.240000 12 91
6.280000 7 92
6.320000 2 89
6.360000 2 89
6.400000 2 89
6.440000 2 89
6.480000 2 89
6.520000 2 89
6.560000 2 89
6.600000 2 89
6.640000 2 89
6.680000 2 89
6.720000 2 89
6.760000 2 89
6.800000 2 89
6.840000 2 89
6.880000 2 89
6.920000 2 89
6.960000 2 89
7.000000 2 89
7.040000 2 89
7.080000 2 89
