0.000000 290 56
0.040000 290 56
0.080000 290 56
0.120000 290 56
0.160000 290 56
0.200000 290 56
0.240000 290 56
0.280000 290 56
0.320000 290 56
0.360000 290 56
0.400000 290 56
0.440000 290 56
0.480000 290 56
0.520000 290 56
0.560000 290 56
0.600000 290 56
0.640000 290 56
0.680000 290 56
0.720000 290 56
0.760000 290 56
0.800000 290 56
0.840000 290 56
0.880000 290 56
0.920000 290 56
0.960000 290 56
1.000000 290 56
1.040000 290 56
1.080000 290 56
1.120000 290 56
1.160000 290 56
1.200000 290 56
1.240000 290 56
1.280000 290 56
1.320000 290 56
1.360000 290 56
1.400000 290 56
1.440000 290 56
1.480000 290 56
1.520000 290 56
1.560000 290 56
1.600000 290 56
1.640000 290 56
1.680000 290 56
1.720000 288 56
1.760000 288 57
1.800000 288 57
1.840000 288 57
1.880000 289 57
1.920000 289 56
1.960000 289 56
2.000000 289 56
2.040000 289 56
2.080000 289 56
2.120000 290 56
2.160000 289 56
2.200000 288 56
2.240000 288 56
2.280000 278 56
2.320000 268 56
2.360000 241 56
2.400000 240 53
2.440000 225 56
2.480000 210 56
2.520000 199 57
2.560000 194 56
2.600000 191 55
2.640000 191 52
2.680000 190 52
2.720000 190 52
2.760000 190 51
2.800000 190 51
2.840000 190 51
2.880000 189 51
2.920000 190 51
2.960000 190 51
3.000000 190 51
3.040000 190 51
3.080000 190 50
3.120000 189 50
3.160000 184 52
3.200000 174 54
3.240000 137 54
3.280000 143 55
3.320000 131 54
3.360000 116 54
3.400000 101 56
3.440000 91 58
3.480000 86 56
3.520000 87 54
3.560000 86 54
3.600000 86 53
3.640000 86 53
3.680000 87 52
3.720000 86 52
3.760000 85 52
3.800000 86 51
3.840000 86 51
3.880000 86 51
3.920000 86 51
3.960000 39 56
4.000000 86 50
4.040000 84 52
4.080000 75 56
4.120000 63 56
4.160000 47 56
4.200000 33 54
4.240000 8 58
4.280000 7 58
4.320000 6 58
4.360000 5 57
4.400000 3 57
4.440000 2 57
4.480000 2 56
4.520000 2 55
4.560000 23 57
4.600000 1 55
4.640000 1 55
4.680000 1 55
4.720000 1 55
4.760000 1 55
4.800000 1 55
4.840000 1 55
4.880000 1 55
4.920000 1 55
