0.000000 306 89
0.040000 306 89
0.080000 306 89
0.120000 306 89
0.160000 306 89
0.200000 306 89
0.240000 306 89
0.280000 306 89
0.320000 306 89
0.360000 306 89
0.400000 306 89
0.440000 306 89
0.480000 306 89
0.520000 306 89
0.560000 306 89
0.600000 306 89
0.640000 306 89
0.680000 306 89
0.720000 306 89
0.760000 306 89
0.800000 306 89
0.840000 306 89
0.880000 306 89
0.920000 306 89
0.960000 306 89
1.000000 306 89
1.040000 306 89
1.080000 306 89
1.120000 306 89
1.160000 306 89
1.200000 306 89
1.240000 306 89
1.280000 306 89
1.320000 306 89
1.360000 306 89
1.400000 306 89
1.440000 306 89
1.480000 306 89
1.520000 306 89
1.560000 306 89
1.600000 306 89
1.640000 306 89
1.680000 306 89
1.720000 306 89
1.760000 303 90
1.800000 304 91
1.840000 300 91
1.880000 298 91
1.920000 299 92
1.960000 299 88
2.000000 298 89
2.040000 297 87
2.080000 294 87
2.120000 292 87
2.160000 287 87
2.200000 279 87
2.240000 271 86
2.280000 262 87
2.320000 253 88
2.360000 246 89
2.400000 240 91
2.440000 231 91
2.480000 226 90
2.520000 221 87
2.560000 216 86
2.600000 211 87
2.640000 207 87
2.680000 203 87
2.720000 201 87
2.760000 200 86
2.800000 199 87
2.840000 197 87
2.880000 196 85
2.920000 195 85
2.960000 194 85
3.000000 191 83
3.040000 188 84
3.080000 181 83
3.120000 172 83
3.160000 163 82
3.200000 149 85
3.240000 143 87
3.280000 135 87
3.320000 127 87
3.360000 121 87
3.400000 116 87
3.440000 111 86
3.480000 106 86
3.520000 101 87
3.560000 96 87
3.600000 94 85
3.640000 94 87
3.680000 91 87
3.720000 86 88
3.760000 89 87
3.800000 90 85
3.840000 88 85
3.880000 86 85
3.920000 83 83
3.960000 54 87
4.000000 69 83
4.040000 60 82
4.080000 46 87
4.120000 43 87
4.160000 36 87
4.200000 29 88
4.240000 23 88
4.280000 18 87
4.320000 14 87
4.360000 10 87
4.400000 2 87
4.440000 2 87
4.480000 2 86
4.520000 2 86
4.560000 2 87
4.600000 2 84
4.640000 2 84
4.680000 2 84
4.720000 2 84
4.760000 2 84
4.800000 2 84
4.840000 2 84
4.880000 2 84
4.920000 2 84
