0.000000 312 165
0.040000 312 165
0.080000 312 165
0.120000 312 165
0.160000 312 165
0.200000 312 165
0.240000 312 165
0.280000 312 165
0.320000 312 165
0.360000 312 165
0.400000 312 165
0.440000 312 165
0.480000 312 165
0.520000 312 165
0.560000 312 165
0.600000 312 165
0.640000 312 165
0.680000 312 165
0.720000 312 165
0.760000 312 165
0.800000 312 165
0.840000 312 165
0.880000 312 165
0.920000 312 165
0.960000 312 165
1.000000 312 165
1.040000 312 165
1.080000 312 165
1.120000 312 165
1.160000 312 165
1.200000 312 165
1.240000 312 165
1.280000 312 165
1.320000 312 165
1.360000 312 165
1.400000 312 165
1.440000 312 165
1.480000 312 165
1.520000 312 165
1.560000 312 165
1.600000 312 165
1.640000 312 165
1.680000 312 165
1.720000 312 165
1.760000 308 165
1.800000 304 167
1.840000 301 168
1.880000 297 169
1.920000 294 169
1.960000 289 170
2.000000 285 170
2.040000 281 169
2.080000 277 169
2.120000 273 167
2.160000 268 166
2.200000 264 166
2.240000 259 167
2.280000 255 169
2.320000 251 169
2.360000 247 170
2.400000 242 171
2.440000 238 170
2.480000 233 170
2.520000 229 169
2.560000 224 169
2.600000 219 168
2.640000 215 167
2.680000 210 167
2.720000 205 169
2.760000 200 170
2.800000 195 170
2.840000 190 170
2.880000 186 171
2.920000 181 170
2.960000 177 170
3.000000 171 168
3.040000 166 167
3.080000 160 167
3.120000 155 167
3.160000 151 168
3.200000 146 169
3.240000 142 170
3.280000 137 170
3.320000 132 170
3.360000 127 170
3.400000 122 170
3.440000 117 169
3.480000 112 166
3.520000 107 166
3.560000 102 166
3.600000 97 167
3.640000 93 167
3.680000 89 167
3.720000 84 168
3.760000 80 168
3.800000 75 167
3.840000 70 166
3.880000 65 166
3.920000 60 165
3.960000 56 164
4.000000 53 164
4.040000 48 165
4.080000 44 165
4.120000 39 165
4.160000 34 165
4.200000 32 166
4.240000 27 165
4.280000 23 165
4.320000 18 165
4.360000 14 163
4.400000 11 160
4.440000 7 161
4.480000 2 160
4.520000 2 163
4.560000 2 165
4.600000 2 165
4.640000 2 165
4.680000 2 165
4.720000 2 165
4.760000 2 165
4.800000 2 165
4.840000 2 165
4.880000 2 165
4.920000 2 165
