0.000000 289 56
0.040000 289 56
0.080000 289 56
0.120000 289 56
0.160000 289 56
0.200000 289 56
0.240000 289 56
0.280000 289 56
0.320000 289 56
0.360000 289 56
0.400000 289 56
0.440000 289 56
0.480000 289 56
0.520000 289 56
0.560000 289 56
0.600000 289 56
0.640000 289 56
0.680000 289 56
0.720000 289 56
0.760000 289 56
0.800000 289 56
0.840000 289 56
0.880000 289 56
0.920000 289 56
0.960000 289 56
1.000000 289 56
1.040000 289 56
1.080000 289 56
1.120000 289 56
1.160000 289 56
1.200000 289 56
1.240000 289 56
1.280000 289 56
1.320000 289 56
1.360000 289 56
1.400000 289 56
1.440000 289 56
1.480000 289 56
1.520000 289 56
1.560000 289 56
1.600000 289 56
1.640000 289 56
1.680000 289 56
1.720000 289 56
1.760000 289 56
1.800000 289 56
1.840000 320 65
1.880000 308 65
1.920000 292 61
1.960000 283 59
2.000000 269 58
2.040000 253 60
2.080000 247 61
2.120000 243 61
2.160000 243 56
2.200000 241 55
2.240000 241 54
2.280000 242 54
2.320000 241 54
2.360000 257 58
2.400000 241 56
2.440000 245 56
2.480000 241 55
2.520000 241 55
2.560000 242 55
2.600000 242 55
2.640000 241 54
2.680000 241 53
2.720000 233 56
2.760000 221 55
2.800000 209 56
2.840000 190 55
2.880000 178 55
2.920000 162 56
2.960000 149 57
3.000000 142 58
3.040000 138 56
3.080000 137 52
3.120000 136 52
3.160000 136 53
3.200000 136 53
3.240000 160 52
3.280000 136 54
3.320000 136 56
3.360000 138 54
3.400000 137 54
3.440000 137 54
3.480000 137 54
3.520000 137 52
3.560000 137 52
3.600000 133 52
3.640000 123 53
3.680000 111 55
3.720000 91 58
3.760000 81 56
3.800000 70 54
3.840000 54 58
3.880000 44 60
3.920000 40 60
3.960000 86 51
4.000000 37 55
4.040000 37 55
4.080000 35 55
4.120000 36 55
4.160000 36 56
4.200000 38 56
4.240000 39 56
4.280000 38 55
4.320000 39 56
4.360000 38 55
4.400000 39 56
4.440000 39 55
4.480000 38 54
4.520000 33 56
4.560000 23 56
4.600000 8 57
4.640000 8 57
4.680000 8 57
4.720000 8 57
4.760000 8 57
4.800000 8 57
4.840000 8 57
4.880000 8 57
4.920000 8 57
