0.000000 312 134
0.040000 312 134
0.080000 312 134
0.120000 312 134
0.160000 312 134
0.200000 312 134
0.240000 312 134
0.280000 312 134
0.320000 312 134
0.360000 312 134
0.400000 312 134
0.440000 312 134
0.480000 312 134
0.520000 312 134
0.560000 312 134
0.600000 312 134
0.640000 312 134
0.680000 312 134
0.720000 312 134
0.760000 312 134
0.800000 312 134
0.840000 312 134
0.880000 312 134
0.920000 312 134
0.960000 312 134
1.000000 312 134
1.040000 312 134
1.080000 312 134
1.120000 312 134
1.160000 312 134
1.200000 312 134
1.240000 312 134
1.280000 312 134
1.320000 312 134
1.360000 312 134
1.400000 312 134
1.440000 312 134
1.480000 312 134
1.520000 312 134
1.560000 312 134
1.600000 312 134
1.640000 312 134
1.680000 312 134
1.720000 308 134
1.760000 304 133
1.800000 303 134
1.840000 298 134
1.880000 296 134
1.920000 294 134
1.960000 292 134
2.000000 290 134
2.040000 283 136
2.080000 277 134
2.120000 272 133
2.160000 264 134
2.200000 261 135
2.240000 258 135
2.280000 256 135
2.320000 253 135
2.360000 251 135
2.400000 248 135
2.440000 240 134
2.480000 233 134
2.520000 227 133
2.560000 221 133
2.600000 216 133
2.640000 212 132
2.680000 210 133
2.720000 205 133
2.760000 198 133
2.800000 195 134
2.840000 192 134
2.880000 186 135
2.920000 181 135
2.960000 177 135
3.000000 172 135
3.040000 168 135
3.080000 164 133
3.120000 153 132
3.160000 150 132
3.200000 147 132
3.240000 144 132
3.280000 141 132
3.320000 138 132
3.360000 132 134
3.400000 127 134
3.440000 121 133
3.480000 115 132
3.520000 110 132
3.560000 102 132
3.600000 100 133
3.640000 99 133
3.680000 97 134
3.720000 96 134
3.760000 94 134
3.800000 93 135
3.840000 91 135
3.880000 86 135
3.920000 81 134
3.960000 73 133
4.000000 69 133
4.040000 63 133
4.080000 60 135
4.120000 57 136
4.160000 54 138
4.200000 51 139
4.240000 44 139
4.280000 42 139
4.320000 38 139
4.360000 33 137
4.400000 29 135
4.440000 23 135
4.480000 18 134
4.520000 14 135
4.560000 8 135
4.600000 8 135
4.640000 8 135
4.680000 8 135
4.720000 8 135
4.760000 8 135
4.800000 8 135
4.840000 8 135
4.880000 8 135
4.920000 8 135
