0.000000 320 72
0.040000 320 72
0.080000 320 72
0.120000 320 72
0.160000 320 72
0.200000 320 72
0.240000 320 72
0.280000 320 72
0.320000 320 72
0.360000 320 72
0.400000 320 72
0.440000 320 72
0.480000 320 72
0.520000 320 72
0.560000 320 72
0.600000 320 72
0.640000 320 72
0.680000 320 72
0.720000 320 72
0.760000 320 72
0.800000 320 72
0.840000 320 72
0.880000 320 72
0.920000 320 72
0.960000 320 72
1.000000 320 72
1.040000 320 72
1.080000 320 72
1.120000 320 72
1.160000 320 72
1.200000 320 72
1.240000 320 72
1.280000 320 72
1.320000 320 72
1.360000 320 72
1.400000 320 72
1.440000 320 72
1.480000 320 72
1.520000 320 72
1.560000 320 72
1.600000 320 72
1.640000 320 72
1.680000 320 72
1.720000 320 72
1.760000 320 64
1.800000 320 64
1.840000 320 64
1.880000 320 64
1.920000 320 65
1.960000 315 66
2.000000 314 67
2.040000 308 71
2.080000 301 72
2.120000 293 72
2.160000 283 71
2.200000 271 67
2.240000 261 61
2.280000 247 61
2.320000 234 58
2.360000 221 58
2.400000 215 59
2.440000 210 57
2.480000 210 56
2.520000 209 56
2.560000 208 56
2.600000 207 56
2.640000 207 56
2.680000 208 56
2.720000 207 56
2.760000 208 57
2.800000 208 56
2.840000 207 56
2.880000 207 56
2.920000 205 58
2.960000 205 60
3.000000 201 61
3.040000 194 65
3.080000 184 67
3.120000 175 69
3.160000 164 69
3.200000 151 67
3.240000 140 61
3.280000 126 60
3.320000 112 57
3.360000 99 57
3.400000 90 59
3.440000 85 57
3.480000 85 57
3.520000 82 56
3.560000 82 56
3.600000 82 56
3.640000 82 56
3.680000 82 56
3.720000 81 56
3.760000 82 57
3.800000 82 56
3.840000 82 56
3.880000 81 56
3.920000 81 57
3.960000 81 59
4.000000 75 62
4.040000 69 66
4.080000 64 67
4.120000 55 70
4.160000 46 71
4.200000 34 70
4.240000 14 65
4.280000 11 64
4.320000 5 62
4.360000 9 63
4.400000 14 63
4.440000 19 64
4.480000 24 64
4.520000 29 64
4.560000 29 64
4.600000 29 64
4.640000 29 64
4.680000 29 64
4.720000 29 64
4.760000 29 64
4.800000 29 64
4.840000 29 64
4.880000 29 64
4.920000 29 64
4.960000 29 64
5.000000 29 64
5.040000 29 64
5.080000 29 64
5.120000 29 64
5.160000 29 64
5.200000 29 64
5.240000 29 64
5.280000 29 64
5.320000 29 64
5.360000 29 64
5.400000 29 64
5.440000 29 64
5.480000 29 64
5.520000 29 64
5.560000 29 64
5.600000 29 64
5.640000 29 64
5.680000 29 64
5.720000 29 64
5.760000 29 64
