0.000000 310 171
0.040000 310 171
0.080000 310 171
0.120000 310 171
0.160000 310 171
0.200000 310 171
0.240000 310 171
0.280000 310 171
0.320000 310 171
0.360000 310 171
0.400000 310 171
0.440000 310 171
0.480000 310 171
0.520000 310 171
0.560000 310 171
0.600000 310 171
0.640000 310 171
0.680000 310 171
0.720000 310 171
0.760000 310 171
0.800000 310 171
0.840000 310 171
0.880000 310 171
0.920000 310 171
0.960000 310 171
1.000000 310 171
1.040000 310 171
1.080000 310 171
1.120000 310 171
1.160000 310 171
1.200000 310 171
1.240000 310 171
1.280000 310 171
1.320000 310 171
1.360000 310 171
1.400000 310 171
1.440000 310 171
1.480000 310 171
1.520000 310 171
1.560000 310 171
1.600000 310 171
1.640000 310 171
1.680000 310 171
1.720000 310 171
1.760000 307 172
1.800000 303 171
1.840000 299 170
1.880000 294 170
1.920000 289 170
1.960000 284 170
2.000000 280 170
2.040000 274 170
2.080000 271 170
2.120000 267 171
2.160000 262 172
2.200000 257 174
2.240000 253 174
2.280000 249 174
2.320000 243 171
2.360000 240 171
2.400000 234 170
2.440000 230 170
2.480000 225 170
2.520000 220 170
2.560000 215 171
2.600000 210 171
2.640000 205 172
2.680000 199 173
2.720000 194 174
2.760000 190 173
2.800000 184 174
2.840000 179 172
2.880000 174 171
2.920000 169 170
2.960000 163 170
3.000000 158 170
3.040000 153 170
3.080000 147 171
3.120000 142 171
3.160000 137 172
3.200000 132 173
3.240000 127 173
3.280000 123 172
3.320000 118 171
3.360000 112 170
3.400000 107 170
3.440000 103 169
3.480000 97 169
3.520000 91 169
3.560000 86 169
3.600000 81 169
3.640000 77 170
3.680000 73 170
3.720000 68 171
3.760000 64 171
3.800000 59 171
3.840000 55 169
3.880000 49 168
3.920000 45 167
3.960000 40 166
4.000000 37 165
4.040000 32 166
4.080000 28 167
4.120000 23 167
4.160000 19 169
4.200000 16 169
4.240000 8 167
4.280000 6 167
4.320000 5 166
4.360000 3 166
4.400000 2 165
4.440000 2 165
4.480000 2 165
4.520000 2 165
4.560000 2 165
4.600000 2 165
4.640000 2 165
4.680000 2 165
4.720000 2 165
4.760000 2 165
4.800000 2 165
4.840000 2 165
4.880000 2 165
4.920000 2 165
4.960000 2 165
5.000000 2 165
5.040000 2 165
5.080000 2 165
5.120000 2 165
5.160000 2 165
5.200000 2 165
5.240000 2 165
5.280000 2 165
5.320000 2 165
5.360000 2 165
5.400000 2 165
5.440000 2 165
5.480000 2 165
5.520000 2 165
5.560000 2 165
5.600000 2 165
5.640000 2 165
5.680000 2 165
5.720000 2 165
5.760000 2 165
