1.400000 305 119
1.440000 302 119
1.480000 299 120
1.520000 299 123
1.560000 301 123
1.600000 299 122
1.640000 298 117
1.680000 298 117
1.720000 295 118
1.760000 294 119
1.800000 293 119
1.840000 288 121
1.880000 283 120
1.920000 278 119
1.960000 271 119
2.000000 262 119
2.040000 253 118
2.080000 246 119
2.120000 238 118
2.160000 226 114
2.200000 218 113
2.240000 214 117
2.280000 208 118
2.320000 203 118
2.360000 199 117
2.400000 195 115
2.440000 194 116
2.480000 194 119
2.520000 195 119
2.560000 194 117
2.600000 193 115
2.640000 191 116
2.680000 189 116
2.720000 185 118
2.760000 181 117
2.800000 175 118
2.840000 168 115
2.880000 158 117
2.920000 148 116
2.960000 142 117
3.000000 133 118
3.040000 122 114
3.080000 112 115
3.120000 108 118
3.160000 101 118
3.200000 95 118
3.240000 90 118
3.280000 86 117
3.320000 85 117
3.360000 81 116
3.400000 81 117
3.440000 80 115
3.480000 77 118
3.520000 76 117
3.560000 76 117
3.600000 75 113
3.640000 73 113
3.680000 69 115
3.720000 65 113
3.760000 58 113
3.800000 50 114
3.840000 40 117
3.880000 34 115
3.920000 28 113
3.960000 21 113
4.000000 14 115
4.040000 8 117
4.080000 2 114
4.120000 2 118
4.160000 2 119
