1.360000 304 93
1.400000 301 93
1.440000 299 93
1.480000 298 93
1.520000 296 93
1.560000 295 96
1.600000 294 93
1.640000 294 94
1.680000 292 93
1.720000 289 92
1.760000 286 92
1.800000 281 92
1.840000 273 92
1.880000 263 91
1.920000 256 91
1.960000 247 93
2.000000 241 93
2.040000 235 95
2.080000 227 96
2.120000 222 96
2.160000 220 93
2.200000 215 91
2.240000 210 90
2.280000 205 91
2.320000 201 91
2.360000 199 89
2.400000 197 89
2.440000 195 89
2.480000 194 92
2.520000 194 92
2.560000 191 91
2.600000 190 89
2.640000 188 87
2.680000 184 87
2.720000 178 88
2.760000 169 88
2.800000 159 87
2.840000 149 87
2.880000 142 88
2.920000 133 91
2.960000 141 92
3.000000 120 93
3.040000 138 87
3.080000 112 92
3.120000 109 90
3.160000 127 87
3.200000 122 86
3.240000 112 85
3.280000 95 88
3.320000 92 87
3.360000 91 87
3.400000 90 91
3.440000 70 92
3.480000 86 89
3.520000 85 89
3.560000 82 87
3.600000 80 87
3.640000 74 87
3.680000 65 87
3.720000 58 87
3.760000 49 87
3.800000 43 87
3.840000 36 89
3.880000 34 91
3.920000 24 93
3.960000 36 88
4.000000 18 92
4.040000 17 92
4.080000 12 91
4.120000 8 91
4.160000 7 91
4.200000 6 90
