1.880000 320 139
1.920000 320 137
1.960000 314 138
2.000000 310 138
2.040000 305 136
2.080000 303 135
2.120000 299 136
2.160000 297 137
2.200000 293 137
2.240000 293 137
2.280000 290 138
2.320000 288 139
2.360000 288 139
2.400000 284 139
2.440000 283 139
2.480000 278 139
2.520000 273 139
2.560000 269 137
2.600000 264 136
2.640000 258 135
2.680000 252 136
2.720000 246 136
2.760000 241 135
2.800000 234 136
2.840000 226 139
2.880000 220 139
2.920000 214 139
2.960000 208 139
3.000000 203 139
3.040000 196 139
3.080000 194 139
3.120000 189 139
3.160000 184 137
3.200000 179 135
3.240000 179 136
3.280000 174 137
3.320000 173 139
3.360000 172 139
3.400000 170 139
3.440000 169 139
3.480000 166 139
3.520000 164 139
3.560000 160 139
3.600000 157 139
3.640000 152 138
3.680000 147 135
3.720000 140 135
3.760000 133 134
3.800000 127 134
3.840000 121 134
3.880000 113 135
3.920000 106 137
3.960000 100 138
4.000000 94 139
4.040000 88 139
4.080000 81 139
4.120000 77 139
4.160000 73 139
4.200000 69 139
4.240000 65 137
4.280000 61 136
4.320000 59 135
4.360000 55 137
4.400000 54 136
4.440000 52 135
4.480000 49 137
4.520000 49 135
4.560000 48 135
4.600000 47 137
4.640000 44 136
4.680000 40 135
4.720000 38 133
4.760000 33 133
4.800000 28 133
4.840000 23 133
4.880000 18 133
4.920000 12 132
4.960000 6 134
5.120000 7 135
5.160000 6 135
