1.880000 320 59
1.960000 320 59
2.000000 320 60
2.080000 320 66
2.120000 320 67
2.200000 312 76
2.240000 304 72
2.280000 294 71
2.320000 283 61
2.360000 273 61
2.400000 257 56
2.440000 245 56
2.480000 235 56
2.520000 231 56
2.560000 230 56
2.600000 228 56
2.640000 227 56
2.680000 227 56
2.720000 228 56
2.760000 228 56
2.800000 229 56
2.840000 229 56
2.880000 229 56
2.920000 229 56
2.960000 229 56
3.000000 229 56
3.040000 229 56
3.080000 229 57
3.120000 228 59
3.160000 226 61
3.200000 221 66
3.240000 216 71
3.280000 207 72
3.320000 198 72
3.360000 188 70
3.400000 178 67
3.440000 165 60
3.480000 152 59
3.520000 138 55
3.560000 126 54
3.600000 118 56
3.640000 116 55
3.680000 114 53
3.720000 112 54
3.760000 112 54
3.800000 112 54
3.840000 113 54
3.880000 114 55
3.920000 114 56
3.960000 114 56
4.000000 113 56
4.040000 113 56
4.080000 114 56
4.120000 114 56
4.160000 113 56
4.200000 112 56
4.240000 112 58
4.280000 110 61
4.320000 105 67
4.360000 96 71
4.400000 86 71
4.440000 79 71
4.480000 69 67
4.520000 58 61
4.560000 47 59
4.600000 34 56
4.640000 24 56
4.680000 17 57
4.720000 13 56
4.760000 12 56
4.800000 12 56
4.840000 11 56
4.880000 11 56
5.040000 12 59
5.080000 8 59
5.120000 8 59
5.200000 11 57
