1.880000 320 123
1.960000 320 118
2.000000 314 117
2.040000 308 117
2.080000 303 118
2.120000 299 118
2.160000 294 118
2.200000 288 117
2.240000 284 118
2.280000 283 119
2.320000 279 120
2.360000 277 122
2.400000 272 122
2.440000 268 119
2.480000 266 119
2.520000 261 119
2.560000 257 118
2.600000 252 118
2.640000 247 118
2.680000 242 119
2.720000 236 119
2.760000 231 119
2.800000 229 118
2.840000 226 119
2.880000 221 119
2.920000 219 121
2.960000 216 119
3.000000 210 118
3.040000 207 117
3.080000 203 117
3.120000 198 117
3.160000 193 115
3.200000 187 117
3.240000 181 118
3.280000 178 117
3.320000 173 119
3.360000 169 119
3.400000 163 119
3.440000 160 119
3.480000 158 120
3.520000 153 120
3.560000 149 119
3.600000 147 117
3.640000 142 117
3.680000 136 115
3.720000 129 115
3.760000 124 117
3.800000 118 117
3.840000 114 117
3.880000 111 117
3.920000 110 119
3.960000 106 119
4.000000 101 119
4.040000 97 118
4.080000 95 114
4.120000 91 117
4.160000 86 115
4.200000 81 115
4.240000 75 115
4.280000 71 116
4.320000 66 117
4.360000 62 118
4.400000 58 119
4.440000 55 118
4.480000 49 119
4.520000 45 119
4.560000 42 119
4.600000 39 119
4.640000 37 118
4.680000 34 115
4.720000 30 113
4.760000 26 113
4.800000 22 113
4.840000 17 115
4.880000 12 116
4.920000 7 115
5.040000 2 118
5.080000 2 119
5.120000 2 118
5.200000 2 117
