1.840000 308 66
1.880000 298 61
1.960000 284 61
2.000000 283 61
2.040000 282 59
2.080000 281 59
2.120000 281 59
2.160000 282 59
2.200000 282 59
2.240000 281 60
2.280000 281 61
2.320000 284 62
2.360000 281 61
2.400000 282 61
2.440000 281 60
2.480000 281 60
2.520000 281 61
2.560000 281 62
2.600000 279 65
2.640000 277 70
2.680000 268 72
2.720000 262 76
2.760000 253 76
2.800000 242 72
2.840000 233 70
2.880000 218 65
2.920000 207 61
2.960000 195 59
3.000000 184 59
3.040000 176 59
3.080000 173 57
3.120000 172 56
3.160000 170 56
3.200000 170 56
3.240000 170 56
3.280000 170 56
3.320000 169 56
3.360000 169 56
3.400000 170 56
3.440000 170 57
3.480000 169 57
3.520000 170 56
3.560000 170 56
3.600000 170 57
3.640000 169 58
3.680000 169 59
3.720000 167 61
3.760000 162 67
3.800000 153 72
3.840000 145 72
3.880000 137 72
3.920000 127 70
3.960000 117 67
4.000000 101 61
4.040000 90 61
4.080000 80 60
4.120000 70 58
4.160000 64 58
4.200000 61 57
4.240000 60 56
4.280000 60 56
4.320000 60 56
4.360000 60 56
4.400000 60 56
4.440000 59 56
4.480000 60 56
4.520000 60 56
4.560000 60 57
4.600000 60 56
4.640000 60 56
4.680000 60 56
4.720000 59 56
4.760000 59 59
4.800000 58 61
4.840000 55 64
4.880000 49 69
4.920000 43 72
4.960000 36 72
5.000000 29 71
5.040000 18 68
