1.560000 320 120
1.600000 313 119
1.640000 308 119
1.680000 303 119
1.720000 299 122
1.760000 294 121
1.800000 292 120
1.840000 288 121
1.880000 286 121
1.920000 283 119
1.960000 278 119
2.000000 274 119
2.040000 270 118
2.080000 264 118
2.120000 259 119
2.160000 255 119
2.200000 249 120
2.240000 246 119
2.280000 242 119
2.320000 240 120
2.360000 236 120
2.400000 231 119
2.440000 226 119
2.480000 221 117
2.520000 216 117
2.560000 211 117
2.600000 205 119
2.640000 200 118
2.680000 195 119
2.720000 194 119
2.760000 189 121
2.800000 184 119
2.840000 179 120
2.880000 175 119
2.920000 171 118
2.960000 168 117
3.000000 163 116
3.040000 158 116
3.080000 153 114
3.120000 146 115
3.160000 139 118
3.200000 134 119
3.240000 132 120
3.280000 129 120
3.320000 124 119
3.360000 121 119
3.400000 116 118
3.440000 112 117
3.480000 108 116
3.520000 105 115
3.560000 98 117
3.600000 92 117
3.640000 89 118
3.680000 84 119
3.720000 80 121
3.760000 77 122
3.800000 72 122
3.840000 69 121
3.880000 65 121
3.920000 60 119
3.960000 55 117
4.000000 50 116
4.040000 45 116
4.080000 40 117
4.120000 36 118
4.160000 33 118
4.200000 29 119
4.240000 27 119
4.280000 23 119
4.320000 18 119
4.360000 15 119
4.400000 12 119
4.440000 8 118
4.480000 1 118
4.520000 2 118
