1.520000 320 121
1.560000 314 121
1.600000 310 119
1.640000 304 119
1.680000 299 119
1.720000 294 123
1.760000 292 121
1.800000 288 121
1.840000 286 121
1.880000 283 121
1.920000 278 119
1.960000 274 119
2.000000 271 119
2.040000 266 118
2.080000 262 118
2.120000 257 119
2.160000 251 119
2.200000 246 120
2.240000 242 119
2.280000 238 121
2.320000 235 120
2.360000 231 120
2.400000 226 119
2.440000 222 119
2.480000 218 117
2.520000 214 117
2.560000 208 117
2.600000 202 119
2.640000 196 118
2.680000 193 119
2.720000 190 119
2.760000 185 121
2.800000 181 119
2.840000 179 120
2.880000 174 119
2.920000 171 118
2.960000 168 117
3.000000 162 116
3.040000 158 116
3.080000 153 115
3.120000 145 116
3.160000 137 119
3.200000 132 119
3.240000 128 121
3.280000 129 120
3.320000 123 119
3.360000 118 119
3.400000 114 118
3.440000 111 117
3.480000 111 117
3.520000 107 116
3.560000 101 117
3.600000 95 118
3.640000 91 119
3.680000 86 119
3.720000 82 122
3.760000 80 122
3.800000 75 122
3.840000 73 122
3.880000 69 122
3.920000 64 119
3.960000 55 117
4.000000 53 117
4.040000 49 117
4.080000 44 118
4.120000 39 119
4.160000 35 119
4.200000 32 119
4.240000 29 119
4.280000 26 120
4.320000 23 119
4.360000 18 119
4.400000 16 119
4.440000 12 118
4.480000 8 118
