1.520000 311 96
1.560000 304 91
1.600000 301 91
1.640000 298 91
1.680000 296 92
1.720000 297 91
1.760000 293 90
1.800000 288 93
1.840000 290 93
1.880000 288 93
1.920000 284 92
1.960000 283 89
2.000000 279 91
2.040000 276 89
2.080000 270 91
2.120000 262 90
2.160000 255 89
2.200000 246 89
2.240000 238 89
2.280000 231 91
2.320000 225 92
2.360000 219 92
2.400000 214 91
2.440000 210 89
2.480000 206 87
2.520000 203 87
2.560000 199 86
2.600000 194 88
2.640000 190 87
2.680000 186 87
2.720000 184 85
2.760000 184 87
2.800000 184 89
2.840000 183 88
2.880000 181 87
2.920000 179 87
2.960000 175 87
3.000000 173 85
3.040000 169 86
3.080000 162 87
3.120000 153 87
3.160000 144 87
3.200000 133 87
3.240000 127 87
3.280000 118 91
3.320000 112 91
3.360000 106 91
3.400000 101 90
3.440000 97 87
3.480000 95 87
3.520000 90 83
3.560000 86 85
3.600000 81 87
3.640000 80 87
3.680000 77 85
3.720000 75 87
3.760000 75 89
3.800000 75 91
3.840000 73 90
3.880000 70 88
3.920000 69 87
3.960000 65 87
4.000000 62 87
4.040000 59 87
4.080000 53 87
4.120000 44 87
4.160000 34 87
4.200000 27 87
4.240000 24 87
4.280000 18 92
4.320000 13 92
4.360000 6 92
4.400000 2 91
4.440000 2 89
4.480000 7 87
