0.000000 314 83
0.040000 314 83
0.080000 314 83
0.120000 314 83
0.160000 314 83
0.200000 314 83
0.240000 314 83
0.280000 314 83
0.320000 314 83
0.360000 314 83
0.400000 314 83
0.440000 314 83
0.480000 314 83
0.520000 314 83
0.560000 314 83
0.600000 314 83
0.640000 314 83
0.680000 314 83
0.720000 314 83
0.760000 314 83
0.800000 314 83
0.840000 314 83
0.880000 314 84
0.920000 310 82
0.960000 306 86
1.000000 301 87
1.040000 292 87
1.080000 287 89
1.120000 282 88
1.160000 278 87
1.200000 277 87
1.240000 272 86
1.280000 268 84
1.320000 263 82
1.360000 261 83
1.400000 257 82
1.440000 257 84
1.480000 253 85
1.520000 252 82
1.560000 252 84
1.600000 251 87
1.640000 250 83
1.680000 247 83
1.720000 245 83
1.760000 243 82
1.800000 240 82
1.840000 236 82
1.880000 231 82
1.920000 221 83
1.960000 214 82
2.000000 204 83
2.040000 194 87
2.080000 189 87
2.120000 182 87
2.160000 177 87
2.200000 173 86
2.240000 170 85
2.280000 167 82
2.320000 163 82
2.360000 158 82
2.400000 155 82
2.440000 153 82
2.480000 149 82
2.520000 147 81
2.560000 149 82
2.600000 147 85
2.640000 147 82
2.680000 143 80
2.720000 142 79
2.760000 140 78
2.800000 137 78
2.840000 133 80
2.880000 127 81
2.920000 120 82
2.960000 111 82
3.000000 101 82
3.040000 94 83
3.080000 86 87
3.120000 81 88
3.160000 75 87
3.200000 71 87
3.240000 69 86
3.280000 68 86
3.320000 64 83
3.360000 59 82
3.400000 55 82
3.440000 55 83
3.480000 53 82
3.520000 51 82
3.560000 49 82
3.600000 49 85
3.640000 48 83
3.680000 45 82
3.720000 44 82
3.760000 43 82
3.800000 40 82
3.840000 38 82
3.880000 33 83
3.920000 28 85
3.960000 21 86
4.000000 7 83
4.040000 5 84
4.080000 4 84
4.120000 3 85
4.160000 2 85
4.200000 2 85
4.240000 2 85
4.280000 2 85
4.320000 2 85
4.360000 2 85
4.400000 2 85
4.440000 2 85
4.480000 2 85
4.520000 2 85
4.560000 2 85
4.600000 2 85
4.640000 2 85
4.680000 2 85
