0.000000 303 118
0.040000 303 118
0.080000 303 118
0.120000 303 118
0.160000 303 118
0.200000 303 118
0.240000 303 118
0.280000 303 118
0.320000 303 118
0.360000 303 118
0.400000 303 118
0.440000 303 118
0.480000 303 118
0.520000 303 118
0.560000 303 118
0.600000 303 118
0.640000 303 118
0.680000 303 118
0.720000 303 118
0.760000 303 118
0.800000 303 118
0.840000 303 118
0.880000 303 118
0.920000 301 118
0.960000 298 118
1.000000 297 118
1.040000 296 118
1.080000 295 118
1.120000 290 118
1.160000 285 117
1.200000 281 119
1.240000 277 119
1.280000 272 118
1.320000 264 115
1.360000 261 116
1.400000 258 116
1.440000 255 116
1.480000 252 117
1.520000 249 117
1.560000 242 118
1.600000 236 119
1.640000 231 119
1.680000 225 119
1.720000 220 119
1.760000 216 119
1.800000 212 118
1.840000 209 117
1.880000 207 117
1.920000 205 117
1.960000 201 115
2.000000 197 116
2.040000 194 116
2.080000 191 116
2.120000 188 116
2.160000 175 120
2.200000 172 120
2.240000 169 120
2.280000 166 120
2.320000 163 120
2.360000 157 120
2.400000 154 120
2.440000 151 119
2.480000 149 118
2.520000 146 117
2.560000 143 116
2.600000 134 117
2.640000 128 118
2.680000 122 118
2.720000 117 119
2.760000 112 119
2.800000 109 119
2.840000 106 118
2.880000 101 115
2.920000 97 116
2.960000 94 117
3.000000 90 118
3.040000 87 119
3.080000 84 120
3.120000 80 121
3.160000 70 124
3.200000 67 124
3.240000 64 124
3.280000 61 123
3.320000 58 123
3.360000 55 122
3.400000 52 122
3.440000 49 121
3.480000 46 121
3.520000 43 120
3.560000 40 120
3.600000 37 119
3.640000 34 119
3.680000 31 118
3.720000 28 118
3.760000 22 117
3.800000 18 117
3.840000 14 117
3.880000 12 114
3.920000 12 114
3.960000 12 114
4.000000 12 114
4.040000 12 114
4.080000 12 114
4.120000 12 114
4.160000 12 114
4.200000 12 114
4.240000 12 114
4.280000 12 114
4.320000 12 114
4.360000 12 114
4.400000 12 114
4.440000 12 114
4.480000 12 114
4.520000 12 114
4.560000 12 114
4.600000 12 114
4.640000 12 114
4.680000 12 114
