0.000000 320 165
0.040000 320 165
0.080000 320 165
0.120000 320 165
0.160000 320 165
0.200000 320 165
0.240000 320 165
0.280000 320 165
0.320000 320 165
0.360000 320 165
0.400000 320 165
0.440000 320 165
0.480000 320 165
0.520000 320 165
0.560000 320 165
0.600000 320 165
0.640000 320 165
0.680000 320 165
0.720000 320 165
0.760000 320 165
0.800000 320 165
0.840000 320 165
0.880000 320 165
0.920000 320 165
0.960000 320 165
1.000000 320 165
1.040000 320 165
1.080000 320 165
1.120000 320 165
1.160000 320 165
1.200000 320 165
1.240000 320 165
1.280000 320 165
1.320000 320 165
1.360000 320 165
1.400000 320 165
1.440000 320 165
1.480000 320 165
1.520000 320 165
1.560000 320 165
1.600000 320 165
1.640000 320 165
1.680000 320 165
1.720000 320 165
1.760000 320 165
1.800000 320 165
1.840000 320 165
1.880000 320 165
1.920000 320 165
1.960000 320 165
2.000000 320 165
2.040000 314 165
2.080000 312 165
2.120000 308 165
2.160000 303 165
2.200000 299 165
2.240000 295 165
2.280000 292 165
2.320000 288 166
2.360000 284 167
2.400000 280 167
2.440000 277 167
2.480000 273 167
2.520000 268 166
2.560000 264 166
2.600000 261 165
2.640000 257 165
2.680000 252 165
2.720000 247 165
2.760000 242 167
2.800000 239 167
2.840000 235 168
2.880000 231 169
2.920000 226 169
2.960000 221 169
3.000000 216 168
3.040000 212 167
3.080000 208 166
3.120000 204 167
3.160000 199 166
3.200000 195 167
3.240000 190 167
3.280000 185 169
3.320000 181 170
3.360000 176 170
3.400000 173 170
3.440000 168 170
3.480000 163 169
3.520000 158 167
3.560000 153 166
3.600000 148 165
3.640000 144 165
3.680000 138 165
3.720000 134 167
3.760000 131 168
3.800000 127 169
3.840000 124 169
3.880000 121 169
3.920000 116 169
3.960000 112 167
4.000000 107 167
4.040000 102 165
4.080000 99 165
4.120000 94 165
4.160000 90 165
4.200000 85 165
4.240000 80 165
4.280000 75 165
4.320000 71 166
4.360000 68 166
4.400000 64 166
4.440000 60 165
4.480000 55 165
4.520000 51 165
4.560000 47 164
4.600000 43 163
4.640000 38 162
4.680000 34 163
4.720000 31 164
4.760000 27 164
4.800000 23 163
4.840000 19 164
4.880000 17 164
4.920000 12 164
4.960000 8 162
5.000000 6 161
5.040000 2 160
5.080000 2 159
5.120000 2 159
5.160000 2 159
5.200000 2 159
5.240000 2 159
5.280000 2 159
5.320000 2 159
5.360000 2 159
5.400000 2 159
5.440000 2 159
5.480000 2 159
5.520000 2 159
5.560000 2 159
5.600000 2 159
5.640000 2 159
5.680000 2 159
