0.000000 309 180
0.040000 309 180
0.080000 309 180
0.120000 309 180
0.160000 309 180
0.200000 309 180
0.240000 309 180
0.280000 309 180
0.320000 309 180
0.360000 309 180
0.400000 309 180
0.440000 309 180
0.480000 309 180
0.520000 309 180
0.560000 309 180
0.600000 309 180
0.640000 309 180
0.680000 309 180
0.720000 309 180
0.760000 309 180
0.800000 309 180
0.840000 309 180
0.880000 309 180
0.920000 309 180
0.960000 309 180
1.000000 309 180
1.040000 309 180
1.080000 309 180
1.120000 309 180
1.160000 309 180
1.200000 309 180
1.240000 309 180
1.280000 309 180
1.320000 309 180
1.360000 309 180
1.400000 309 180
1.440000 309 180
1.480000 309 180
1.520000 309 180
1.560000 309 180
1.600000 309 180
1.640000 309 180
1.680000 309 180
1.720000 309 180
1.760000 309 180
1.800000 309 180
1.840000 309 180
1.880000 309 180
1.920000 309 180
1.960000 309 180
2.000000 309 180
2.040000 304 180
2.080000 300 179
2.120000 296 179
2.160000 293 179
2.200000 288 180
2.240000 284 180
2.280000 281 181
2.320000 277 181
2.360000 272 182
2.400000 268 181
2.440000 264 181
2.480000 261 181
2.520000 257 181
2.560000 251 180
2.600000 247 180
2.640000 242 179
2.680000 240 180
2.720000 236 180
2.760000 231 180
2.800000 226 180
2.840000 221 181
2.880000 218 182
2.920000 214 181
2.960000 210 181
3.000000 205 181
3.040000 200 180
3.080000 196 180
3.120000 191 180
3.160000 187 180
3.200000 182 180
3.240000 179 181
3.280000 173 181
3.320000 168 182
3.360000 164 184
3.400000 160 183
3.440000 157 184
3.480000 151 183
3.520000 147 182
3.560000 142 181
3.600000 138 181
3.640000 132 180
3.680000 127 181
3.720000 123 182
3.760000 119 182
3.800000 115 182
3.840000 111 182
3.880000 106 182
3.920000 101 182
3.960000 97 182
4.000000 94 181
4.040000 90 181
4.080000 85 180
4.120000 81 178
4.160000 77 180
4.200000 73 180
4.240000 67 180
4.280000 64 180
4.320000 60 180
4.360000 55 180
4.400000 50 180
4.440000 47 180
4.480000 44 178
4.520000 38 176
4.560000 34 176
4.600000 29 175
4.640000 25 175
4.680000 21 175
4.720000 18 175
4.760000 13 176
4.800000 10 176
4.840000 7 176
4.880000 2 176
4.920000 2 174
4.960000 2 174
5.000000 2 174
5.040000 2 174
5.080000 2 174
5.120000 2 174
5.160000 2 174
5.200000 2 174
5.240000 2 174
5.280000 2 174
5.320000 2 174
5.360000 2 174
5.400000 2 174
5.440000 2 174
5.480000 2 174
5.520000 2 174
5.560000 2 174
5.600000 2 174
5.640000 2 174
5.680000 2 174
