2.040000 320 67
2.080000 320 67
2.160000 320 67
2.200000 313 66
2.240000 314 65
2.280000 314 66
2.320000 314 66
2.360000 314 65
2.400000 313 67
2.440000 312 67
2.480000 310 67
2.520000 308 71
2.560000 303 71
2.600000 296 71
2.640000 288 71
2.680000 277 64
2.720000 273 62
2.760000 262 61
2.800000 253 60
2.840000 246 60
2.880000 242 58
2.920000 241 57
2.960000 241 57
3.000000 241 57
3.040000 241 56
3.080000 241 57
3.120000 241 58
3.160000 241 61
3.200000 241 59
3.240000 241 58
3.280000 241 58
3.320000 240 59
3.360000 240 60
3.400000 238 61
3.440000 236 62
3.480000 230 66
3.520000 221 67
3.560000 215 67
3.600000 201 65
3.640000 195 60
3.680000 196 59
3.720000 195 61
3.760000 163 56
3.800000 157 57
3.840000 154 56
3.880000 153 56
3.920000 153 56
3.960000 153 56
4.000000 153 56
4.040000 153 56
4.080000 153 56
4.120000 153 57
4.160000 153 56
4.200000 153 56
4.240000 153 56
4.280000 116 61
4.320000 152 58
4.360000 149 61
4.400000 147 61
4.440000 111 60
4.480000 133 66
4.520000 123 67
4.560000 113 63
4.600000 106 59
4.640000 94 59
4.680000 84 57
4.720000 75 56
4.760000 70 57
4.800000 68 56
4.840000 66 56
4.880000 103 66
4.920000 96 69
4.960000 66 56
5.000000 67 56
5.040000 67 57
5.080000 67 57
5.120000 67 57
5.160000 66 58
5.200000 66 58
5.240000 65 59
5.280000 64 61
5.320000 59 63
5.360000 54 66
5.400000 45 68
5.440000 34 67
5.480000 29 62
5.520000 19 62
5.560000 12 60
5.600000 2 60
5.640000 2 58
5.760000 24 69
5.840000 12 72
5.880000 6 72
