2.040000 313 163
2.080000 310 163
2.120000 308 163
2.160000 305 164
2.200000 301 163
2.240000 299 164
2.280000 295 163
2.320000 293 162
2.360000 288 162
2.400000 287 161
2.440000 283 161
2.480000 279 161
2.520000 276 163
2.560000 273 163
2.600000 269 163
2.640000 267 165
2.680000 263 165
2.720000 262 165
2.760000 257 165
2.800000 255 165
2.840000 251 165
2.880000 247 165
2.920000 246 165
2.960000 242 165
3.000000 238 165
3.040000 235 166
3.080000 231 167
3.120000 227 167
3.160000 225 167
3.200000 220 167
3.240000 216 166
3.280000 214 165
3.320000 210 165
3.360000 205 165
3.400000 201 165
3.440000 198 165
3.480000 194 165
3.520000 190 165
3.560000 186 166
3.600000 184 166
3.640000 179 167
3.680000 175 167
3.720000 173 166
3.760000 169 165
3.800000 164 165
3.840000 162 165
3.880000 158 165
3.920000 153 165
3.960000 149 165
4.000000 145 166
4.040000 142 166
4.080000 138 166
4.120000 133 166
4.160000 130 166
4.200000 127 165
4.240000 122 165
4.280000 119 164
4.320000 115 163
4.360000 111 162
4.400000 107 161
4.440000 103 161
4.480000 101 161
4.520000 96 163
4.560000 93 163
4.600000 90 163
4.640000 86 164
4.680000 82 162
4.720000 80 163
4.760000 75 161
4.800000 70 161
4.840000 68 163
4.880000 64 164
4.920000 60 164
4.960000 55 165
5.000000 53 165
5.040000 49 165
5.080000 44 165
5.120000 42 164
5.160000 38 164
5.200000 34 164
5.240000 31 163
5.280000 28 162
5.320000 23 162
5.360000 21 163
5.400000 18 163
5.440000 14 163
5.480000 12 164
5.520000 8 163
5.560000 6 161
5.600000 2 161
5.640000 2 160
5.680000 2 159
