1.680000 299 57
1.720000 298 56
1.760000 299 56
1.800000 298 56
1.840000 277 60
1.880000 298 56
1.920000 254 65
1.960000 249 65
2.000000 247 61
2.040000 297 56
2.080000 246 56
2.120000 293 56
2.160000 246 56
2.200000 275 56
2.240000 257 56
2.280000 247 54
2.320000 231 50
2.360000 217 52
2.400000 205 56
2.440000 199 57
2.480000 195 54
2.520000 195 51
2.560000 195 50
2.600000 195 50
2.640000 195 50
2.680000 195 51
2.720000 195 50
2.760000 195 50
2.800000 173 56
2.840000 194 50
2.880000 194 50
2.920000 142 61
2.960000 195 50
3.000000 194 49
3.040000 192 50
3.080000 185 50
3.120000 174 52
3.160000 138 54
3.200000 138 54
3.240000 130 50
3.280000 138 54
3.320000 100 55
3.360000 90 58
3.400000 86 57
3.440000 85 55
3.480000 84 52
3.520000 137 53
3.560000 84 52
3.600000 117 56
3.640000 83 51
3.680000 84 51
3.720000 81 51
3.760000 82 51
3.800000 51 62
3.840000 83 50
3.880000 83 50
3.920000 82 50
3.960000 81 50
4.000000 79 54
4.040000 71 55
4.080000 60 55
4.120000 44 56
4.160000 34 55
4.200000 25 55
4.240000 11 56
4.280000 6 61
4.320000 1 61
4.400000 1 58
4.480000 2 56
4.520000 2 56
