1.560000 309 61
1.600000 309 61
1.640000 309 61
1.680000 309 61
1.720000 309 61
1.760000 309 67
1.800000 299 66
1.840000 310 63
1.880000 277 61
1.920000 308 61
1.960000 308 62
2.000000 307 64
2.040000 260 60
2.080000 302 67
2.120000 258 61
2.160000 288 69
2.200000 258 61
2.240000 258 62
2.280000 261 61
2.320000 260 60
2.360000 258 61
2.400000 258 61
2.440000 258 61
2.480000 257 61
2.520000 256 63
2.560000 251 66
2.600000 243 69
2.640000 235 67
2.680000 225 67
2.720000 210 66
2.760000 196 60
2.800000 208 56
2.840000 171 59
2.880000 159 59
2.920000 206 56
2.960000 153 57
3.000000 153 56
3.040000 151 56
3.080000 151 56
3.120000 150 56
3.160000 164 65
3.200000 153 65
3.240000 151 58
3.280000 151 58
3.320000 151 56
3.360000 151 57
3.400000 149 58
3.440000 148 60
3.480000 146 61
3.520000 95 56
3.560000 132 67
3.600000 95 56
3.640000 111 66
3.680000 97 64
3.720000 85 61
3.760000 72 61
3.800000 95 56
3.840000 53 61
3.880000 49 61
3.920000 49 61
3.960000 48 60
4.000000 47 59
4.040000 45 59
4.080000 45 59
4.120000 44 61
4.160000 48 61
4.200000 32 61
4.240000 45 61
4.280000 45 61
4.320000 45 61
4.360000 44 61
4.400000 44 62
4.440000 40 65
4.480000 34 68
4.560000 19 69
