1.080000 301 66
1.120000 289 65
1.160000 320 60
1.240000 320 61
1.280000 320 65
1.320000 320 67
1.360000 320 70
1.400000 309 74
1.440000 299 74
1.480000 288 71
1.520000 277 68
1.560000 268 61
1.600000 251 59
1.640000 238 60
1.680000 226 61
1.720000 220 61
1.760000 217 61
1.800000 215 59
1.840000 212 57
1.880000 212 57
1.920000 212 58
1.960000 212 58
2.000000 212 58
2.040000 214 59
2.080000 213 59
2.120000 212 59
2.160000 212 57
2.200000 212 57
2.240000 212 59
2.280000 211 59
2.320000 210 61
2.360000 209 61
2.400000 205 65
2.440000 198 69
2.480000 188 71
2.520000 177 70
2.560000 164 68
2.600000 149 61
2.640000 138 61
2.680000 148 57
2.720000 108 56
2.760000 96 57
2.800000 90 58
2.840000 85 59
2.880000 85 56
2.920000 84 56
2.960000 84 56
3.000000 84 56
3.040000 84 56
3.080000 84 56
3.120000 85 56
3.160000 85 56
3.200000 85 56
3.240000 85 56
3.280000 85 56
3.320000 84 56
3.360000 84 57
3.400000 82 56
3.440000 80 60
3.480000 75 63
3.520000 66 67
3.560000 58 70
3.600000 48 70
3.640000 38 71
3.680000 32 60
3.720000 32 61
3.760000 8 61
3.800000 2 59
4.000000 27 66
