0.000000 313 93
0.040000 313 93
0.080000 313 93
0.120000 313 93
0.160000 313 93
0.200000 313 93
0.240000 313 93
0.280000 313 93
0.320000 313 93
0.360000 313 93
0.400000 313 93
0.440000 313 93
0.480000 313 93
0.520000 313 93
0.560000 313 93
0.600000 313 93
0.640000 313 93
0.680000 313 93
0.720000 313 93
0.760000 313 93
0.800000 313 93
0.840000 313 93
0.880000 313 93
0.920000 313 93
0.960000 313 93
1.000000 313 93
1.040000 313 93
1.080000 313 93
1.120000 313 93
1.160000 313 93
1.200000 313 93
1.240000 313 93
1.280000 313 93
1.320000 313 93
1.360000 313 93
1.400000 313 93
1.440000 313 93
1.480000 313 93
1.520000 313 93
1.560000 313 93
1.600000 313 93
1.640000 313 93
1.680000 313 93
1.720000 313 93
1.760000 313 93
1.800000 313 93
1.840000 313 93
1.880000 305 96
1.920000 298 96
1.960000 293 96
2.000000 288 93
2.040000 286 93
2.080000 282 91
2.120000 278 91
2.160000 274 89
2.200000 271 91
2.240000 267 91
2.280000 262 91
2.320000 260 91
2.360000 262 91
2.400000 257 92
2.440000 257 96
2.480000 257 94
2.520000 255 93
2.560000 253 92
2.600000 251 92
2.640000 247 91
2.680000 244 91
2.720000 237 92
2.760000 229 91
2.800000 220 92
2.840000 205 90
2.880000 202 91
2.920000 194 93
2.960000 188 93
3.000000 179 95
3.040000 174 93
3.080000 197 87
3.120000 168 89
3.160000 164 89
3.200000 184 87
3.240000 154 89
3.280000 149 89
3.320000 146 87
3.360000 146 87
3.400000 140 87
3.440000 140 93
3.480000 141 92
3.520000 139 87
3.560000 138 87
3.600000 136 87
3.640000 132 87
3.680000 127 87
3.720000 123 87
3.760000 112 88
3.800000 103 89
3.840000 82 87
3.880000 85 88
3.920000 77 91
3.960000 79 93
4.000000 64 93
4.040000 59 92
4.080000 55 91
4.120000 70 87
4.160000 68 87
4.200000 61 87
4.240000 55 87
4.280000 44 87
4.320000 34 87
4.360000 29 87
4.400000 25 87
4.440000 29 91
4.480000 26 92
4.520000 24 90
4.560000 23 87
4.600000 21 87
4.640000 18 87
4.680000 9 92
4.720000 9 92
4.760000 9 92
4.800000 9 92
4.840000 9 92
4.880000 9 92
4.920000 9 92
4.960000 9 92
5.000000 9 92
5.040000 9 92
5.080000 9 92
5.120000 9 92
5.160000 9 92
5.200000 9 92
5.240000 9 92
5.280000 9 92
5.320000 9 92
5.360000 9 92
5.400000 9 92
5.440000 9 92
5.480000 9 92
5.520000 9 92
5.560000 9 92
