1.480000 320 118
1.520000 320 114
1.560000 311 116
1.600000 303 118
1.640000 294 118
1.680000 287 119
1.720000 278 119
1.760000 270 119
1.800000 264 120
1.840000 257 118
1.880000 255 119
1.920000 253 118
1.960000 251 117
2.000000 251 118
2.040000 251 118
2.080000 251 118
2.120000 247 117
2.160000 247 117
2.200000 244 118
2.240000 236 115
2.280000 231 114
2.320000 223 114
2.360000 215 114
2.400000 205 114
2.440000 196 115
2.480000 187 117
2.520000 177 116
2.560000 168 116
2.600000 160 115
2.640000 155 115
2.680000 149 115
2.720000 146 113
2.760000 143 113
2.800000 142 113
2.840000 142 115
2.880000 142 117
2.920000 139 117
2.960000 138 117
3.000000 134 116
3.040000 131 117
3.080000 127 115
3.120000 120 113
3.160000 112 113
3.200000 103 113
3.240000 92 113
3.280000 85 115
3.320000 74 113
3.360000 64 114
3.400000 55 114
3.440000 49 117
3.480000 44 118
3.520000 40 117
3.560000 36 116
3.600000 33 113
3.640000 33 113
3.680000 33 113
3.720000 33 114
3.760000 29 115
3.800000 29 115
3.840000 32 115
3.880000 29 115
3.920000 25 115
3.960000 20 114
4.000000 14 113
4.080000 2 113
