1.360000 320 114
1.400000 316 114
1.440000 310 115
1.480000 304 117
1.520000 301 118
1.560000 296 119
1.600000 292 118
1.640000 288 118
1.680000 284 119
1.720000 288 119
1.760000 277 117
1.800000 277 117
1.840000 268 117
1.880000 268 116
1.920000 257 115
1.960000 252 116
2.000000 247 118
2.040000 244 119
2.080000 240 119
2.120000 236 119
2.160000 231 118
2.200000 227 117
2.240000 216 115
2.280000 212 115
2.320000 206 115
2.360000 200 117
2.400000 195 116
2.440000 190 118
2.480000 185 117
2.520000 190 118
2.560000 175 115
2.600000 179 116
2.640000 169 115
2.680000 168 115
2.720000 155 113
2.760000 150 113
2.800000 152 116
2.840000 142 116
2.880000 138 118
2.920000 133 117
2.960000 129 115
3.000000 126 114
3.040000 122 113
3.080000 117 113
3.120000 111 113
3.160000 105 113
3.200000 96 113
3.240000 93 115
3.280000 86 117
3.320000 89 118
3.360000 84 118
3.400000 79 116
3.440000 75 116
3.480000 69 114
3.520000 62 113
3.560000 58 114
3.600000 55 114
3.640000 51 114
3.680000 49 115
3.720000 44 117
3.760000 40 118
3.800000 34 118
3.840000 29 117
3.880000 27 115
3.920000 23 114
3.960000 18 114
4.000000 12 114
4.040000 10 113
4.080000 6 115
4.120000 2 116
