1.400000 314 154
1.440000 309 152
1.480000 303 151
1.520000 300 152
1.560000 297 153
1.600000 293 154
1.640000 290 155
1.680000 286 155
1.720000 283 155
1.760000 278 155
1.800000 273 154
1.840000 268 154
1.880000 264 154
1.920000 260 154
1.960000 256 154
2.000000 249 155
2.040000 243 155
2.080000 241 155
2.120000 235 155
2.160000 231 154
2.200000 225 154
2.240000 216 153
2.280000 210 154
2.320000 205 154
2.360000 201 154
2.400000 196 155
2.440000 191 155
2.480000 187 156
2.520000 184 155
2.560000 177 155
2.600000 173 154
2.640000 169 154
2.680000 168 154
2.720000 161 154
2.760000 155 154
2.800000 151 154
2.840000 142 155
2.880000 136 155
2.920000 132 155
2.960000 127 155
3.000000 122 154
3.040000 119 154
3.080000 114 154
3.120000 107 154
3.160000 103 153
3.200000 97 153
3.240000 93 154
3.280000 86 154
3.320000 87 155
3.360000 84 155
3.400000 79 155
3.440000 75 154
3.480000 69 154
3.520000 64 152
3.560000 60 151
3.600000 55 151
3.640000 53 152
3.680000 49 151
3.720000 44 154
3.760000 39 154
3.800000 34 154
3.840000 27 154
3.880000 26 152
3.920000 21 151
3.960000 18 150
4.000000 12 150
4.040000 8 150
4.080000 5 150
