0.000000 320 133
0.040000 320 133
0.080000 320 133
0.120000 320 133
0.160000 320 133
0.200000 320 133
0.240000 320 133
0.280000 320 133
0.320000 320 133
0.360000 320 133
0.400000 320 133
0.440000 320 133
0.480000 320 133
0.520000 320 133
0.560000 320 133
0.600000 320 133
0.640000 320 133
0.680000 320 133
0.720000 320 133
0.760000 320 133
0.800000 320 133
0.840000 320 133
0.880000 320 133
0.920000 320 133
0.960000 320 133
1.000000 320 133
1.040000 320 133
1.080000 320 133
1.120000 320 133
1.160000 320 133
1.200000 320 133
1.240000 320 133
1.280000 320 133
1.320000 320 133
1.360000 320 133
1.400000 320 133
1.440000 320 133
1.480000 320 133
1.520000 320 133
1.560000 320 133
1.600000 320 133
1.640000 320 133
1.680000 320 133
1.720000 320 133
1.760000 320 133
1.800000 320 133
1.840000 320 133
1.880000 320 133
1.920000 320 133
1.960000 320 133
2.000000 320 133
2.040000 320 133
2.080000 320 133
2.120000 320 133
2.160000 320 133
2.200000 320 133
2.240000 320 133
2.280000 320 133
2.320000 320 133
2.360000 310 139
2.400000 320 135
2.440000 320 133
2.480000 320 131
2.520000 314 134
2.560000 310 134
2.600000 308 133
2.640000 303 133
2.680000 298 133
2.720000 292 133
2.760000 285 133
2.800000 279 133
2.840000 273 134
2.880000 267 133
2.920000 261 133
2.960000 253 132
3.000000 247 133
3.040000 244 133
3.080000 241 133
3.120000 236 132
3.160000 236 133
3.200000 232 132
3.240000 231 133
3.280000 227 133
3.320000 226 133
3.360000 225 131
3.400000 221 132
3.440000 219 133
3.480000 215 132
3.520000 209 133
3.560000 201 133
3.600000 195 132
3.640000 188 133
3.680000 179 133
3.720000 173 134
3.760000 166 133
3.800000 159 133
3.840000 153 133
3.880000 146 133
3.920000 140 133
3.960000 136 133
4.000000 132 132
4.040000 127 130
4.080000 127 132
4.120000 123 133
4.160000 121 133
4.200000 117 132
4.240000 116 130
4.280000 113 131
4.320000 111 130
4.360000 107 130
4.400000 101 129
4.440000 95 130
4.480000 89 129
4.520000 84 130
4.560000 75 132
4.600000 70 129
4.640000 64 132
4.680000 57 133
4.720000 50 132
4.760000 45 133
4.800000 40 133
4.840000 36 132
4.880000 33 132
4.920000 30 133
4.960000 28 132
5.000000 27 130
5.040000 23 131
5.080000 22 133
5.120000 23 130
5.160000 19 131
5.200000 17 129
5.240000 13 129
5.280000 6 129
5.320000 2 128
5.360000 2 128
5.400000 2 128
5.440000 2 128
5.480000 2 128
5.520000 2 128
5.560000 2 128
5.600000 2 128
5.640000 2 128
5.680000 2 128
5.720000 2 128
5.760000 2 128
5.800000 2 128
5.840000 2 128
5.880000 2 128
5.920000 2 128
5.960000 2 128
6.000000 2 128
6.040000 2 128
6.080000 2 128
6.120000 2 128
6.160000 2 128
6.200000 2 128
6.240000 2 128
6.280000 2 128
6.320000 2 128
6.360000 2 128
6.400000 2 128
6.440000 2 128
6.480000 2 128
6.520000 2 128
6.560000 2 128
6.600000 2 128
6.640000 2 128
6.680000 2 128
6.720000 2 128
6.760000 2 128
6.800000 2 128
6.840000 2 128
6.880000 2 128
6.920000 2 128
6.960000 2 128
7.000000 2 128
7.040000 2 128
7.080000 2 128
7.120000 2 128
7.160000 2 128
7.200000 2 128
7.240000 2 128
7.280000 2 128
7.320000 2 128
7.360000 2 128
7.400000 2 128
7.440000 2 128
7.480000 2 128
7.520000 2 128
7.560000 2 128
7.600000 2 128
7.640000 2 128
7.680000 2 128
7.720000 2 128
7.760000 2 128
7.800000 2 128
7.840000 2 128
7.880000 2 128
7.920000 2 128
7.960000 2 128
8.000000 2 128
8.040000 2 128
8.080000 2 128
8.120000 2 128
