0.000000 320 153
0.040000 320 153
0.080000 320 153
0.120000 320 153
0.160000 320 153
0.200000 320 153
0.240000 320 153
0.280000 320 153
0.320000 320 153
0.360000 320 153
0.400000 320 153
0.440000 320 153
0.480000 320 153
0.520000 320 153
0.560000 320 153
0.600000 320 153
0.640000 320 153
0.680000 320 153
0.720000 320 153
0.760000 320 153
0.800000 320 153
0.840000 320 153
0.880000 320 153
0.920000 320 153
0.960000 320 153
1.000000 320 153
1.040000 320 153
1.080000 320 153
1.120000 320 153
1.160000 320 153
1.200000 320 153
1.240000 320 153
1.280000 320 153
1.320000 320 153
1.360000 320 153
1.400000 320 153
1.440000 320 153
1.480000 320 153
1.520000 320 153
1.560000 320 153
1.600000 320 153
1.640000 320 153
1.680000 320 153
1.720000 320 153
1.760000 320 153
1.800000 320 153
1.840000 320 153
1.880000 320 153
1.920000 320 153
1.960000 320 153
2.000000 320 153
2.040000 320 153
2.080000 320 153
2.120000 320 153
2.160000 320 153
2.200000 320 153
2.240000 320 153
2.280000 320 153
2.320000 320 153
2.360000 314 155
2.400000 310 154
2.440000 308 152
2.480000 304 150
2.520000 299 150
2.560000 296 150
2.600000 293 150
2.640000 288 150
2.680000 284 150
2.720000 282 152
2.760000 278 152
2.800000 273 154
2.840000 270 154
2.880000 267 154
2.920000 262 154
2.960000 258 152
3.000000 253 150
3.040000 249 151
3.080000 244 151
3.120000 240 153
3.160000 235 154
3.200000 231 154
3.240000 226 154
3.280000 221 154
3.320000 218 154
3.360000 214 151
3.400000 210 151
3.440000 205 150
3.480000 199 150
3.520000 195 151
3.560000 190 152
3.600000 184 154
3.640000 180 154
3.680000 176 154
3.720000 172 154
3.760000 168 154
3.800000 163 154
3.840000 158 154
3.880000 153 154
3.920000 149 152
3.960000 143 152
4.000000 138 154
4.040000 134 154
4.080000 130 154
4.120000 126 155
4.160000 121 154
4.200000 116 154
4.240000 111 152
4.280000 107 151
4.320000 102 151
4.360000 97 150
4.400000 93 150
4.440000 90 151
4.480000 85 152
4.520000 80 152
4.560000 76 153
4.600000 73 152
4.640000 69 154
4.680000 65 152
4.720000 60 150
4.760000 56 150
4.800000 52 149
4.840000 48 149
4.880000 44 150
4.920000 39 150
4.960000 36 150
5.000000 32 150
5.040000 28 152
5.080000 23 152
5.120000 21 150
5.160000 18 150
5.200000 13 149
5.240000 9 149
5.280000 1 149
5.320000 2 148
5.360000 2 148
5.400000 2 148
5.440000 2 148
5.480000 2 148
5.520000 2 148
5.560000 2 148
5.600000 2 148
5.640000 2 148
5.680000 2 148
5.720000 2 148
5.760000 2 148
5.800000 2 148
5.840000 2 148
5.880000 2 148
5.920000 2 148
5.960000 2 148
6.000000 2 148
6.040000 2 148
6.080000 2 148
6.120000 2 148
6.160000 2 148
6.200000 2 148
6.240000 2 148
6.280000 2 148
6.320000 2 148
6.360000 2 148
6.400000 2 148
6.440000 2 148
6.480000 2 148
6.520000 2 148
6.560000 2 148
6.600000 2 148
6.640000 2 148
6.680000 2 148
6.720000 2 148
6.760000 2 148
6.800000 2 148
6.840000 2 148
6.880000 2 148
6.920000 2 148
6.960000 2 148
7.000000 2 148
7.040000 2 148
7.080000 2 148
7.120000 2 148
7.160000 2 148
7.200000 2 148
7.240000 2 148
7.280000 2 148
7.320000 2 148
7.360000 2 148
7.400000 2 148
7.440000 2 148
7.480000 2 148
7.520000 2 148
7.560000 2 148
7.600000 2 148
7.640000 2 148
7.680000 2 148
7.720000 2 148
7.760000 2 148
7.800000 2 148
7.840000 2 148
7.880000 2 148
7.920000 2 148
7.960000 2 148
8.000000 2 148
8.040000 2 148
8.080000 2 148
8.120000 2 148
