0.000000 314 153
0.040000 314 153
0.080000 314 153
0.120000 314 153
0.160000 314 153
0.200000 314 153
0.240000 314 153
0.280000 314 153
0.320000 314 153
0.360000 314 153
0.400000 314 153
0.440000 314 153
0.480000 314 153
0.520000 314 153
0.560000 314 153
0.600000 314 153
0.640000 314 153
0.680000 314 153
0.720000 314 153
0.760000 314 153
0.800000 314 153
0.840000 314 153
0.880000 314 153
0.920000 314 153
0.960000 314 153
1.000000 314 153
1.040000 314 153
1.080000 314 153
1.120000 314 153
1.160000 314 153
1.200000 314 153
1.240000 314 153
1.280000 314 153
1.320000 314 153
1.360000 314 153
1.400000 314 153
1.440000 314 153
1.480000 314 153
1.520000 314 153
1.560000 314 153
1.600000 314 153
1.640000 314 153
1.680000 314 153
1.720000 314 153
1.760000 314 153
1.800000 314 153
1.840000 314 153
1.880000 314 153
1.920000 314 153
1.960000 314 153
2.000000 314 153
2.040000 314 153
2.080000 314 153
2.120000 314 153
2.160000 314 153
2.200000 314 153
2.240000 314 153
2.280000 314 153
2.320000 314 153
2.360000 310 154
2.400000 305 154
2.440000 303 152
2.480000 298 151
2.520000 294 150
2.560000 290 150
2.600000 287 150
2.640000 283 150
2.680000 279 151
2.720000 277 153
2.760000 273 154
2.800000 269 154
2.840000 267 154
2.880000 262 154
2.920000 258 154
2.960000 256 152
3.000000 251 152
3.040000 246 152
3.080000 241 152
3.120000 236 154
3.160000 231 154
3.200000 227 154
3.240000 223 154
3.280000 218 154
3.320000 213 154
3.360000 210 152
3.400000 205 153
3.440000 200 152
3.480000 195 152
3.520000 190 154
3.560000 185 154
3.600000 181 154
3.640000 178 154
3.680000 173 154
3.720000 169 155
3.760000 165 155
3.800000 160 155
3.840000 157 154
3.880000 153 154
3.920000 150 152
3.960000 143 153
4.000000 137 154
4.040000 134 154
4.080000 131 155
4.120000 127 155
4.160000 123 155
4.200000 117 154
4.240000 109 153
4.280000 106 153
4.320000 102 153
4.360000 97 152
4.400000 94 152
4.440000 92 153
4.480000 87 154
4.520000 81 154
4.560000 80 154
4.600000 75 153
4.640000 71 154
4.680000 69 151
4.720000 65 150
4.760000 60 150
4.800000 56 149
4.840000 53 149
4.880000 49 149
4.920000 44 150
4.960000 39 150
5.000000 36 150
5.040000 32 152
5.080000 29 151
5.120000 23 150
5.160000 21 150
5.200000 18 149
5.240000 13 149
5.280000 7 149
5.320000 5 149
5.360000 2 147
5.400000 2 147
5.440000 2 147
5.480000 2 147
5.520000 2 147
5.560000 2 147
5.600000 2 147
5.640000 2 147
5.680000 2 147
5.720000 2 147
5.760000 2 147
5.800000 2 147
5.840000 2 147
5.880000 2 147
5.920000 2 147
5.960000 2 147
6.000000 2 147
6.040000 2 147
6.080000 2 147
6.120000 2 147
6.160000 2 147
6.200000 2 147
6.240000 2 147
6.280000 2 147
6.320000 2 147
6.360000 2 147
6.400000 2 147
6.440000 2 147
6.480000 2 147
6.520000 2 147
6.560000 2 147
6.600000 2 147
6.640000 2 147
6.680000 2 147
6.720000 2 147
6.760000 2 147
6.800000 2 147
6.840000 2 147
6.880000 2 147
6.920000 2 147
6.960000 2 147
7.000000 2 147
7.040000 2 147
7.080000 2 147
7.120000 2 147
7.160000 2 147
7.200000 2 147
7.240000 2 147
7.280000 2 147
7.320000 2 147
7.360000 2 147
7.400000 2 147
7.440000 2 147
7.480000 2 147
7.520000 2 147
7.560000 2 147
7.600000 2 147
7.640000 2 147
7.680000 2 147
7.720000 2 147
7.760000 2 147
7.800000 2 147
7.840000 2 147
7.880000 2 147
7.920000 2 147
7.960000 2 147
8.000000 2 147
8.040000 2 147
8.080000 2 147
8.120000 2 147
