0.000000 320 91
0.040000 320 91
0.080000 320 91
0.120000 320 91
0.160000 320 91
0.200000 320 91
0.240000 320 91
0.280000 320 91
0.320000 320 91
0.360000 320 91
0.400000 320 91
0.440000 320 91
0.480000 320 91
0.520000 320 91
0.560000 320 91
0.600000 320 91
0.640000 320 91
0.680000 320 91
0.720000 320 91
0.760000 320 91
0.800000 320 91
0.840000 320 91
0.880000 320 91
0.920000 320 91
0.960000 320 91
1.000000 320 91
1.040000 320 91
1.080000 320 91
1.120000 320 91
1.160000 318 92
1.200000 316 92
1.240000 314 92
1.280000 303 93
1.320000 295 95
1.360000 288 96
1.400000 283 97
1.440000 277 97
1.480000 273 97
1.520000 271 96
1.560000 268 96
1.600000 266 96
1.640000 260 95
1.680000 255 95
1.720000 251 93
1.760000 247 93
1.800000 245 93
1.840000 244 92
1.880000 242 92
1.920000 240 93
1.960000 237 93
2.000000 236 93
2.040000 235 93
2.080000 233 91
2.120000 231 91
2.160000 226 91
2.200000 222 91
2.240000 217 88
2.280000 210 87
2.320000 200 87
2.360000 190 89
2.400000 181 91
2.440000 174 93
2.480000 167 93
2.520000 159 93
2.560000 153 93
2.600000 149 93
2.640000 147 92
2.680000 144 91
2.720000 141 91
2.760000 134 89
2.800000 127 87
2.840000 123 87
2.880000 121 90
2.920000 118 90
2.960000 117 91
3.000000 115 92
3.040000 114 91
3.080000 112 91
3.120000 111 91
3.160000 110 90
3.200000 107 88
3.240000 106 87
3.280000 101 87
3.320000 96 87
3.360000 91 87
3.400000 84 87
3.440000 75 87
3.480000 65 89
3.520000 59 89
3.560000 53 92
3.600000 47 93
3.640000 41 93
3.680000 38 93
3.720000 34 92
3.760000 32 91
3.800000 29 90
3.840000 25 89
3.880000 21 89
3.920000 18 91
3.960000 12 89
4.000000 9 89
4.040000 8 91
4.080000 7 89
4.120000 5 90
4.160000 4 90
4.200000 3 91
4.240000 2 91
4.280000 2 91
4.320000 2 91
4.360000 2 91
4.400000 2 91
4.440000 2 82
4.480000 2 82
4.520000 2 82
4.560000 2 82
4.600000 2 82
