0.000000 314 165
0.040000 314 165
0.080000 314 165
0.120000 314 165
0.160000 314 165
0.200000 314 165
0.240000 314 165
0.280000 314 165
0.320000 314 165
0.360000 314 165
0.400000 314 165
0.440000 314 165
0.480000 314 165
0.520000 314 165
0.560000 314 165
0.600000 314 165
0.640000 314 165
0.680000 314 165
0.720000 314 165
0.760000 314 165
0.800000 314 165
0.840000 314 165
0.880000 314 165
0.920000 314 165
0.960000 314 165
1.000000 314 165
1.040000 314 165
1.080000 314 165
1.120000 314 165
1.160000 314 165
1.200000 309 165
1.240000 305 165
1.280000 303 165
1.320000 298 166
1.360000 294 166
1.400000 289 167
1.440000 286 167
1.480000 283 167
1.520000 278 166
1.560000 274 165
1.600000 270 165
1.640000 267 165
1.680000 262 165
1.720000 257 165
1.760000 254 166
1.800000 250 167
1.840000 247 169
1.880000 244 169
1.920000 240 169
1.960000 236 169
2.000000 231 169
2.040000 228 169
2.080000 223 167
2.120000 220 167
2.160000 215 167
2.200000 212 167
2.240000 205 167
2.280000 201 167
2.320000 198 169
2.360000 191 169
2.400000 186 170
2.440000 182 170
2.480000 179 170
2.520000 177 170
2.560000 172 170
2.600000 170 170
2.640000 167 170
2.680000 158 169
2.720000 149 166
2.760000 151 167
2.800000 147 166
2.840000 138 166
2.880000 131 166
2.920000 125 167
2.960000 121 169
3.000000 117 169
3.040000 113 169
3.080000 112 170
3.120000 110 170
3.160000 110 169
3.200000 105 167
3.240000 101 165
3.280000 97 165
3.320000 92 165
3.360000 87 165
3.400000 81 165
3.440000 79 165
3.480000 72 167
3.520000 70 169
3.560000 66 169
3.600000 63 169
3.640000 58 168
3.680000 55 169
3.720000 51 168
3.760000 44 165
3.800000 44 165
3.840000 38 165
3.880000 31 164
3.920000 29 164
3.960000 23 163
4.000000 18 163
4.040000 21 165
4.080000 18 165
4.120000 16 165
4.160000 13 165
4.200000 6 163
4.240000 5 163
4.280000 4 162
4.320000 3 162
4.360000 2 160
4.400000 2 160
4.440000 2 160
4.480000 2 160
4.520000 2 160
4.560000 2 160
4.600000 2 160
