1.320000 309 159
1.360000 303 160
1.400000 299 161
1.440000 294 161
1.480000 290 163
1.520000 286 164
1.560000 283 164
1.600000 278 164
1.640000 273 164
1.680000 268 161
1.720000 263 161
1.760000 258 161
1.800000 254 161
1.840000 250 162
1.880000 245 164
1.920000 240 165
1.960000 235 165
2.000000 231 165
2.040000 225 165
2.080000 221 163
2.120000 215 161
2.160000 210 161
2.200000 205 161
2.240000 199 161
2.280000 194 163
2.320000 189 163
2.360000 184 164
2.400000 179 165
2.440000 173 165
2.480000 169 165
2.520000 164 165
2.560000 158 164
2.600000 153 162
2.640000 148 160
2.680000 143 160
2.720000 137 161
2.760000 132 161
2.800000 127 163
2.840000 123 163
2.880000 118 165
2.920000 114 165
2.960000 110 164
3.000000 106 162
3.040000 101 161
3.080000 95 160
3.120000 90 160
3.160000 85 160
3.200000 81 160
3.240000 75 161
3.280000 71 161
3.320000 66 164
3.360000 62 163
3.400000 58 163
3.440000 54 161
3.480000 49 160
3.520000 44 159
3.560000 39 158
3.600000 34 158
3.640000 29 159
3.680000 27 159
3.720000 23 160
3.760000 18 160
3.800000 15 161
3.840000 12 161
3.880000 8 160
3.960000 2 158
4.000000 2 159
