0.000000 308 97
0.040000 308 97
0.080000 308 97
0.120000 308 97
0.160000 308 97
0.200000 308 97
0.240000 308 97
0.280000 308 97
0.320000 308 97
0.360000 308 97
0.400000 308 97
0.440000 308 97
0.480000 308 97
0.520000 308 97
0.560000 308 97
0.600000 308 97
0.640000 308 97
0.680000 308 97
0.720000 308 97
0.760000 308 97
0.800000 308 97
0.840000 308 97
0.880000 308 97
0.920000 308 97
0.960000 308 97
1.000000 308 97
1.040000 308 97
1.080000 308 97
1.120000 308 97
1.160000 308 97
1.200000 308 97
1.240000 308 97
1.280000 308 97
1.320000 308 97
1.360000 308 97
1.400000 308 97
1.440000 308 97
1.480000 308 97
1.520000 308 97
1.560000 308 97
1.600000 308 97
1.640000 308 97
1.680000 308 97
1.720000 308 97
1.760000 308 97
1.800000 308 97
1.840000 308 97
1.880000 308 97
1.920000 308 97
1.960000 308 97
2.000000 308 97
2.040000 308 97
2.080000 308 97
2.120000 304 93
2.160000 299 92
2.200000 294 91
2.240000 315 87
2.280000 305 92
2.320000 298 91
2.360000 288 92
2.400000 282 92
2.440000 276 93
2.480000 278 93
2.520000 277 93
2.560000 275 92
2.600000 273 91
2.640000 271 91
2.680000 267 92
2.720000 261 92
2.760000 252 92
2.800000 241 92
2.840000 233 91
2.880000 226 89
2.920000 216 93
2.960000 210 93
3.000000 203 96
3.040000 199 95
3.080000 194 91
3.120000 190 88
3.160000 210 87
3.200000 179 87
3.240000 199 87
3.280000 169 88
3.320000 168 89
3.360000 164 87
3.400000 162 89
3.440000 162 91
3.480000 162 91
3.520000 160 87
3.560000 158 87
3.600000 157 85
3.640000 153 87
3.680000 147 87
3.720000 138 88
3.760000 127 89
3.800000 118 88
3.840000 100 86
3.880000 103 87
3.920000 95 91
3.960000 86 93
4.000000 80 93
4.040000 75 93
4.080000 73 91
4.120000 68 88
4.160000 64 87
4.200000 58 87
4.240000 54 87
4.280000 49 87
4.320000 48 87
4.360000 45 87
4.400000 44 88
4.440000 44 90
4.480000 43 88
4.520000 43 87
4.560000 40 87
4.600000 38 86
4.640000 34 87
4.680000 1 85
4.720000 23 87
4.760000 13 89
4.800000 13 89
4.840000 13 89
4.880000 13 89
4.920000 13 89
4.960000 13 89
5.000000 13 89
5.040000 13 89
5.080000 13 89
5.120000 13 89
5.160000 13 89
5.200000 13 89
5.240000 13 89
5.280000 13 89
5.320000 13 89
5.360000 13 89
5.400000 13 89
5.440000 13 89
5.480000 13 89
5.520000 13 89
5.560000 13 89
