2.280000 306 61
2.320000 306 60
2.360000 307 60
2.400000 313 72
2.440000 299 66
2.480000 288 65
2.520000 277 61
2.560000 266 61
2.600000 260 63
2.640000 257 60
2.680000 257 59
2.720000 257 58
2.760000 257 59
2.800000 257 57
2.840000 257 59
2.880000 257 63
2.920000 258 60
2.960000 257 59
3.000000 257 59
3.040000 257 59
3.080000 257 61
3.120000 254 61
3.160000 251 65
3.200000 244 67
3.240000 236 67
3.280000 225 67
3.320000 213 67
3.360000 199 61
3.400000 185 61
3.440000 173 59
3.480000 160 58
3.520000 153 57
3.560000 149 56
3.600000 148 55
3.640000 148 55
3.680000 147 55
3.720000 148 55
3.760000 147 55
3.800000 153 60
3.840000 149 56
3.880000 149 56
3.920000 149 56
3.960000 148 56
4.000000 148 56
4.040000 147 57
4.080000 142 61
4.120000 136 64
4.160000 127 66
4.200000 116 65
4.240000 104 63
4.280000 89 58
4.320000 75 59
4.360000 95 55
4.400000 54 59
4.440000 95 55
4.480000 46 56
4.520000 46 56
4.560000 81 61
4.600000 45 56
4.640000 45 56
4.680000 45 57
4.720000 49 58
4.760000 47 57
4.800000 46 56
4.840000 45 56
4.880000 45 56
4.920000 45 56
4.960000 44 59
5.000000 39 61
5.040000 33 66
5.120000 17 66
