2.280000 315 115
2.320000 312 114
2.360000 308 118
2.400000 303 118
2.440000 299 119
2.480000 296 118
2.520000 292 118
2.560000 288 117
2.600000 283 116
2.640000 277 115
2.680000 272 115
2.720000 267 117
2.760000 262 117
2.800000 258 117
2.840000 257 119
2.880000 251 119
2.920000 247 119
2.960000 246 118
3.000000 242 117
3.040000 236 114
3.080000 233 113
3.120000 227 114
3.160000 221 114
3.200000 215 114
3.240000 207 116
3.280000 201 116
3.320000 199 118
3.360000 195 117
3.400000 189 117
3.440000 184 117
3.480000 180 115
3.520000 175 114
3.560000 170 113
3.600000 164 113
3.640000 158 113
3.680000 157 113
3.720000 154 114
3.760000 147 116
3.800000 145 118
3.840000 142 115
3.880000 138 115
3.920000 136 113
3.960000 132 113
4.000000 127 113
4.040000 121 113
4.080000 113 112
4.120000 105 113
4.160000 102 116
4.200000 101 118
4.240000 96 118
4.280000 91 118
4.320000 85 115
4.360000 83 114
4.400000 76 113
4.440000 72 113
4.480000 64 112
4.520000 60 113
4.560000 59 113
4.600000 54 114
4.640000 50 115
4.680000 49 116
4.720000 44 118
4.760000 39 118
4.800000 34 116
4.840000 31 115
4.880000 27 113
4.920000 23 112
4.960000 18 112
5.000000 12 113
5.040000 8 113
5.120000 2 117
