2.280000 298 121
2.320000 296 119
2.360000 297 119
2.400000 297 119
2.520000 284 123
2.560000 278 122
2.600000 268 123
2.640000 262 123
2.680000 260 122
2.880000 246 121
2.920000 238 121
2.960000 229 119
3.000000 221 120
3.040000 214 120
3.080000 207 119
3.120000 203 120
3.160000 199 119
3.200000 198 119
3.240000 199 119
3.280000 196 119
3.600000 183 118
3.640000 176 117
3.880000 123 119
3.920000 117 121
3.960000 109 119
4.000000 102 119
4.040000 99 121
4.080000 94 119
4.120000 92 118
4.320000 94 117
4.360000 92 117
4.400000 91 117
4.440000 90 117
4.480000 86 117
4.520000 80 118
4.600000 65 117
4.640000 58 116
4.840000 15 119
4.880000 11 120
