2.880000 320 115
2.920000 320 113
2.960000 320 115
3.000000 311 118
3.040000 307 119
3.080000 303 120
3.120000 298 122
3.160000 294 123
3.200000 289 121
3.240000 286 121
3.280000 283 119
3.320000 277 119
3.360000 270 119
3.400000 267 118
3.440000 260 118
3.480000 255 118
3.520000 248 117
3.560000 242 120
3.600000 238 122
3.640000 235 122
3.680000 229 123
3.720000 225 123
3.760000 217 119
3.800000 211 118
3.840000 207 118
3.880000 201 117
3.920000 194 116
3.960000 188 117
4.000000 182 119
4.040000 178 119
4.080000 173 120
4.120000 168 122
4.160000 163 120
4.200000 158 119
4.240000 153 119
4.280000 147 118
4.320000 140 118
4.360000 134 117
4.400000 128 116
4.440000 123 117
4.480000 118 119
4.520000 112 119
4.560000 107 122
4.600000 101 122
4.640000 98 121
4.680000 91 119
4.720000 86 119
4.760000 81 119
4.800000 75 117
4.840000 69 116
4.880000 62 117
4.920000 56 118
4.960000 51 119
5.000000 49 119
5.040000 44 120
5.080000 41 120
5.120000 38 120
5.160000 33 119
5.200000 29 118
5.240000 23 117
5.280000 19 117
5.320000 14 117
5.360000 9 116
5.400000 2 115
5.440000 2 118
