1.920000 314 170
1.960000 309 170
2.000000 305 170
2.040000 303 171
2.080000 298 174
2.120000 294 173
2.160000 292 172
2.200000 288 173
2.240000 283 171
2.280000 281 171
2.320000 277 171
2.360000 273 170
2.400000 268 170
2.440000 265 170
2.480000 262 171
2.520000 257 171
2.560000 252 171
2.600000 248 171
2.640000 245 172
2.680000 241 172
2.720000 236 171
2.760000 231 171
2.800000 226 170
2.840000 222 170
2.880000 218 170
2.920000 213 170
2.960000 208 169
3.000000 205 170
3.040000 199 170
3.080000 195 170
3.120000 190 171
3.160000 186 171
3.200000 183 171
3.240000 179 171
3.280000 173 170
3.320000 169 170
3.360000 164 169
3.400000 160 167
3.440000 156 166
3.480000 151 166
3.520000 145 167
3.560000 142 167
3.600000 137 169
3.640000 132 170
3.680000 127 170
3.720000 123 171
3.760000 119 171
3.800000 116 170
3.840000 111 170
3.880000 106 170
3.920000 101 169
3.960000 96 169
4.000000 92 167
4.040000 88 169
4.080000 84 169
4.120000 80 169
4.160000 75 170
4.200000 70 170
4.240000 68 171
4.280000 64 171
4.320000 59 171
4.360000 55 170
4.400000 50 170
4.440000 47 169
4.480000 43 168
4.520000 38 167
4.560000 33 167
4.600000 29 167
4.640000 25 169
4.680000 23 169
4.720000 18 170
4.760000 14 170
4.800000 12 170
4.840000 8 170
4.920000 2 167
4.960000 2 167
5.000000 2 167
