0.840000 314 137
0.880000 310 138
0.920000 305 135
0.960000 303 134
1.000000 299 134
1.040000 294 133
1.080000 288 133
1.120000 283 135
1.160000 281 135
1.400000 253 135
1.440000 248 135
1.480000 243 134
1.520000 238 134
1.600000 240 135
1.760000 212 135
1.800000 210 135
1.840000 204 135
1.880000 199 137
1.920000 198 136
2.040000 180 133
2.080000 174 133
2.120000 170 133
2.240000 160 137
2.280000 157 137
2.400000 147 135
2.440000 142 135
2.480000 136 135
2.520000 132 135
2.560000 125 134
2.600000 116 135
2.680000 103 134
2.720000 97 134
2.760000 94 135
2.800000 97 139
2.920000 84 134
2.960000 79 134
3.080000 56 136
3.360000 37 134
3.400000 32 134
3.480000 23 134
3.520000 22 134
3.560000 13 133
3.600000 7 133
3.680000 8 134
