0.000000 304 64
0.040000 304 64
0.080000 304 64
0.120000 304 64
0.160000 304 64
0.200000 304 64
0.240000 304 64
0.280000 304 64
0.320000 304 64
0.360000 304 64
0.400000 304 64
0.440000 304 64
0.480000 304 64
0.520000 304 64
0.560000 304 64
0.600000 304 64
0.640000 304 64
0.680000 304 64
0.720000 304 64
0.760000 304 64
0.800000 304 64
0.840000 304 64
0.880000 304 64
0.920000 304 64
0.960000 304 64
1.000000 304 64
1.040000 304 64
1.080000 304 64
1.120000 304 64
1.160000 304 64
1.200000 304 64
1.240000 304 64
1.280000 304 64
1.320000 304 64
1.360000 304 64
1.400000 304 64
1.440000 304 64
1.480000 304 64
1.520000 304 64
1.560000 304 64
1.600000 304 64
1.640000 304 64
1.680000 304 64
1.720000 304 64
1.760000 304 64
1.800000 304 64
1.840000 304 64
1.880000 304 64
1.920000 304 64
1.960000 304 64
2.000000 304 64
2.040000 304 64
2.080000 304 64
2.120000 304 64
2.160000 304 64
2.200000 304 64
2.240000 304 64
2.280000 304 64
2.320000 304 64
2.360000 304 64
2.400000 304 64
2.440000 304 64
2.480000 304 64
2.520000 304 64
2.560000 304 64
2.600000 304 64
2.640000 304 64
2.680000 304 64
2.720000 304 64
2.760000 304 64
2.800000 304 64
2.840000 304 64
2.880000 296 65
2.920000 294 64
2.960000 292 63
3.000000 290 62
3.040000 288 61
3.080000 287 61
3.120000 287 61
3.160000 286 61
3.200000 286 61
3.240000 287 65
3.280000 286 62
3.320000 287 63
3.360000 287 61
3.400000 287 62
3.440000 286 61
3.480000 284 65
3.520000 283 66
3.560000 277 67
3.600000 268 70
3.640000 242 56
3.680000 251 69
3.720000 240 61
3.760000 230 62
3.800000 219 61
3.840000 208 61
3.880000 200 60
3.920000 241 56
3.960000 194 58
4.000000 236 61
4.040000 194 57
4.080000 221 66
4.120000 194 57
4.160000 194 61
4.200000 194 60
4.240000 194 59
4.280000 194 59
4.320000 194 59
4.360000 192 59
4.400000 190 60
4.440000 189 61
4.480000 184 65
4.520000 143 56
4.560000 168 68
4.600000 158 67
4.640000 147 66
4.680000 135 62
4.720000 122 61
4.760000 112 59
4.800000 105 60
4.840000 99 60
4.880000 140 57
4.920000 95 56
4.960000 95 56
5.000000 95 56
5.040000 95 56
5.080000 95 61
5.120000 95 59
5.160000 76 59
5.200000 65 56
5.240000 57 56
5.280000 52 57
5.320000 49 57
5.360000 90 61
5.400000 84 66
5.440000 76 68
5.480000 69 69
5.520000 60 69
5.560000 51 66
5.600000 42 63
5.640000 32 62
5.680000 23 61
5.720000 16 61
5.760000 12 61
5.800000 10 61
5.840000 8 61
5.880000 8 61
5.920000 7 61
5.960000 7 61
6.000000 7 61
6.040000 7 61
6.080000 7 61
6.120000 7 61
6.160000 7 61
6.200000 7 61
6.240000 7 61
6.280000 7 61
