0.000000 314 149
0.040000 314 149
0.080000 314 149
0.120000 314 149
0.160000 314 149
0.200000 314 149
0.240000 314 149
0.280000 314 149
0.320000 314 149
0.360000 314 149
0.400000 314 149
0.440000 314 149
0.480000 314 149
0.520000 314 149
0.560000 314 149
0.600000 314 149
0.640000 314 149
0.680000 314 149
0.720000 314 149
0.760000 314 149
0.800000 314 149
0.840000 314 149
0.880000 314 149
0.920000 314 149
0.960000 314 149
1.000000 314 149
1.040000 314 149
1.080000 314 149
1.120000 314 149
1.160000 314 149
1.200000 314 149
1.240000 314 149
1.280000 314 149
1.320000 314 149
1.360000 314 149
1.400000 314 149
1.440000 314 149
1.480000 314 149
1.520000 314 149
1.560000 314 149
1.600000 314 149
1.640000 314 149
1.680000 314 149
1.720000 314 149
1.760000 314 149
1.800000 314 149
1.840000 314 149
1.880000 314 149
1.920000 314 149
1.960000 314 149
2.000000 314 149
2.040000 314 149
2.080000 314 149
2.120000 314 149
2.160000 314 149
2.200000 314 149
2.240000 314 149
2.280000 314 149
2.320000 314 149
2.360000 314 149
2.400000 314 149
2.440000 314 149
2.480000 314 149
2.520000 314 149
2.560000 314 149
2.600000 314 149
2.640000 314 149
2.680000 314 149
2.720000 314 149
2.760000 314 149
2.800000 314 149
2.840000 314 149
2.880000 314 149
2.920000 314 149
2.960000 312 150
3.000000 308 150
3.040000 304 150
3.080000 299 150
3.120000 295 150
3.160000 292 151
3.200000 288 151
3.240000 283 152
3.280000 279 152
3.320000 275 151
3.360000 272 151
3.400000 268 150
3.440000 264 150
3.480000 261 149
3.520000 257 150
3.560000 255 151
3.600000 251 151
3.640000 245 154
3.680000 242 154
3.720000 238 154
3.760000 234 154
3.800000 231 154
3.840000 226 154
3.880000 221 152
3.920000 217 151
3.960000 212 152
4.000000 208 152
4.040000 203 152
4.080000 199 153
4.120000 195 154
4.160000 190 154
4.200000 185 154
4.240000 182 154
4.280000 178 154
4.320000 173 153
4.360000 168 152
4.400000 164 150
4.440000 158 150
4.480000 153 151
4.520000 148 152
4.560000 145 154
4.600000 141 154
4.640000 138 154
4.680000 136 154
4.720000 129 154
4.760000 125 154
4.800000 121 154
4.840000 118 153
4.880000 117 152
4.920000 110 152
4.960000 107 152
5.000000 101 153
5.040000 95 154
5.080000 91 154
5.120000 85 154
5.160000 81 154
5.200000 75 152
5.240000 70 151
5.280000 68 150
5.320000 64 149
5.360000 60 149
5.400000 55 149
5.440000 53 150
5.480000 51 150
5.520000 49 151
5.560000 46 152
5.600000 44 152
5.640000 40 151
5.680000 38 150
5.720000 33 149
5.760000 29 149
5.800000 27 148
5.840000 23 148
5.880000 14 148
5.920000 12 149
5.960000 11 149
6.000000 9 149
6.040000 8 149
6.080000 8 149
6.120000 8 149
6.160000 8 149
6.200000 8 149
6.240000 8 149
6.280000 8 149
