0.000000 313 117
0.040000 313 117
0.080000 313 117
0.120000 313 117
0.160000 313 117
0.200000 313 117
0.240000 313 117
0.280000 313 117
0.320000 313 117
0.360000 313 117
0.400000 313 117
0.440000 313 117
0.480000 313 117
0.520000 313 117
0.560000 313 117
0.600000 313 117
0.640000 313 117
0.680000 313 117
0.720000 313 117
0.760000 313 117
0.800000 313 117
0.840000 313 117
0.880000 313 117
0.920000 313 117
0.960000 313 117
1.000000 313 117
1.040000 313 117
1.080000 313 117
1.120000 313 117
1.160000 313 117
1.200000 313 117
1.240000 313 117
1.280000 313 117
1.320000 313 117
1.360000 313 117
1.400000 313 117
1.440000 313 117
1.480000 313 117
1.520000 313 117
1.560000 313 117
1.600000 313 117
1.640000 313 117
1.680000 313 117
1.720000 313 117
1.760000 313 117
1.800000 313 117
1.840000 313 117
1.880000 313 117
1.920000 313 117
1.960000 313 117
2.000000 313 117
2.040000 313 117
2.080000 313 117
2.120000 313 117
2.160000 313 117
2.200000 313 117
2.240000 313 117
2.280000 313 117
2.320000 313 117
2.360000 313 117
2.400000 313 117
2.440000 313 117
2.480000 313 117
2.520000 313 117
2.560000 313 117
2.600000 313 117
2.640000 313 117
2.680000 313 117
2.720000 313 117
2.760000 313 117
2.800000 313 117
2.840000 313 117
2.880000 313 117
2.920000 309 118
2.960000 306 118
3.000000 302 118
3.040000 299 118
3.080000 295 118
3.120000 292 119
3.160000 288 119
3.200000 285 119
3.240000 281 119
3.280000 272 119
3.320000 266 119
3.360000 258 119
3.400000 254 119
3.440000 249 119
3.480000 247 121
3.520000 244 119
3.560000 242 119
3.600000 237 118
3.640000 233 118
3.680000 229 118
3.720000 225 118
3.760000 221 118
3.800000 218 118
3.840000 214 118
3.880000 210 118
3.920000 206 118
3.960000 203 118
4.000000 199 117
4.040000 195 117
4.080000 191 117
4.120000 188 117
4.160000 184 117
4.200000 180 117
4.240000 176 117
4.280000 172 117
4.320000 169 117
4.360000 165 116
4.400000 161 116
4.440000 157 116
4.480000 154 116
4.520000 150 116
4.560000 146 116
4.600000 142 116
4.640000 139 116
4.680000 135 116
4.720000 131 116
4.760000 127 115
4.800000 124 115
4.840000 120 115
4.880000 116 115
4.920000 112 115
4.960000 108 115
5.000000 105 115
5.040000 101 115
5.080000 97 115
5.120000 93 114
5.160000 90 114
5.200000 86 114
5.240000 82 114
5.280000 78 114
5.320000 75 114
5.360000 71 114
5.400000 63 114
5.440000 60 114
5.480000 57 114
5.520000 54 114
5.560000 51 114
5.600000 48 114
5.640000 45 114
5.680000 42 114
5.720000 39 113
5.760000 36 113
5.800000 33 113
5.840000 29 112
5.880000 23 113
5.920000 18 111
5.960000 18 111
6.000000 18 111
6.040000 18 111
6.080000 18 111
6.120000 18 111
6.160000 18 111
6.200000 18 111
6.240000 18 111
6.280000 18 111
