2.320000 304 63
2.360000 320 70
2.400000 316 71
2.440000 308 62
2.480000 299 63
2.520000 283 60
2.560000 273 56
2.600000 266 57
2.640000 264 56
2.680000 262 56
2.720000 263 56
2.760000 263 56
2.800000 264 56
2.840000 264 56
2.880000 264 56
2.920000 264 57
2.960000 264 56
3.000000 263 56
3.040000 262 56
3.080000 216 61
3.120000 263 56
3.160000 263 59
3.200000 262 62
3.240000 257 66
3.280000 251 71
3.320000 242 71
3.360000 233 71
3.400000 221 69
3.440000 209 59
3.480000 196 60
3.520000 182 56
3.560000 169 56
3.600000 158 56
3.640000 153 56
3.680000 153 56
3.720000 153 56
3.760000 153 56
3.800000 153 56
3.840000 185 71
3.880000 153 56
3.920000 154 56
3.960000 153 56
4.000000 153 56
4.040000 123 58
4.080000 153 56
4.120000 101 59
4.160000 153 58
4.200000 101 56
4.240000 148 65
4.280000 144 69
4.320000 137 71
4.360000 127 71
4.400000 116 71
4.440000 106 68
4.480000 96 59
4.520000 81 58
4.560000 100 56
4.600000 100 56
4.640000 49 56
4.680000 48 56
4.720000 47 56
4.760000 95 66
4.800000 88 67
4.840000 48 56
4.880000 48 56
4.920000 47 56
4.960000 48 56
5.000000 45 57
5.040000 45 56
5.080000 46 56
5.120000 46 56
5.160000 45 56
5.200000 1 59
5.240000 44 61
5.280000 39 66
5.320000 32 68
5.360000 27 71
5.400000 18 71
