2.200000 320 120
2.240000 320 119
2.280000 320 118
2.320000 314 117
2.360000 310 119
2.400000 307 117
2.440000 303 117
2.480000 299 117
2.520000 298 117
2.560000 294 118
2.600000 290 117
2.640000 288 115
2.680000 283 115
2.720000 277 117
2.760000 273 118
2.800000 268 116
2.840000 265 118
2.880000 262 118
2.920000 258 119
2.960000 256 119
3.000000 252 119
3.040000 247 116
3.080000 245 116
3.120000 241 113
3.160000 235 113
3.200000 230 113
3.240000 225 115
3.280000 220 115
3.320000 216 118
3.360000 214 119
3.400000 210 119
3.440000 205 118
3.480000 199 117
3.520000 194 115
3.560000 190 114
3.600000 187 113
3.640000 182 113
3.680000 178 113
3.720000 171 113
3.760000 166 113
3.800000 160 115
3.840000 155 113
3.880000 155 118
3.920000 152 118
3.960000 145 119
4.000000 142 119
4.040000 138 117
4.080000 133 113
4.120000 131 114
4.160000 124 113
4.200000 120 114
4.240000 115 115
4.280000 108 115
4.320000 105 115
4.360000 101 118
4.400000 98 118
4.440000 95 117
4.480000 90 117
4.520000 86 117
4.560000 80 115
4.600000 75 113
4.640000 71 113
4.680000 68 112
4.720000 61 111
4.760000 56 113
4.800000 53 113
4.840000 48 115
4.880000 47 114
4.920000 44 117
4.960000 41 118
5.000000 37 117
5.040000 33 116
5.080000 29 114
5.120000 27 113
5.160000 23 113
5.200000 18 112
5.240000 14 112
5.280000 9 113
5.320000 6 113
5.360000 1 117
5.400000 2 118
