1.960000 301 61
2.000000 300 60
2.080000 320 74
2.120000 320 70
2.160000 317 73
2.200000 309 72
2.240000 294 64
2.280000 286 63
2.320000 275 61
2.360000 267 61
2.400000 261 60
2.440000 258 59
2.480000 258 58
2.520000 259 57
2.560000 259 57
2.600000 258 57
2.640000 257 58
2.680000 260 58
2.720000 261 59
2.760000 260 58
2.800000 260 59
2.840000 260 60
2.880000 259 61
2.920000 258 61
2.960000 257 65
3.000000 251 67
3.040000 246 71
3.080000 236 70
3.120000 225 67
3.160000 210 61
3.200000 198 61
3.240000 186 60
3.280000 174 58
3.320000 166 57
3.360000 163 57
3.400000 162 56
3.440000 162 56
3.480000 162 56
3.520000 162 56
3.560000 161 56
3.600000 161 57
3.640000 164 57
3.680000 162 58
3.720000 163 56
3.760000 163 57
3.800000 163 59
3.840000 162 60
3.880000 159 61
3.920000 155 66
3.960000 148 69
4.000000 138 70
4.040000 127 67
4.080000 117 65
4.120000 101 61
4.160000 90 61
4.200000 79 59
4.240000 70 58
4.280000 69 57
4.320000 65 56
4.360000 65 56
4.400000 65 56
4.440000 65 56
4.480000 68 56
4.520000 68 60
4.560000 66 57
4.600000 66 57
4.640000 67 58
4.680000 66 59
4.720000 65 61
4.760000 62 64
4.800000 58 69
4.840000 53 70
4.880000 43 70
4.920000 34 69
4.960000 27 69
5.000000 13 66
5.080000 2 66
5.120000 23 61
