1.960000 320 113
2.000000 315 112
2.040000 312 113
2.080000 308 113
2.120000 303 114
2.160000 299 115
2.200000 296 115
2.240000 294 115
2.280000 290 115
2.320000 288 115
2.360000 283 113
2.400000 281 113
2.440000 277 113
2.480000 272 113
2.520000 268 113
2.560000 262 113
2.600000 260 113
2.640000 257 115
2.680000 255 116
2.720000 252 115
2.760000 247 114
2.800000 243 113
2.840000 241 112
2.880000 236 112
2.920000 232 111
2.960000 226 112
3.000000 221 112
3.040000 217 113
3.080000 210 113
3.120000 207 113
3.160000 204 113
3.200000 200 114
3.240000 195 113
3.280000 191 113
3.320000 187 112
3.360000 183 111
3.400000 178 111
3.440000 172 112
3.480000 168 113
3.520000 163 113
3.560000 161 113
3.600000 160 114
3.640000 158 115
3.680000 152 115
3.720000 147 113
3.760000 142 113
3.800000 138 111
3.840000 136 108
3.880000 129 109
3.920000 122 111
3.960000 116 113
4.000000 110 113
4.040000 106 113
4.080000 105 113
4.120000 99 113
4.160000 96 113
4.200000 94 112
4.240000 90 110
4.280000 84 109
4.320000 81 110
4.360000 78 112
4.400000 73 113
4.440000 69 113
4.480000 64 114
4.520000 60 114
4.560000 58 115
4.600000 54 114
4.640000 49 113
4.680000 45 113
4.720000 40 113
4.760000 36 113
4.800000 32 113
4.840000 28 113
4.880000 24 113
4.920000 19 113
4.960000 18 115
5.000000 14 114
5.040000 10 115
5.080000 8 114
5.120000 6 113
5.160000 2 113
