1.920000 314 117
1.960000 312 119
2.000000 312 118
2.040000 308 118
2.080000 305 117
2.120000 301 113
2.160000 298 113
2.200000 294 112
2.240000 288 111
2.280000 284 110
2.320000 279 113
2.360000 275 113
2.400000 268 113
2.440000 263 115
2.480000 257 115
2.520000 249 118
2.560000 244 118
2.600000 238 115
2.640000 231 114
2.680000 225 114
2.720000 220 113
2.760000 216 113
2.800000 212 113
2.840000 210 113
2.880000 206 114
2.920000 205 115
2.960000 200 116
3.000000 199 115
3.040000 195 115
3.080000 190 115
3.120000 189 113
3.160000 184 113
3.200000 164 118
3.240000 174 112
3.280000 169 109
3.320000 164 109
3.360000 158 108
3.400000 148 111
3.440000 141 112
3.480000 133 113
3.520000 123 113
3.560000 116 114
3.600000 109 114
3.640000 101 114
3.680000 95 113
3.720000 90 113
3.760000 86 113
3.800000 83 113
3.840000 80 111
3.880000 79 112
3.920000 77 113
3.960000 76 113
4.000000 75 113
4.040000 72 115
4.080000 69 113
4.120000 65 113
4.160000 64 112
4.200000 60 110
4.240000 55 110
4.280000 50 109
4.320000 44 108
4.360000 38 109
4.400000 33 111
4.440000 28 110
4.480000 19 112
4.520000 13 113
4.560000 8 116
4.640000 2 119
4.680000 2 123
4.720000 12 108
4.800000 8 111
