0.240000 297 61
0.280000 297 61
0.320000 296 62
0.360000 297 62
0.400000 298 66
0.440000 288 66
0.480000 277 66
0.520000 265 68
0.560000 259 68
0.600000 258 65
0.640000 251 63
0.680000 251 62
0.720000 251 63
0.760000 251 63
0.800000 251 63
0.840000 251 63
0.880000 247 61
0.920000 233 61
0.960000 220 63
1.000000 212 65
1.040000 251 63
1.080000 208 59
1.120000 206 59
1.160000 242 67
1.200000 208 59
1.240000 225 61
1.280000 210 65
1.320000 199 63
1.360000 183 63
1.400000 171 65
1.440000 164 66
1.480000 163 63
1.520000 162 61
1.560000 160 61
1.600000 160 61
1.640000 160 61
1.680000 162 61
1.720000 161 61
1.760000 164 61
1.800000 136 59
1.840000 123 61
1.880000 116 63
1.920000 159 61
1.960000 112 57
2.000000 158 59
2.040000 112 58
2.080000 112 58
2.120000 131 63
2.160000 113 61
2.200000 104 61
2.240000 88 63
2.280000 78 65
2.320000 71 67
2.360000 69 65
2.400000 68 63
2.440000 66 62
2.480000 67 64
2.520000 67 65
2.560000 68 64
2.600000 68 63
2.640000 55 59
2.680000 43 61
2.720000 33 65
2.760000 28 66
2.800000 25 64
2.840000 25 61
2.880000 25 61
2.920000 25 61
2.960000 25 61
3.000000 25 61
3.040000 26 62
3.080000 22 65
3.120000 10 66
3.200000 2 67
3.240000 2 67
