0.000000 315 154
0.040000 315 154
0.080000 315 154
0.120000 315 154
0.160000 315 154
0.200000 315 154
0.240000 315 154
0.280000 315 154
0.320000 315 154
0.360000 315 154
0.400000 315 154
0.440000 315 154
0.480000 315 154
0.520000 315 154
0.560000 315 154
0.600000 315 154
0.640000 315 154
0.680000 315 154
0.720000 315 154
0.760000 315 154
0.800000 315 154
0.840000 315 154
0.880000 315 154
0.920000 315 154
0.960000 315 154
1.000000 315 154
1.040000 315 154
1.080000 315 154
1.120000 315 154
1.160000 315 154
1.200000 315 154
1.240000 315 154
1.280000 315 154
1.320000 315 154
1.360000 315 154
1.400000 315 154
1.440000 315 154
1.480000 315 154
1.520000 315 154
1.560000 315 154
1.600000 315 154
1.640000 315 154
1.680000 315 154
1.720000 315 154
1.760000 315 154
1.800000 315 154
1.840000 315 154
1.880000 315 154
1.920000 315 154
1.960000 315 154
2.000000 315 154
2.040000 315 154
2.080000 315 154
2.120000 315 154
2.160000 312 155
2.200000 308 155
2.240000 303 155
2.280000 299 154
2.320000 294 154
2.360000 290 152
2.400000 286 151
2.440000 281 150
2.480000 277 150
2.520000 272 153
2.560000 268 154
2.600000 262 154
2.640000 258 156
2.680000 254 156
2.720000 249 156
2.760000 245 156
2.800000 240 155
2.840000 235 154
2.880000 230 154
2.920000 224 153
2.960000 219 152
3.000000 214 153
3.040000 208 154
3.080000 204 155
3.120000 199 156
3.160000 194 156
3.200000 190 157
3.240000 184 155
3.280000 179 154
3.320000 174 154
3.360000 169 152
3.400000 164 151
3.440000 158 150
3.480000 153 150
3.520000 148 152
3.560000 143 154
3.600000 138 155
3.640000 134 155
3.680000 130 156
3.720000 126 156
3.760000 121 154
3.800000 116 154
3.840000 112 154
3.880000 107 151
3.920000 101 151
3.960000 96 151
4.000000 91 153
4.040000 86 154
4.080000 81 155
4.120000 79 155
4.160000 75 155
4.200000 69 154
4.240000 65 154
4.280000 60 150
4.320000 55 150
4.360000 51 149
4.400000 47 149
4.440000 42 150
4.480000 38 150
4.520000 34 152
4.560000 29 154
4.600000 26 150
4.640000 23 153
4.680000 18 153
4.720000 14 150
4.760000 11 148
4.800000 11 148
4.840000 11 148
4.880000 11 148
4.920000 11 148
4.960000 11 148
5.000000 11 148
5.040000 11 148
5.080000 11 148
5.120000 11 148
5.160000 11 148
