0.000000 310 137
0.040000 310 137
0.080000 310 137
0.120000 310 137
0.160000 310 137
0.200000 310 137
0.240000 310 137
0.280000 310 137
0.320000 310 137
0.360000 310 137
0.400000 310 137
0.440000 310 137
0.480000 310 137
0.520000 310 137
0.560000 310 137
0.600000 310 137
0.640000 310 137
0.680000 310 137
0.720000 310 137
0.760000 310 137
0.800000 310 137
0.840000 310 137
0.880000 310 137
0.920000 310 137
0.960000 310 137
1.000000 310 137
1.040000 310 137
1.080000 310 137
1.120000 310 137
1.160000 310 137
1.200000 310 137
1.240000 310 137
1.280000 310 137
1.320000 310 137
1.360000 310 137
1.400000 310 137
1.440000 310 137
1.480000 310 137
1.520000 310 137
1.560000 310 137
1.600000 310 137
1.640000 310 137
1.680000 310 137
1.720000 310 137
1.760000 310 137
1.800000 310 137
1.840000 310 137
1.880000 310 137
1.920000 310 137
1.960000 310 137
2.000000 310 137
2.040000 310 137
2.080000 310 137
2.120000 310 137
2.160000 305 135
2.200000 299 135
2.240000 293 135
2.280000 288 138
2.320000 283 137
2.360000 278 137
2.400000 273 135
2.440000 268 134
2.480000 266 134
2.520000 262 134
2.560000 257 133
2.600000 252 135
2.640000 249 135
2.680000 247 135
2.720000 242 134
2.760000 237 134
2.800000 233 134
2.840000 228 134
2.880000 224 134
2.920000 220 134
2.960000 215 134
3.000000 211 134
3.040000 207 134
3.080000 202 134
3.120000 198 134
3.160000 188 135
3.200000 182 135
3.240000 175 134
3.280000 170 134
3.320000 164 134
3.360000 160 134
3.400000 155 133
3.440000 150 132
3.480000 147 132
3.520000 138 133
3.560000 134 134
3.600000 131 134
3.640000 128 134
3.680000 125 134
3.720000 119 134
3.760000 119 134
3.800000 119 134
3.840000 119 134
3.880000 115 132
3.920000 102 133
3.960000 97 134
4.000000 93 134
4.040000 88 134
4.080000 84 135
4.120000 79 135
4.160000 75 135
4.200000 65 134
4.240000 60 133
4.280000 55 133
4.320000 49 132
4.360000 44 130
4.400000 40 129
4.440000 36 130
4.480000 34 131
4.520000 33 132
4.560000 32 133
4.600000 31 134
4.640000 30 135
4.680000 23 135
4.720000 23 133
4.760000 20 132
4.800000 16 133
4.840000 12 134
4.880000 12 134
4.920000 12 134
4.960000 12 134
5.000000 12 134
5.040000 12 134
5.080000 12 134
5.120000 12 134
5.160000 12 134
