1.680000 295 64
1.760000 281 68
1.800000 279 64
1.840000 278 61
1.880000 278 59
1.920000 277 58
1.960000 277 57
2.000000 277 58
2.040000 277 59
2.080000 277 57
2.120000 281 60
2.160000 277 57
2.200000 276 58
2.240000 276 58
2.280000 275 57
2.320000 276 58
2.360000 277 56
2.400000 273 56
2.440000 267 60
2.480000 254 58
2.520000 242 60
2.560000 225 61
2.600000 211 55
2.640000 195 56
2.680000 180 60
2.720000 170 63
2.760000 164 63
2.800000 162 61
2.840000 160 56
2.880000 160 56
2.920000 159 56
2.960000 158 55
3.000000 158 56
3.040000 160 55
3.120000 160 56
3.160000 159 55
3.200000 159 55
3.240000 159 54
3.280000 159 54
3.320000 158 54
3.360000 158 52
3.400000 157 54
3.440000 149 56
3.480000 136 55
3.520000 121 54
3.560000 102 58
3.600000 93 55
3.640000 81 55
3.680000 65 61
3.720000 55 63
3.760000 49 65
3.800000 46 61
3.840000 44 57
3.880000 43 56
3.920000 43 56
3.960000 42 56
4.000000 42 56
4.040000 42 55
4.080000 39 52
4.120000 44 56
4.160000 40 55
4.200000 42 55
4.240000 42 55
4.280000 43 55
4.320000 43 55
4.360000 41 54
4.400000 41 52
4.440000 38 56
4.520000 18 56
4.560000 6 55
