1.800000 314 135
1.840000 310 134
1.960000 295 135
2.000000 292 135
2.040000 287 135
2.080000 282 138
2.120000 276 139
2.160000 268 136
2.200000 262 137
2.240000 257 137
2.280000 252 137
2.320000 247 135
2.360000 242 134
2.400000 241 135
2.440000 236 136
2.480000 235 135
2.520000 231 134
2.640000 220 134
2.680000 211 133
2.720000 205 130
2.760000 215 133
2.800000 210 134
2.840000 205 134
2.880000 199 134
2.920000 194 134
3.120000 158 134
3.160000 151 136
3.200000 145 137
3.240000 138 135
3.280000 133 134
3.320000 127 134
3.360000 123 134
3.400000 121 133
3.440000 117 133
3.480000 110 133
3.640000 106 135
3.680000 102 135
3.720000 97 135
3.760000 94 134
3.800000 90 134
3.840000 85 134
3.880000 80 134
3.920000 74 134
3.960000 69 133
4.000000 63 133
4.120000 49 134
4.160000 43 134
4.200000 36 133
4.240000 30 133
4.280000 24 133
4.320000 15 129
4.360000 22 132
4.400000 17 130
4.440000 11 130
4.520000 2 120
