2.240000 320 120
2.280000 315 118
2.320000 309 119
2.360000 304 120
2.400000 300 122
2.440000 297 124
2.480000 293 123
2.520000 288 122
2.560000 283 122
2.600000 281 120
2.640000 277 119
2.680000 270 119
2.720000 264 119
2.760000 258 119
2.800000 253 118
2.840000 247 118
2.880000 245 120
2.920000 241 122
2.960000 236 122
3.000000 233 122
3.040000 229 119
3.080000 225 119
3.120000 220 118
3.160000 214 117
3.200000 208 118
3.240000 201 118
3.280000 195 119
3.320000 190 122
3.360000 186 123
3.400000 179 123
3.440000 174 123
3.480000 169 120
3.520000 164 119
3.560000 160 118
3.600000 154 116
3.640000 147 115
3.680000 142 117
3.720000 136 117
3.760000 132 118
3.800000 127 120
3.840000 122 119
3.880000 117 120
3.920000 114 120
3.960000 110 119
4.000000 103 119
4.040000 98 118
4.080000 94 117
4.120000 88 117
4.160000 82 117
4.200000 80 118
4.240000 73 119
4.280000 70 120
4.320000 64 120
4.360000 59 122
4.400000 55 121
4.440000 52 119
4.480000 49 118
4.520000 43 117
4.560000 38 117
4.600000 33 117
4.640000 28 117
4.680000 23 119
4.720000 19 119
4.760000 17 119
4.800000 12 120
4.840000 8 119
4.960000 2 120
5.000000 2 119
