2.240000 320 160
2.280000 315 159
2.320000 313 160
2.360000 308 160
2.400000 303 162
2.440000 299 163
2.480000 296 164
2.520000 292 164
2.560000 288 163
2.600000 283 161
2.640000 278 160
2.680000 273 160
2.720000 268 160
2.760000 262 160
2.800000 258 160
2.840000 253 161
2.880000 247 163
2.920000 244 164
2.960000 238 165
3.000000 234 165
3.040000 229 164
3.080000 225 164
3.120000 219 162
3.160000 212 161
3.200000 206 163
3.240000 201 163
3.280000 195 164
3.320000 191 165
3.360000 186 165
3.400000 182 165
3.440000 178 165
3.480000 173 165
3.520000 168 164
3.560000 163 164
3.600000 157 161
3.640000 151 161
3.680000 145 161
3.720000 138 160
3.760000 134 160
3.800000 127 161
3.840000 122 161
3.880000 118 163
3.920000 112 163
3.960000 108 163
4.000000 101 161
4.040000 96 160
4.080000 92 159
4.120000 87 159
4.160000 81 160
4.200000 78 159
4.240000 72 161
4.280000 69 162
4.320000 64 164
4.360000 60 163
4.400000 55 164
4.440000 53 164
4.480000 49 161
4.520000 44 160
4.560000 38 159
4.600000 34 159
4.640000 29 159
4.680000 23 159
4.720000 19 159
4.760000 14 159
4.800000 10 160
4.840000 7 160
4.880000 2 160
4.920000 2 159
5.000000 1 155
5.040000 2 155
