1.400000 314 148
1.440000 309 148
1.480000 305 149
1.520000 301 150
1.560000 298 150
1.600000 294 150
1.640000 290 150
1.680000 286 149
1.720000 283 150
1.760000 277 149
1.800000 272 149
1.840000 267 149
1.880000 262 149
1.920000 257 150
1.960000 252 150
2.000000 247 150
2.040000 242 150
2.080000 237 150
2.120000 233 150
2.160000 227 149
2.200000 224 149
2.240000 219 149
2.280000 212 149
2.320000 208 149
2.360000 204 150
2.400000 199 150
2.440000 195 150
2.480000 190 151
2.520000 184 150
2.560000 180 150
2.600000 174 149
2.640000 173 150
2.680000 164 149
2.720000 159 149
2.760000 153 149
2.800000 149 150
2.840000 145 151
2.880000 142 152
2.920000 138 152
2.960000 131 150
3.000000 127 150
3.040000 121 148
3.080000 115 147
3.120000 111 146
3.160000 103 148
3.200000 101 148
3.240000 94 149
3.280000 90 149
3.320000 84 150
3.360000 85 149
3.400000 80 149
3.440000 75 148
3.480000 69 145
3.520000 64 145
3.560000 59 144
3.600000 54 145
3.640000 51 147
3.680000 45 147
3.720000 43 149
3.760000 37 149
3.800000 32 149
3.840000 24 146
3.880000 27 148
3.920000 21 145
3.960000 18 145
4.000000 8 145
4.040000 7 145
