0.000000 310 129
0.040000 310 129
0.080000 310 129
0.120000 310 129
0.160000 310 129
0.200000 310 129
0.240000 310 129
0.280000 310 129
0.320000 310 129
0.360000 310 129
0.400000 310 129
0.440000 310 129
0.480000 310 129
0.520000 310 129
0.560000 310 129
0.600000 310 129
0.640000 310 129
0.680000 310 129
0.720000 310 129
0.760000 310 129
0.800000 310 129
0.840000 310 129
0.880000 310 129
0.920000 310 129
0.960000 310 129
1.000000 310 129
1.040000 310 129
1.080000 310 129
1.120000 310 129
1.160000 310 129
1.200000 310 129
1.240000 310 129
1.280000 310 129
1.320000 310 129
1.360000 310 129
1.400000 310 129
1.440000 310 129
1.480000 310 129
1.520000 310 129
1.560000 310 129
1.600000 310 129
1.640000 310 129
1.680000 310 129
1.720000 310 129
1.760000 310 129
1.800000 310 129
1.840000 310 129
1.880000 310 129
1.920000 310 129
1.960000 310 129
2.000000 310 129
2.040000 310 129
2.080000 310 129
2.120000 310 129
2.160000 310 129
2.200000 310 129
2.240000 310 129
2.280000 310 129
2.320000 310 129
2.360000 310 129
2.400000 310 129
2.440000 305 133
2.480000 299 133
2.520000 294 133
2.560000 290 134
2.600000 287 133
2.640000 283 133
2.680000 282 133
2.720000 279 133
2.760000 278 132
2.800000 273 132
2.840000 270 132
2.880000 268 131
2.920000 265 130
2.960000 263 130
3.000000 260 129
3.040000 258 128
3.080000 251 128
3.120000 241 128
3.160000 238 129
3.200000 235 129
3.240000 232 129
3.280000 230 129
3.320000 227 129
3.360000 224 129
3.400000 216 131
3.440000 210 133
3.480000 205 134
3.520000 199 134
3.560000 195 134
3.600000 192 134
3.640000 189 133
3.680000 184 129
3.720000 181 129
3.760000 179 128
3.800000 176 127
3.840000 174 126
3.880000 171 125
3.920000 163 124
3.960000 157 128
4.000000 151 130
4.040000 145 132
4.080000 142 133
4.120000 137 132
4.160000 132 133
4.200000 127 130
4.240000 124 130
4.280000 121 130
4.320000 118 130
4.360000 115 130
4.400000 112 130
4.440000 109 130
4.480000 106 130
4.520000 99 133
4.560000 91 131
4.600000 89 131
4.640000 88 131
4.680000 87 131
4.720000 86 131
4.760000 85 131
4.800000 84 131
4.840000 83 131
4.880000 82 131
4.920000 77 129
4.960000 76 129
5.000000 75 128
5.040000 74 127
5.080000 64 124
5.120000 60 125
5.160000 57 125
5.200000 54 125
5.240000 51 125
5.280000 47 125
5.320000 44 125
5.360000 41 126
5.400000 38 126
5.440000 34 126
5.480000 31 126
5.520000 25 126
5.560000 22 126
5.600000 19 125
5.640000 16 125
5.680000 7 124
5.720000 7 124
5.760000 7 124
5.800000 7 124
5.840000 7 124
5.880000 7 124
5.920000 7 124
5.960000 7 124
6.000000 7 124
6.040000 7 124
6.080000 7 124
6.120000 7 124
6.160000 7 124
6.200000 7 124
6.240000 7 124
6.280000 7 124
6.320000 7 124
