1.200000 310 66
1.240000 299 65
1.280000 287 66
1.320000 278 67
1.360000 272 66
1.400000 271 63
1.440000 270 61
1.480000 270 61
1.520000 270 61
1.560000 270 61
1.600000 270 61
1.640000 271 61
1.680000 268 61
1.720000 245 66
1.760000 231 66
1.800000 269 61
1.840000 269 60
1.880000 268 59
1.920000 268 59
1.960000 267 61
2.000000 258 62
2.040000 246 62
2.080000 231 63
2.120000 216 61
2.160000 205 60
2.200000 189 60
2.240000 177 61
2.280000 169 63
2.320000 166 61
2.360000 165 59
2.400000 164 58
2.440000 164 58
2.480000 164 58
2.520000 164 58
2.560000 164 57
2.600000 164 57
2.640000 164 58
2.680000 164 58
2.720000 164 57
2.760000 114 63
2.800000 164 56
2.840000 112 59
2.880000 163 56
2.920000 153 58
2.960000 142 58
3.000000 127 59
3.040000 112 56
3.120000 112 57
3.160000 74 58
3.200000 64 61
3.240000 61 60
3.280000 60 58
3.320000 60 57
3.360000 60 56
3.400000 60 56
3.440000 60 56
3.480000 71 61
3.520000 59 56
3.560000 57 56
3.600000 34 62
3.640000 25 66
3.680000 60 56
3.720000 60 56
3.760000 18 61
3.800000 58 56
3.840000 49 56
3.880000 38 59
3.920000 29 61
3.960000 18 59
4.200000 18 60
