1.320000 320 120
1.360000 314 118
1.400000 314 119
1.440000 316 117
1.480000 310 121
1.520000 307 121
1.560000 301 119
1.600000 294 119
1.640000 287 118
1.680000 279 119
1.720000 271 119
1.760000 262 117
1.800000 253 115
1.840000 247 114
1.880000 242 118
1.920000 236 118
1.960000 233 119
2.000000 230 118
2.040000 226 118
2.080000 225 121
2.120000 225 122
2.160000 226 120
2.200000 225 115
2.240000 223 117
2.280000 221 116
2.320000 219 118
2.360000 215 118
2.400000 210 118
2.440000 205 118
2.480000 196 118
2.520000 188 117
2.560000 179 117
2.600000 170 119
2.640000 162 115
2.680000 148 113
2.720000 143 117
2.760000 138 119
2.800000 132 119
2.840000 127 119
2.880000 122 119
2.920000 118 118
2.960000 115 117
3.000000 112 114
3.040000 112 118
3.080000 109 120
3.120000 110 114
3.160000 110 115
3.200000 108 112
3.240000 106 113
3.280000 102 113
3.320000 97 113
3.360000 91 113
3.400000 83 115
3.440000 75 115
3.480000 66 115
3.520000 59 117
3.560000 51 113
3.600000 44 114
3.640000 38 117
3.680000 29 114
3.720000 24 115
3.760000 23 118
3.800000 18 118
3.840000 16 118
3.880000 14 117
3.920000 12 115
3.960000 12 117
4.000000 9 113
4.040000 7 113
