1.240000 320 74
1.280000 320 70
1.320000 320 71
1.360000 320 71
1.400000 316 71
1.440000 315 72
1.480000 313 76
1.520000 305 77
1.560000 296 78
1.600000 288 78
1.640000 277 71
1.680000 267 72
1.720000 281 65
1.760000 280 65
1.800000 235 66
1.840000 231 66
1.880000 229 65
1.920000 228 65
1.960000 268 74
2.000000 227 63
2.040000 227 64
2.080000 226 65
2.120000 230 67
2.160000 227 65
2.200000 226 63
2.240000 227 64
2.280000 226 65
2.320000 225 66
2.360000 223 67
2.400000 217 71
2.440000 210 73
2.480000 200 74
2.520000 190 74
2.560000 179 72
2.600000 169 67
2.640000 156 66
2.680000 142 63
2.720000 132 62
2.760000 175 61
2.800000 125 61
2.840000 171 66
2.880000 123 61
2.920000 123 61
2.960000 123 61
3.000000 122 61
3.040000 126 62
3.080000 122 61
3.120000 96 61
3.160000 122 61
3.200000 122 61
3.240000 121 61
3.280000 119 64
3.320000 113 67
3.360000 106 71
3.400000 95 72
3.440000 86 72
3.480000 70 60
3.520000 71 59
3.560000 55 65
3.600000 71 58
3.640000 71 58
3.680000 29 64
3.720000 28 62
3.760000 66 63
3.800000 27 61
3.840000 27 61
3.880000 25 61
3.920000 25 62
3.960000 27 62
4.000000 27 61
4.040000 27 61
4.080000 26 61
4.120000 25 61
4.160000 25 62
4.240000 19 67
