0.000000 320 77
0.040000 320 77
0.080000 320 77
0.120000 320 77
0.160000 320 77
0.200000 320 77
0.240000 320 77
0.280000 320 77
0.320000 320 77
0.360000 320 77
0.400000 320 77
0.440000 320 77
0.480000 320 77
0.520000 320 77
0.560000 320 77
0.600000 320 77
0.640000 320 77
0.680000 320 77
0.720000 320 77
0.760000 320 77
0.800000 320 77
0.840000 320 77
0.880000 320 77
0.920000 320 77
0.960000 320 77
1.000000 320 77
1.040000 320 77
1.080000 320 77
1.120000 320 77
1.160000 320 77
1.200000 320 77
1.240000 320 77
1.280000 320 77
1.320000 320 77
1.360000 320 77
1.400000 315 77
1.440000 305 77
1.480000 301 71
1.520000 301 71
1.560000 274 69
1.600000 300 71
1.640000 262 66
1.680000 299 71
1.720000 260 66
1.760000 259 66
1.800000 260 66
1.840000 260 66
1.880000 261 68
1.920000 261 67
1.960000 260 66
2.000000 259 66
2.040000 258 66
2.080000 258 67
2.120000 257 69
2.160000 253 69
2.200000 247 71
2.240000 240 72
2.280000 231 72
2.320000 218 70
2.360000 209 67
2.400000 216 67
2.440000 216 66
2.480000 216 66
2.520000 215 67
2.560000 169 63
2.600000 168 62
2.640000 199 72
2.680000 190 73
2.720000 168 64
2.760000 169 67
2.800000 168 63
2.840000 168 63
2.880000 168 63
2.920000 168 65
2.960000 167 65
3.000000 163 67
3.040000 158 67
3.080000 147 71
3.120000 138 71
3.160000 127 71
3.200000 121 66
3.240000 123 66
3.280000 122 65
3.320000 122 66
3.360000 121 66
3.400000 120 66
3.440000 75 66
3.480000 111 69
3.520000 101 72
3.560000 93 72
3.600000 75 66
3.640000 75 65
3.680000 75 65
3.720000 75 65
3.760000 75 66
3.800000 75 66
3.840000 73 67
3.880000 70 66
3.920000 64 68
3.960000 58 70
4.000000 49 72
4.040000 38 71
4.080000 32 67
4.120000 34 67
4.160000 34 66
4.200000 34 66
4.240000 33 67
4.280000 31 68
4.320000 29 69
4.360000 27 70
4.400000 25 70
4.440000 25 70
