0.000000 320 93
0.040000 320 93
0.080000 320 93
0.120000 320 93
0.160000 320 93
0.200000 320 93
0.240000 320 93
0.280000 320 93
0.320000 320 93
0.360000 320 93
0.400000 320 93
0.440000 320 93
0.480000 320 93
0.520000 320 93
0.560000 320 93
0.600000 320 93
0.640000 320 93
0.680000 320 93
0.720000 320 93
0.760000 320 93
0.800000 320 93
0.840000 320 93
0.880000 320 93
0.920000 320 93
0.960000 320 93
1.000000 320 93
1.040000 320 93
1.080000 320 93
1.120000 320 93
1.160000 320 93
1.200000 320 93
1.240000 320 93
1.280000 320 93
1.320000 320 93
1.360000 320 98
1.400000 299 98
1.440000 294 98
1.480000 299 98
1.520000 298 98
1.560000 278 98
1.600000 294 96
1.640000 272 95
1.680000 288 95
1.720000 266 97
1.760000 262 96
1.800000 262 93
1.840000 260 95
1.880000 258 97
1.920000 259 96
1.960000 257 95
2.000000 257 94
2.040000 253 93
2.080000 249 93
2.120000 242 95
2.160000 236 93
2.200000 225 92
2.240000 218 93
2.280000 211 93
2.320000 209 97
2.360000 195 97
2.400000 210 95
2.440000 209 93
2.480000 205 93
2.520000 201 93
2.560000 174 93
2.600000 170 95
2.640000 171 93
2.680000 168 93
2.720000 164 93
2.760000 158 96
2.800000 164 93
2.840000 162 93
2.880000 158 93
2.920000 155 92
2.960000 151 92
3.000000 143 91
3.040000 133 91
3.080000 123 92
3.120000 117 92
3.160000 111 93
3.200000 120 93
3.240000 117 93
3.280000 115 93
3.320000 112 93
3.360000 110 93
3.400000 104 92
3.440000 77 95
3.480000 87 91
3.520000 76 93
3.560000 74 93
3.600000 69 93
3.640000 66 96
3.680000 69 93
3.720000 66 93
3.760000 64 93
3.800000 61 92
3.840000 57 92
3.880000 50 92
3.920000 42 92
3.960000 34 92
4.000000 29 92
4.040000 24 94
4.080000 16 96
4.120000 30 93
4.160000 28 93
4.200000 27 92
4.240000 18 92
4.280000 15 92
4.320000 12 92
4.360000 9 92
4.400000 7 91
4.440000 7 91
