0.000000 301 70
0.040000 301 70
0.080000 301 70
0.120000 301 70
0.160000 301 70
0.200000 301 70
0.240000 301 70
0.280000 301 70
0.320000 301 70
0.360000 301 70
0.400000 301 70
0.440000 301 70
0.480000 301 70
0.520000 301 70
0.560000 301 70
0.600000 301 70
0.640000 301 70
0.680000 301 70
0.720000 301 70
0.760000 301 70
0.800000 301 70
0.840000 301 70
0.880000 301 70
0.920000 301 70
0.960000 301 70
1.000000 301 70
1.040000 301 70
1.080000 301 70
1.120000 301 70
1.160000 301 70
1.200000 301 70
1.240000 301 70
1.280000 301 70
1.320000 301 71
1.360000 301 71
1.400000 300 71
1.440000 302 72
1.480000 297 74
1.520000 284 71
1.560000 301 71
1.600000 266 67
1.640000 299 71
1.680000 262 66
1.720000 294 72
1.760000 288 75
1.800000 283 76
1.840000 273 76
1.880000 262 75
1.920000 252 72
1.960000 241 70
2.000000 231 68
2.040000 221 67
2.080000 219 67
2.120000 217 66
2.160000 216 66
2.200000 216 66
2.240000 216 66
2.280000 216 66
2.320000 218 71
2.360000 216 67
2.400000 195 67
2.440000 183 65
2.480000 174 65
2.520000 170 64
2.560000 211 68
2.600000 207 70
2.640000 168 63
2.680000 168 64
2.720000 179 72
2.760000 168 66
2.800000 158 69
2.840000 144 67
2.880000 133 66
2.920000 127 66
2.960000 124 65
3.000000 123 65
3.040000 122 65
3.080000 123 66
3.120000 122 65
3.160000 123 67
3.200000 120 66
3.240000 104 67
3.280000 92 65
3.320000 82 65
3.360000 79 65
3.400000 75 65
3.440000 116 68
3.480000 75 65
3.520000 75 65
3.560000 74 66
3.600000 82 72
3.640000 74 70
3.680000 62 69
3.720000 51 67
3.760000 43 67
3.800000 39 67
3.840000 37 66
3.880000 35 65
3.920000 35 66
3.960000 35 66
4.000000 34 65
4.040000 37 68
4.080000 34 66
4.120000 19 69
4.160000 10 67
4.200000 2 66
4.240000 33 67
4.280000 31 68
4.320000 29 69
4.360000 27 70
4.400000 25 70
4.440000 25 70
