1.480000 320 92
1.520000 320 89
1.560000 320 89
1.600000 316 87
1.640000 310 91
1.680000 282 92
1.720000 294 89
1.760000 287 89
1.800000 278 91
1.840000 271 93
1.880000 263 93
1.920000 257 94
1.960000 252 93
2.000000 247 91
2.040000 242 89
2.080000 236 87
2.120000 231 88
2.160000 226 89
2.200000 225 89
2.240000 222 88
2.280000 221 89
2.320000 220 92
2.360000 220 91
2.400000 217 89
2.440000 215 89
2.480000 210 87
2.520000 205 87
2.560000 196 87
2.600000 188 87
2.640000 179 87
2.680000 168 88
2.720000 160 90
2.760000 153 92
2.800000 147 93
2.840000 142 92
2.880000 137 89
2.920000 132 87
2.960000 127 87
3.000000 121 87
3.040000 116 87
3.080000 112 87
3.120000 111 87
3.160000 109 89
3.200000 107 89
3.240000 106 90
3.280000 106 89
3.320000 104 88
3.360000 101 87
3.400000 96 87
3.440000 90 87
3.480000 82 87
3.520000 73 87
3.560000 64 87
3.600000 57 88
3.640000 49 91
3.680000 38 92
3.720000 34 92
3.760000 31 88
3.800000 28 87
3.840000 23 87
3.880000 18 87
3.920000 13 87
3.960000 11 88
4.000000 10 87
4.040000 8 87
4.120000 6 89
4.200000 2 93
