1.480000 320 152
1.520000 316 154
1.560000 312 150
1.600000 308 149
1.640000 303 149
1.680000 296 150
1.720000 292 150
1.760000 288 150
1.800000 283 152
1.840000 279 154
1.880000 274 154
1.920000 271 154
1.960000 267 154
2.000000 262 153
2.040000 257 150
2.080000 251 150
2.120000 245 151
2.160000 241 151
2.200000 236 150
2.240000 231 153
2.280000 225 153
2.320000 220 154
2.360000 214 154
2.400000 210 153
2.440000 205 152
2.480000 199 151
2.520000 194 150
2.560000 188 150
2.600000 181 150
2.640000 177 150
2.680000 172 153
2.720000 167 154
2.760000 162 154
2.800000 158 154
2.840000 153 154
2.880000 147 152
2.920000 142 150
2.960000 137 150
3.000000 132 150
3.040000 127 149
3.080000 121 149
3.120000 116 150
3.160000 111 151
3.200000 106 151
3.240000 101 152
3.280000 95 151
3.320000 90 150
3.360000 86 149
3.400000 81 149
3.440000 75 148
3.480000 70 149
3.520000 66 148
3.560000 61 149
3.600000 58 150
3.640000 53 150
3.680000 45 150
3.720000 42 150
3.760000 38 149
3.800000 33 148
3.840000 29 148
3.880000 24 145
3.920000 19 145
3.960000 15 147
4.000000 12 148
4.040000 7 149
4.080000 2 149
4.120000 2 149
