1.480000 320 121
1.560000 303 116
1.600000 297 116
1.640000 293 115
1.680000 288 115
1.720000 286 114
1.760000 283 114
1.800000 281 115
1.840000 278 114
1.880000 271 119
1.920000 278 117
1.960000 277 117
2.000000 273 117
2.040000 268 117
2.080000 265 117
2.120000 258 116
2.160000 252 114
2.200000 243 113
2.240000 233 113
2.280000 225 113
2.320000 216 115
2.360000 205 117
2.400000 196 119
2.440000 188 119
2.480000 181 121
2.520000 174 120
2.560000 170 119
2.600000 167 118
2.640000 164 117
2.680000 163 117
2.720000 162 115
2.760000 158 118
2.800000 154 116
2.840000 153 113
2.880000 153 114
2.920000 149 113
2.960000 147 114
3.000000 142 113
3.040000 136 113
3.080000 129 112
3.120000 121 113
3.160000 110 113
3.200000 102 114
3.240000 94 115
3.280000 85 117
3.320000 77 119
3.360000 70 119
3.400000 64 119
3.440000 59 119
3.480000 55 119
3.520000 52 117
3.560000 49 116
3.600000 49 116
3.640000 49 114
3.680000 44 113
3.720000 43 113
3.760000 40 113
3.800000 38 113
3.840000 35 113
3.880000 32 113
3.920000 24 113
3.960000 18 112
4.000000 10 112
4.080000 2 114
