0.000000 310 72
0.040000 310 72
0.080000 310 72
0.120000 310 72
0.160000 310 72
0.200000 310 72
0.240000 310 72
0.280000 310 72
0.320000 310 72
0.360000 310 72
0.400000 310 72
0.440000 310 72
0.480000 310 72
0.520000 310 72
0.560000 310 72
0.600000 310 72
0.640000 310 72
0.680000 310 72
0.720000 310 72
0.760000 308 72
0.800000 311 71
0.840000 283 68
0.880000 275 67
0.920000 273 67
0.960000 273 67
1.000000 273 67
1.040000 273 66
1.080000 273 66
1.120000 273 66
1.160000 273 67
1.200000 273 66
1.240000 273 66
1.280000 273 66
1.320000 272 65
1.360000 272 66
1.400000 272 66
1.440000 271 67
1.480000 268 69
1.520000 262 73
1.560000 253 76
1.600000 244 72
1.640000 232 71
1.680000 226 66
1.720000 229 67
1.760000 199 66
1.800000 189 66
1.840000 184 65
1.880000 184 65
1.920000 183 63
1.960000 183 63
2.000000 183 63
2.040000 184 63
2.080000 184 65
2.120000 184 67
2.160000 183 64
2.200000 184 65
2.240000 184 65
2.280000 142 67
2.320000 138 67
2.360000 137 66
2.400000 137 66
2.440000 173 70
2.480000 137 63
2.520000 155 73
2.560000 140 71
2.600000 134 67
2.640000 137 66
2.680000 109 66
2.720000 99 66
2.760000 91 65
2.800000 90 66
2.840000 89 62
2.880000 90 63
2.920000 90 62
2.960000 90 62
3.000000 90 62
3.040000 90 64
3.080000 88 64
3.120000 90 65
3.160000 63 67
3.200000 90 63
3.240000 90 63
3.280000 88 63
3.320000 86 65
3.360000 81 68
3.400000 75 71
3.440000 68 72
3.480000 58 72
3.520000 49 68
3.560000 38 67
3.600000 28 66
3.640000 49 66
3.680000 12 67
3.720000 47 66
3.760000 7 65
3.800000 7 63
3.840000 31 76
3.880000 25 74
3.920000 19 71
3.960000 13 68
4.000000 6 66
4.040000 6 66
4.080000 6 66
4.120000 6 66
4.160000 6 66
4.200000 6 66
4.240000 6 66
4.280000 6 66
4.320000 6 66
4.360000 6 66
4.400000 6 66
