0.000000 309 137
0.040000 309 137
0.080000 309 137
0.120000 309 137
0.160000 309 137
0.200000 309 137
0.240000 309 137
0.280000 309 137
0.320000 309 137
0.360000 309 137
0.400000 309 137
0.440000 309 137
0.480000 309 137
0.520000 309 137
0.560000 309 137
0.600000 309 137
0.640000 309 137
0.680000 309 137
0.720000 309 137
0.760000 304 134
0.800000 299 133
0.840000 297 132
0.880000 293 130
0.920000 288 130
0.960000 285 131
1.000000 283 132
1.040000 281 133
1.080000 278 134
1.120000 276 134
1.160000 278 134
1.200000 274 134
1.240000 270 134
1.280000 266 134
1.320000 262 134
1.360000 259 134
1.400000 255 134
1.440000 251 134
1.480000 247 134
1.520000 243 134
1.560000 240 134
1.600000 236 134
1.640000 232 134
1.680000 228 134
1.720000 220 135
1.760000 215 133
1.800000 211 132
1.840000 206 130
1.880000 203 131
1.920000 199 133
1.960000 195 133
2.000000 191 133
2.040000 190 134
2.080000 187 135
2.120000 181 135
2.160000 178 135
2.200000 175 135
2.240000 172 134
2.280000 169 134
2.320000 159 131
2.360000 161 133
2.400000 156 133
2.440000 152 133
2.480000 148 133
2.520000 144 133
2.560000 139 133
2.600000 135 133
2.640000 131 133
2.680000 123 130
2.720000 118 131
2.760000 116 132
2.800000 111 130
2.840000 107 132
2.880000 103 132
2.920000 99 133
2.960000 96 133
3.000000 95 134
3.040000 86 133
3.080000 83 133
3.120000 80 133
3.160000 77 133
3.200000 74 133
3.240000 79 130
3.280000 75 132
3.320000 70 130
3.360000 65 130
3.400000 50 132
3.440000 47 132
3.480000 45 132
3.520000 43 132
3.560000 38 132
3.600000 35 132
3.640000 33 132
3.680000 31 132
3.720000 25 129
3.760000 24 132
3.800000 18 132
3.840000 16 132
3.880000 13 131
3.920000 10 132
3.960000 7 133
4.000000 4 134
4.040000 2 135
4.080000 2 135
4.120000 2 135
4.160000 2 135
4.200000 2 135
4.240000 2 135
4.280000 2 135
4.320000 2 135
4.360000 2 135
4.400000 2 135
