0.000000 320 158
0.040000 320 158
0.080000 320 158
0.120000 320 158
0.160000 320 158
0.200000 320 158
0.240000 320 158
0.280000 320 158
0.320000 320 158
0.360000 320 158
0.400000 320 158
0.440000 320 158
0.480000 320 158
0.520000 320 158
0.560000 320 158
0.600000 320 158
0.640000 320 158
0.680000 320 158
0.720000 320 158
0.760000 320 158
0.800000 320 158
0.840000 320 158
0.880000 320 158
0.920000 320 158
0.960000 320 158
1.000000 320 158
1.040000 320 158
1.080000 320 158
1.120000 320 158
1.160000 320 158
1.200000 320 158
1.240000 320 158
1.280000 320 158
1.320000 320 158
1.360000 320 158
1.400000 320 158
1.440000 320 158
1.480000 320 158
1.520000 320 158
1.560000 320 159
1.600000 313 159
1.640000 309 159
1.680000 305 159
1.720000 301 157
1.760000 297 158
1.800000 293 154
1.840000 288 154
1.880000 283 154
1.920000 279 154
1.960000 275 154
2.000000 271 155
2.040000 267 156
2.080000 262 156
2.120000 258 158
2.160000 253 157
2.200000 251 156
2.240000 244 157
2.280000 240 155
2.320000 234 155
2.360000 230 155
2.400000 224 155
2.440000 218 157
2.480000 212 159
2.520000 209 158
2.560000 205 158
2.600000 200 157
2.640000 195 156
2.680000 190 156
2.720000 184 155
2.760000 179 155
2.800000 174 154
2.840000 168 154
2.880000 163 154
2.920000 158 154
2.960000 153 155
3.000000 148 156
3.040000 144 157
3.080000 139 157
3.120000 135 158
3.160000 129 158
3.200000 123 156
3.240000 120 155
3.280000 114 154
3.320000 108 155
3.360000 103 155
3.400000 98 155
3.440000 95 155
3.480000 91 155
3.520000 86 156
3.560000 83 157
3.600000 79 156
3.640000 75 154
3.680000 69 154
3.720000 64 154
3.760000 59 153
3.800000 55 152
3.840000 50 152
3.880000 47 153
3.920000 43 154
3.960000 38 154
4.000000 35 154
4.040000 32 154
4.080000 28 154
4.120000 23 152
4.160000 19 151
4.200000 17 150
4.240000 12 150
4.280000 8 149
4.320000 2 150
4.360000 2 150
4.400000 2 150
4.440000 2 150
4.480000 2 150
4.520000 2 150
4.560000 2 150
4.600000 2 150
4.640000 2 150
4.680000 2 150
4.720000 2 150
4.760000 2 150
4.800000 2 150
4.840000 2 150
4.880000 2 150
4.920000 2 150
4.960000 2 150
5.000000 2 150
5.040000 2 150
5.080000 2 150
5.120000 2 150
5.160000 2 150
5.200000 2 150
5.240000 2 150
5.280000 2 150
5.320000 2 150
5.360000 2 150
5.400000 2 150
5.440000 2 150
5.480000 2 150
5.520000 2 150
5.560000 2 150
5.600000 2 150
5.640000 2 150
5.680000 2 150
