0.000000 315 135
0.040000 315 135
0.080000 315 135
0.120000 315 135
0.160000 315 135
0.200000 315 135
0.240000 315 135
0.280000 315 135
0.320000 315 135
0.360000 315 135
0.400000 315 135
0.440000 315 135
0.480000 315 135
0.520000 315 135
0.560000 315 135
0.600000 315 135
0.640000 315 135
0.680000 315 135
0.720000 315 135
0.760000 315 135
0.800000 315 135
0.840000 315 135
0.880000 315 135
0.920000 315 135
0.960000 315 135
1.000000 315 135
1.040000 315 135
1.080000 315 135
1.120000 315 135
1.160000 315 135
1.200000 315 135
1.240000 315 135
1.280000 315 135
1.320000 315 135
1.360000 315 135
1.400000 315 135
1.440000 315 135
1.480000 315 135
1.520000 315 135
1.560000 310 143
1.600000 305 139
1.640000 301 140
1.680000 299 137
1.720000 292 137
1.760000 286 137
1.800000 279 135
1.840000 273 137
1.880000 270 138
1.920000 266 137
1.960000 262 137
2.000000 259 137
2.040000 257 135
2.080000 257 135
2.120000 251 137
2.160000 247 135
2.200000 242 134
2.240000 236 136
2.280000 231 136
2.320000 225 137
2.360000 220 135
2.400000 215 137
2.440000 210 137
2.480000 205 135
2.520000 201 135
2.560000 195 137
2.600000 192 135
2.640000 189 135
2.680000 182 134
2.720000 175 134
2.760000 168 134
2.800000 164 134
2.840000 158 133
2.880000 153 133
2.920000 150 133
2.960000 147 133
3.000000 142 134
3.040000 138 135
3.080000 141 135
3.120000 146 137
3.160000 142 139
3.200000 138 139
3.240000 132 139
3.280000 127 139
3.320000 122 139
3.360000 117 139
3.400000 111 137
3.440000 105 137
3.480000 94 134
3.520000 85 138
3.560000 79 139
3.600000 84 134
3.640000 81 134
3.680000 62 134
3.720000 56 134
3.760000 51 134
3.800000 47 133
3.840000 59 130
3.880000 50 133
3.920000 40 132
3.960000 36 135
4.000000 33 135
4.040000 40 134
4.080000 38 136
4.120000 36 137
4.160000 33 137
4.200000 29 138
4.240000 27 137
4.280000 23 137
4.320000 18 135
4.360000 12 137
4.400000 12 137
4.440000 12 137
4.480000 12 137
4.520000 12 137
4.560000 12 137
4.600000 12 137
4.640000 12 137
4.680000 12 137
4.720000 12 137
4.760000 12 137
4.800000 12 137
4.840000 12 137
4.880000 12 137
4.920000 12 137
4.960000 12 137
5.000000 12 137
5.040000 12 137
5.080000 12 137
5.120000 12 137
5.160000 12 137
5.200000 12 137
5.240000 12 137
5.280000 12 137
5.320000 12 137
5.360000 12 137
5.400000 12 137
5.440000 12 137
5.480000 12 137
5.520000 12 137
5.560000 12 137
5.600000 12 137
5.640000 12 137
5.680000 12 137
