0.000000 307 61
0.040000 307 61
0.080000 307 61
0.120000 307 61
0.160000 307 61
0.200000 307 61
0.240000 307 61
0.280000 307 61
0.320000 307 61
0.360000 307 61
0.400000 307 61
0.440000 307 61
0.480000 307 61
0.520000 307 61
0.560000 307 61
0.600000 307 61
0.640000 307 61
0.680000 307 61
0.720000 307 61
0.760000 307 61
0.800000 307 61
0.840000 307 61
0.880000 307 61
0.920000 307 61
0.960000 307 61
1.000000 307 61
1.040000 307 61
1.080000 307 61
1.120000 307 61
1.160000 307 61
1.200000 307 61
1.240000 307 61
1.280000 307 61
1.320000 307 61
1.360000 307 61
1.400000 307 61
1.440000 307 61
1.480000 307 61
1.520000 306 60
1.560000 306 61
1.600000 306 60
1.640000 307 61
1.680000 308 61
1.720000 307 61
1.760000 308 61
1.800000 308 61
1.840000 307 62
1.880000 305 65
1.920000 304 67
1.960000 299 70
2.000000 294 71
2.040000 284 70
2.080000 273 69
2.120000 259 61
2.160000 247 59
2.200000 264 53
2.240000 221 54
2.280000 210 54
2.320000 207 52
2.360000 262 59
2.400000 207 53
2.440000 207 52
2.480000 207 52
2.520000 207 52
2.560000 206 54
2.600000 209 55
2.640000 206 54
2.680000 207 54
2.720000 206 53
2.760000 206 56
2.800000 205 56
2.840000 204 60
2.880000 199 65
2.920000 153 47
2.960000 183 67
3.000000 169 63
3.040000 158 61
3.080000 141 56
3.120000 153 49
3.160000 153 50
3.200000 103 52
3.240000 153 51
3.280000 97 51
3.320000 146 56
3.360000 96 51
3.400000 97 51
3.440000 96 51
3.480000 95 52
3.520000 95 55
3.560000 96 53
3.600000 96 52
3.640000 96 51
3.680000 96 52
3.720000 96 52
3.760000 96 56
3.800000 75 65
3.840000 88 65
3.880000 81 67
3.920000 73 65
3.960000 44 52
4.000000 51 61
4.040000 39 58
4.080000 27 57
4.120000 16 57
4.160000 7 59
4.200000 1 59
4.240000 1 58
4.280000 39 61
4.320000 39 61
4.360000 39 61
4.400000 39 61
4.440000 39 61
4.480000 39 61
4.520000 39 61
4.560000 39 61
4.600000 39 61
4.640000 39 61
4.680000 39 61
4.720000 39 61
4.760000 39 61
4.800000 39 61
4.840000 39 61
4.880000 39 61
4.920000 39 61
4.960000 39 61
5.000000 39 61
5.040000 39 61
5.080000 39 61
5.120000 39 61
5.160000 39 61
5.200000 39 61
5.240000 39 61
5.280000 39 61
5.320000 39 61
5.360000 39 61
5.400000 39 61
5.440000 39 61
5.480000 39 61
5.520000 39 61
5.560000 39 61
5.600000 39 61
5.640000 39 61
5.680000 39 61
