0.000000 310 98
0.040000 310 98
0.080000 310 98
0.120000 310 98
0.160000 310 98
0.200000 310 98
0.240000 310 98
0.280000 310 98
0.320000 310 98
0.360000 310 98
0.400000 310 98
0.440000 310 98
0.480000 310 98
0.520000 310 98
0.560000 310 98
0.600000 310 98
0.640000 310 98
0.680000 310 98
0.720000 310 98
0.760000 310 98
0.800000 310 98
0.840000 310 98
0.880000 310 98
0.920000 310 98
0.960000 310 98
1.000000 310 98
1.040000 310 98
1.080000 310 98
1.120000 310 98
1.160000 310 98
1.200000 310 98
1.240000 310 98
1.280000 310 98
1.320000 310 98
1.360000 310 98
1.400000 310 98
1.440000 310 98
1.480000 310 98
1.520000 307 93
1.560000 306 96
1.600000 304 93
1.640000 302 94
1.680000 301 94
1.720000 299 93
1.760000 298 93
1.800000 295 92
1.840000 293 92
1.880000 288 92
1.920000 281 91
1.960000 273 91
2.000000 266 88
2.040000 257 89
2.080000 251 90
2.120000 242 93
2.160000 237 93
2.200000 256 87
2.240000 228 89
2.280000 225 87
2.320000 220 87
2.360000 237 87
2.400000 210 87
2.440000 205 88
2.480000 205 87
2.520000 201 87
2.560000 200 91
2.600000 199 89
2.640000 199 88
2.680000 195 87
2.720000 194 87
2.760000 189 86
2.800000 184 87
2.840000 175 87
2.880000 168 86
2.920000 148 85
2.960000 147 86
3.000000 142 86
3.040000 134 89
3.080000 127 91
3.120000 141 85
3.160000 138 83
3.200000 114 87
3.240000 132 82
3.280000 103 85
3.320000 117 82
3.360000 95 86
3.400000 93 83
3.440000 91 85
3.480000 90 87
3.520000 75 89
3.560000 90 87
3.600000 87 87
3.640000 85 87
3.680000 82 87
3.720000 79 87
3.760000 75 87
3.800000 66 87
3.840000 59 87
3.880000 51 87
3.920000 42 87
3.960000 35 87
4.000000 33 88
4.040000 27 91
4.080000 19 91
4.120000 18 90
4.160000 14 90
4.200000 9 89
4.240000 6 88
4.280000 12 87
4.320000 12 87
4.360000 12 87
4.400000 12 87
4.440000 12 87
4.480000 12 87
4.520000 12 87
4.560000 12 87
4.600000 12 87
4.640000 12 87
4.680000 12 87
4.720000 12 87
4.760000 12 87
4.800000 12 87
4.840000 12 87
4.880000 12 87
4.920000 12 87
4.960000 12 87
5.000000 12 87
5.040000 12 87
5.080000 12 87
5.120000 12 87
5.160000 12 87
5.200000 12 87
5.240000 12 87
5.280000 12 87
5.320000 12 87
5.360000 12 87
5.400000 12 87
5.440000 12 87
5.480000 12 87
5.520000 12 87
5.560000 12 87
5.600000 12 87
5.640000 12 87
5.680000 12 87
