2.120000 300 67
2.160000 288 67
2.200000 281 67
2.240000 278 66
2.280000 277 65
2.320000 277 65
2.360000 275 65
2.400000 276 65
2.440000 275 65
2.480000 275 67
2.520000 277 67
2.560000 277 66
2.600000 276 65
2.640000 276 66
2.680000 275 66
2.720000 274 67
2.760000 272 69
2.800000 268 71
2.840000 259 76
2.880000 251 76
2.920000 240 76
2.960000 227 72
3.000000 210 67
3.040000 197 66
3.080000 183 65
3.120000 169 66
3.160000 160 65
3.200000 157 62
3.240000 156 61
3.280000 154 61
3.320000 153 61
3.360000 153 61
3.400000 154 61
3.440000 153 61
3.480000 155 61
3.520000 155 61
3.560000 154 61
3.600000 153 61
3.640000 153 61
3.680000 153 63
3.720000 149 65
3.760000 145 68
3.800000 137 72
3.840000 127 76
3.880000 116 75
3.920000 104 72
3.960000 89 69
4.000000 76 70
4.040000 64 65
4.080000 54 67
4.120000 45 67
4.160000 43 67
4.200000 40 65
4.240000 40 64
4.280000 40 65
4.320000 40 63
4.360000 39 63
4.400000 39 66
4.440000 39 66
4.480000 39 66
4.520000 40 65
4.560000 40 65
4.600000 39 65
4.640000 38 66
4.680000 38 67
4.720000 34 68
4.760000 29 72
4.800000 20 76
