1.480000 314 64
1.520000 303 61
1.560000 292 61
1.600000 286 61
1.640000 284 59
1.680000 283 58
1.720000 283 59
1.760000 283 58
1.800000 283 58
1.840000 283 59
1.880000 283 60
1.920000 283 60
1.960000 283 60
2.000000 282 59
2.040000 282 59
2.080000 282 60
2.120000 281 61
2.160000 279 61
2.200000 276 65
2.240000 269 67
2.280000 262 69
2.320000 251 69
2.360000 240 67
2.400000 227 61
2.440000 215 59
2.480000 200 58
2.520000 189 58
2.560000 182 59
2.600000 179 58
2.640000 178 57
2.680000 177 57
2.720000 177 56
2.760000 177 57
2.800000 178 57
2.840000 178 58
2.880000 177 60
2.920000 178 57
2.960000 177 57
3.000000 177 57
3.040000 176 57
3.080000 175 59
3.120000 173 59
3.160000 169 61
3.200000 164 66
3.240000 156 69
3.280000 146 69
3.320000 133 69
3.360000 122 61
3.400000 108 60
3.440000 95 58
3.480000 84 58
3.520000 75 59
3.560000 75 59
3.600000 74 58
3.640000 72 58
3.680000 71 59
3.720000 71 59
3.760000 72 57
3.800000 72 59
3.840000 71 60
3.880000 71 60
3.920000 71 58
3.960000 72 57
4.000000 71 59
4.040000 70 58
4.080000 69 60
4.120000 66 61
4.160000 60 66
4.200000 54 67
4.240000 44 70
4.280000 34 71
4.320000 27 64
4.360000 17 63
4.400000 7 61
4.440000 2 60
4.560000 25 64
4.680000 13 71
4.720000 7 72
