1.480000 303 55
1.640000 320 60
1.680000 311 58
1.720000 310 59
1.760000 310 57
1.800000 303 59
1.840000 292 61
1.880000 278 64
1.920000 266 58
1.960000 251 58
2.000000 236 61
2.040000 226 65
2.080000 223 67
2.120000 220 62
2.160000 216 60
2.200000 216 56
2.240000 216 56
2.280000 216 56
2.320000 216 56
2.360000 216 56
2.400000 219 56
2.440000 221 60
2.480000 215 56
2.520000 216 56
2.560000 216 56
2.600000 216 56
2.640000 215 56
2.680000 215 55
2.720000 213 55
2.760000 205 58
2.800000 191 57
2.840000 183 61
2.880000 164 57
2.920000 150 57
2.960000 134 59
3.000000 123 62
3.040000 116 66
3.080000 113 63
3.120000 111 60
3.160000 110 56
3.200000 110 56
3.240000 110 56
3.280000 109 56
3.320000 110 56
3.360000 111 56
3.400000 116 57
3.440000 110 56
3.480000 110 56
3.520000 108 56
3.560000 110 55
3.600000 110 55
3.640000 109 54
3.680000 107 52
3.720000 101 56
3.760000 87 56
3.800000 65 61
3.840000 59 57
3.880000 50 58
3.920000 37 61
3.960000 27 65
4.000000 21 67
4.040000 19 66
4.080000 18 62
4.120000 18 60
4.160000 18 58
4.200000 18 59
4.240000 18 59
4.280000 18 58
4.320000 18 58
4.360000 19 56
4.400000 18 60
4.440000 18 59
4.480000 18 59
4.520000 18 58
4.560000 18 58
4.600000 16 57
