0.000000 320 120
0.040000 320 120
0.080000 320 120
0.120000 320 120
0.160000 320 120
0.200000 320 120
0.240000 320 120
0.280000 320 120
0.320000 320 120
0.360000 320 120
0.400000 320 120
0.440000 320 120
0.480000 320 120
0.520000 320 120
0.560000 320 120
0.600000 320 120
0.640000 320 120
0.680000 320 120
0.720000 320 120
0.760000 320 120
0.800000 320 120
0.840000 320 120
0.880000 320 120
0.920000 320 120
0.960000 320 120
1.000000 320 120
1.040000 320 120
1.080000 320 120
1.120000 320 120
1.160000 320 120
1.200000 320 120
1.240000 320 120
1.280000 320 120
1.320000 320 120
1.360000 320 120
1.400000 320 120
1.440000 320 120
1.480000 320 120
1.520000 320 120
1.560000 320 120
1.600000 320 120
1.640000 320 120
1.680000 320 120
1.720000 320 120
1.760000 320 120
1.800000 320 120
1.840000 320 120
1.880000 320 120
1.920000 320 120
1.960000 320 120
2.000000 320 120
2.040000 320 120
2.080000 320 120
2.120000 320 120
2.160000 320 120
2.200000 320 120
2.240000 317 118
2.280000 313 117
2.320000 308 118
2.360000 304 117
2.400000 299 118
2.440000 298 119
2.480000 296 119
2.520000 294 122
2.560000 290 122
2.600000 288 121
2.640000 283 119
2.680000 281 119
2.720000 277 118
2.760000 271 118
2.800000 267 118
2.840000 262 117
2.880000 257 118
2.920000 252 118
2.960000 249 119
3.000000 246 118
3.040000 245 121
3.080000 241 121
3.120000 236 121
3.160000 234 119
3.200000 231 118
3.240000 226 118
3.280000 221 117
3.320000 216 118
3.360000 210 116
3.400000 205 115
3.440000 201 115
3.480000 195 117
3.520000 192 118
3.560000 184 117
3.600000 183 119
3.640000 179 119
3.680000 177 119
3.720000 173 119
3.760000 168 117
3.800000 164 116
3.840000 158 115
3.880000 153 115
3.920000 147 115
3.960000 140 115
4.000000 136 116
4.040000 133 115
4.080000 131 118
4.120000 127 117
4.160000 122 118
4.200000 119 118
4.240000 116 116
4.280000 112 117
4.320000 106 115
4.360000 101 114
4.400000 96 113
4.440000 91 114
4.480000 86 115
4.520000 81 117
4.560000 76 117
4.600000 75 117
4.640000 69 118
4.680000 65 119
4.720000 62 119
4.760000 59 119
4.800000 55 118
4.840000 53 116
4.880000 49 115
4.920000 45 115
4.960000 41 115
5.000000 35 113
5.040000 29 115
5.080000 25 117
5.120000 23 116
5.160000 21 115
5.200000 18 115
5.240000 14 118
5.280000 10 119
5.320000 6 116
5.360000 1 115
5.400000 2 113
5.440000 2 112
5.480000 2 114
5.520000 2 114
5.560000 2 114
5.600000 2 114
5.640000 2 114
5.680000 2 114
5.720000 2 114
5.760000 2 114
5.800000 2 114
