1.680000 292 63
1.760000 282 65
1.880000 320 72
1.920000 320 72
1.960000 311 63
2.000000 300 67
2.040000 288 69
2.080000 277 63
2.120000 264 62
2.160000 247 63
2.200000 236 64
2.240000 231 67
2.280000 227 64
2.320000 277 56
2.360000 277 56
2.400000 223 57
2.440000 271 58
2.480000 262 59
2.520000 224 58
2.560000 225 59
2.600000 225 58
2.640000 227 60
2.680000 224 58
2.720000 225 58
2.760000 225 58
2.800000 223 57
2.840000 223 56
2.880000 221 56
2.920000 221 57
2.960000 212 60
3.000000 200 61
3.040000 186 64
3.080000 168 58
3.120000 155 58
3.160000 165 55
3.200000 164 54
3.240000 115 62
3.280000 108 63
3.320000 107 57
3.360000 106 52
3.400000 106 53
3.440000 157 56
3.480000 106 54
3.520000 106 54
3.560000 107 54
3.600000 109 54
3.640000 107 55
3.680000 106 54
3.720000 107 54
3.760000 106 54
3.800000 106 53
3.840000 106 53
3.880000 106 53
3.920000 101 56
3.960000 90 57
4.000000 78 58
4.040000 69 62
4.080000 49 56
4.120000 38 56
4.160000 23 59
4.200000 13 61
4.240000 7 63
4.280000 6 61
4.320000 49 52
4.360000 5 56
4.400000 6 56
4.480000 5 57
4.520000 6 57
4.560000 7 56
4.600000 6 56
4.640000 7 57
4.840000 6 56
