1.720000 314 138
1.760000 309 137
1.800000 304 135
1.840000 301 137
1.880000 298 139
1.920000 294 139
1.960000 292 139
2.000000 288 139
2.040000 288 139
2.080000 283 139
2.120000 279 138
2.160000 273 137
2.200000 269 138
2.240000 265 139
2.280000 260 137
2.320000 257 138
2.360000 252 135
2.400000 247 135
2.440000 244 139
2.480000 241 139
2.640000 225 139
2.680000 220 138
2.720000 214 137
2.760000 209 135
2.800000 204 135
2.840000 199 135
2.880000 195 137
2.920000 190 138
3.120000 164 135
3.160000 158 135
3.200000 152 135
3.240000 144 135
3.280000 139 137
3.320000 134 136
3.360000 130 135
3.400000 127 135
3.440000 122 135
3.680000 99 133
3.720000 95 135
3.760000 90 135
3.800000 85 134
3.840000 79 132
4.120000 44 135
4.160000 55 138
4.200000 50 138
4.240000 49 137
4.280000 44 135
4.320000 39 134
4.360000 34 133
4.400000 29 133
4.440000 24 134
4.560000 13 138
