1.720000 314 156
1.760000 313 155
1.800000 308 156
1.840000 304 156
1.880000 299 156
1.920000 296 158
1.960000 293 158
2.000000 289 159
2.040000 288 159
2.080000 283 159
2.120000 281 159
2.160000 277 159
2.200000 273 159
2.240000 269 159
2.280000 264 158
2.320000 259 159
2.360000 257 159
2.400000 252 159
2.440000 246 160
2.480000 242 160
2.520000 239 160
2.560000 235 161
2.600000 231 161
2.640000 225 160
2.680000 220 160
2.720000 215 159
2.760000 210 157
2.800000 205 157
2.840000 200 157
2.880000 195 157
2.920000 190 158
2.960000 185 159
3.000000 181 159
3.040000 177 160
3.080000 173 161
3.120000 168 160
3.160000 163 159
3.200000 158 159
3.240000 153 159
3.280000 148 159
3.320000 143 158
3.360000 138 158
3.400000 132 159
3.440000 129 159
3.480000 125 160
3.520000 120 161
3.560000 114 161
3.600000 109 161
3.640000 106 161
3.680000 101 159
3.720000 95 159
3.760000 90 159
3.800000 84 158
3.840000 81 158
3.880000 72 158
3.920000 70 158
3.960000 66 159
4.000000 60 158
4.040000 57 159
4.080000 58 159
4.120000 52 159
4.160000 49 159
4.200000 44 158
4.240000 43 156
4.280000 38 155
4.320000 34 154
4.360000 29 154
4.400000 24 155
4.440000 21 155
4.480000 18 156
4.520000 14 157
4.560000 12 155
4.600000 8 155
4.640000 2 155
