1.560000 320 118
1.600000 320 113
1.640000 315 116
1.680000 310 117
1.720000 308 119
1.760000 304 120
1.800000 301 119
1.840000 298 119
1.880000 294 119
1.920000 292 121
1.960000 285 122
2.000000 283 122
2.040000 282 120
2.080000 279 119
2.120000 273 119
2.160000 271 118
2.200000 268 117
2.240000 261 118
2.280000 257 118
2.320000 255 118
2.360000 251 119
2.400000 247 119
2.440000 244 121
2.480000 241 119
2.520000 236 120
2.560000 235 119
2.600000 231 118
2.640000 228 118
2.680000 225 118
2.720000 220 118
2.760000 216 118
2.800000 210 118
2.840000 206 118
2.880000 205 119
2.920000 199 119
2.960000 195 120
3.000000 192 120
3.040000 189 119
3.080000 184 119
3.120000 183 118
3.160000 180 117
3.200000 174 117
3.240000 169 115
3.280000 164 117
3.320000 158 118
3.360000 158 117
3.400000 153 118
3.440000 151 118
3.480000 147 120
3.520000 143 119
3.560000 138 121
3.600000 137 119
3.640000 133 118
3.680000 129 118
3.720000 127 117
3.760000 122 117
3.800000 117 117
3.840000 112 118
3.880000 111 118
3.920000 106 118
3.960000 102 119
4.000000 101 119
4.040000 97 119
4.080000 95 119
4.120000 91 119
4.160000 88 118
4.200000 85 118
4.240000 80 117
4.280000 75 117
4.320000 71 117
4.360000 69 117
4.400000 64 117
4.440000 62 119
4.480000 59 119
4.520000 55 119
4.560000 52 119
4.600000 47 119
4.640000 43 118
4.680000 39 118
4.720000 38 117
4.760000 33 117
4.800000 31 116
4.840000 28 116
4.880000 20 118
4.920000 18 118
4.960000 17 119
5.000000 13 117
5.040000 12 118
5.080000 7 118
5.160000 2 118
5.200000 2 119
