1.560000 320 118
1.600000 320 114
1.640000 314 116
1.680000 309 118
1.720000 304 119
1.760000 301 121
1.800000 298 120
1.840000 294 120
1.880000 292 120
1.920000 288 122
1.960000 284 122
2.000000 283 122
2.040000 279 121
2.080000 277 119
2.120000 273 119
2.160000 270 119
2.200000 264 117
2.240000 262 119
2.280000 257 118
2.320000 252 119
2.360000 247 119
2.400000 246 121
2.440000 242 122
2.480000 238 120
2.520000 236 121
2.560000 232 120
2.600000 231 119
2.640000 226 119
2.680000 221 118
2.720000 218 118
2.760000 214 118
2.800000 210 119
2.840000 205 119
2.880000 201 119
2.920000 197 119
2.960000 194 121
3.000000 192 121
3.040000 190 120
3.080000 186 119
3.120000 183 118
3.160000 178 117
3.200000 174 117
3.240000 170 117
3.280000 165 117
3.320000 162 118
3.360000 157 118
3.400000 153 118
3.440000 149 119
3.480000 147 121
3.520000 142 119
3.560000 138 122
3.600000 136 119
3.640000 132 119
3.680000 129 118
3.720000 127 117
3.760000 121 118
3.800000 117 118
3.840000 112 119
3.880000 108 119
3.920000 105 119
3.960000 101 119
4.000000 99 120
4.040000 96 119
4.080000 95 119
4.120000 91 119
4.160000 88 119
4.200000 85 118
4.240000 81 117
4.280000 77 117
4.320000 74 118
4.360000 69 118
4.400000 65 118
4.440000 64 119
4.480000 59 119
4.520000 56 119
4.560000 54 119
4.600000 46 119
4.640000 44 119
4.680000 40 118
4.720000 36 117
4.760000 32 117
4.800000 28 117
4.840000 24 117
4.880000 22 119
4.920000 18 119
4.960000 18 119
5.000000 15 118
5.040000 13 118
5.080000 10 118
5.120000 7 119
5.160000 1 118
5.200000 2 118
