0.000000 320 128
0.040000 320 128
0.080000 320 128
0.120000 320 128
0.160000 320 128
0.200000 320 128
0.240000 320 128
0.280000 320 128
0.320000 320 128
0.360000 320 128
0.400000 320 128
0.440000 320 128
0.480000 320 128
0.520000 320 128
0.560000 320 128
0.600000 320 128
0.640000 320 128
0.680000 320 128
0.720000 320 128
0.760000 320 128
0.800000 320 128
0.840000 320 128
0.880000 320 128
0.920000 320 128
0.960000 320 128
1.000000 320 128
1.040000 320 128
1.080000 320 128
1.120000 320 128
1.160000 320 128
1.200000 320 128
1.240000 320 128
1.280000 320 128
1.320000 320 128
1.360000 320 128
1.400000 320 128
1.440000 320 128
1.480000 320 128
1.520000 320 128
1.560000 320 128
1.600000 320 128
1.640000 320 128
1.680000 320 128
1.720000 320 128
1.760000 320 128
1.800000 320 128
1.840000 320 128
1.880000 320 128
1.920000 320 128
1.960000 320 128
2.000000 320 128
2.040000 320 128
2.080000 320 128
2.120000 320 128
2.160000 320 128
2.200000 320 128
2.240000 320 128
2.280000 318 129
2.320000 317 130
2.360000 315 131
2.400000 310 133
2.440000 305 133
2.480000 300 133
2.520000 296 133
2.560000 292 133
2.600000 287 133
2.640000 282 133
2.680000 277 130
2.720000 271 132
2.760000 267 132
2.800000 262 130
2.840000 260 133
2.880000 257 133
2.920000 253 134
2.960000 251 134
3.000000 247 134
3.040000 242 134
3.080000 237 133
3.120000 236 132
3.160000 229 131
3.200000 222 132
3.240000 216 131
3.280000 211 130
3.320000 205 131
3.360000 199 130
3.400000 194 132
3.440000 187 133
3.480000 180 131
3.520000 173 130
3.560000 167 128
3.600000 160 128
3.640000 155 129
3.680000 151 130
3.720000 147 130
3.760000 144 131
3.800000 141 132
3.840000 137 133
3.880000 134 131
3.920000 131 131
3.960000 127 129
4.000000 121 129
4.040000 116 128
4.080000 111 128
4.120000 106 128
4.160000 101 128
4.200000 95 128
4.240000 86 129
4.280000 81 132
4.320000 75 130
4.360000 69 131
4.400000 64 129
4.440000 59 129
4.480000 54 128
4.520000 49 128
4.560000 44 127
4.600000 40 128
4.640000 38 129
4.680000 34 129
4.720000 31 129
4.760000 28 130
4.800000 26 129
4.840000 23 129
4.880000 18 128
4.920000 7 125
4.960000 5 126
5.000000 4 127
5.040000 3 128
5.080000 2 132
5.120000 2 132
5.160000 2 132
5.200000 2 132
5.240000 2 132
5.280000 2 132
5.320000 2 132
5.360000 2 132
5.400000 2 132
5.440000 2 132
5.480000 2 132
5.520000 2 132
5.560000 2 132
5.600000 2 132
5.640000 2 132
5.680000 2 132
