0.000000 320 66
0.040000 320 66
0.080000 320 66
0.120000 320 66
0.160000 320 66
0.200000 320 66
0.240000 320 66
0.280000 320 66
0.320000 320 66
0.360000 320 66
0.400000 320 66
0.440000 320 66
0.480000 320 66
0.520000 320 66
0.560000 320 66
0.600000 320 66
0.640000 320 66
0.680000 320 66
0.720000 320 66
0.760000 320 66
0.800000 320 66
0.840000 320 66
0.880000 320 66
0.920000 320 66
0.960000 320 66
1.000000 320 66
1.040000 320 66
1.080000 320 66
1.120000 320 66
1.160000 320 66
1.200000 320 66
1.240000 320 66
1.280000 320 66
1.320000 320 66
1.360000 320 66
1.400000 320 66
1.440000 320 66
1.480000 320 66
1.520000 320 66
1.560000 320 66
1.600000 320 66
1.640000 320 66
1.680000 320 66
1.720000 320 66
1.760000 320 66
1.800000 320 66
1.840000 320 66
1.880000 320 66
1.920000 320 66
1.960000 320 66
2.000000 320 66
2.040000 320 66
2.080000 320 66
2.120000 320 66
2.160000 320 66
2.200000 320 66
2.240000 320 66
2.280000 320 66
2.320000 320 66
2.360000 314 60
2.400000 304 59
2.440000 299 65
2.480000 279 59
2.520000 270 60
2.560000 253 61
2.600000 245 61
2.640000 238 61
2.680000 234 61
2.720000 233 56
2.760000 233 55
2.800000 233 55
2.840000 232 54
2.880000 231 54
2.920000 234 56
2.960000 230 56
3.000000 234 56
3.040000 233 55
3.080000 233 56
3.120000 234 56
3.160000 234 56
3.200000 232 55
3.240000 230 52
3.280000 220 55
3.320000 205 55
3.360000 199 56
3.400000 175 56
3.440000 160 56
3.480000 146 57
3.520000 136 60
3.560000 132 57
3.600000 128 56
3.640000 127 52
3.680000 127 52
3.720000 127 52
3.760000 127 52
3.800000 128 52
3.840000 129 53
3.880000 132 54
3.920000 128 52
3.960000 127 52
4.000000 127 52
4.040000 128 52
4.080000 129 52
4.120000 127 51
4.160000 120 51
4.200000 75 54
4.240000 95 56
4.280000 77 57
4.320000 69 56
4.360000 54 58
4.400000 43 61
4.440000 36 61
4.480000 33 59
4.520000 32 57
4.560000 32 56
4.600000 71 55
4.640000 29 56
4.680000 31 56
4.720000 33 59
4.760000 34 56
4.800000 31 56
4.840000 31 56
4.880000 31 56
4.920000 31 56
4.960000 32 56
5.000000 30 55
5.040000 28 54
5.080000 28 54
5.120000 28 54
5.160000 28 54
5.200000 28 54
5.240000 28 54
5.280000 28 54
5.320000 28 54
5.360000 28 54
5.400000 28 54
5.440000 28 54
5.480000 28 54
5.520000 28 54
5.560000 28 54
5.600000 28 54
5.640000 28 54
5.680000 28 54
