0.000000 309 133
0.040000 309 133
0.080000 309 133
0.120000 309 133
0.160000 309 133
0.200000 309 133
0.240000 309 133
0.280000 309 133
0.320000 309 133
0.360000 309 133
0.400000 309 133
0.440000 309 133
0.480000 309 133
0.520000 309 133
0.560000 309 133
0.600000 309 133
0.640000 309 133
0.680000 309 133
0.720000 309 133
0.760000 309 133
0.800000 309 133
0.840000 309 133
0.880000 309 133
0.920000 309 133
0.960000 309 133
1.000000 309 133
1.040000 309 133
1.080000 309 133
1.120000 309 133
1.160000 309 133
1.200000 309 133
1.240000 309 133
1.280000 309 133
1.320000 309 133
1.360000 309 133
1.400000 309 133
1.440000 309 133
1.480000 309 133
1.520000 309 133
1.560000 309 133
1.600000 309 133
1.640000 309 133
1.680000 309 133
1.720000 309 133
1.760000 309 133
1.800000 309 133
1.840000 309 133
1.880000 309 133
1.920000 309 133
1.960000 309 133
2.000000 309 133
2.040000 309 133
2.080000 309 133
2.120000 309 133
2.160000 309 133
2.200000 309 133
2.240000 309 133
2.280000 304 133
2.320000 300 133
2.360000 298 133
2.400000 294 134
2.440000 288 133
2.480000 284 133
2.520000 280 133
2.560000 277 133
2.600000 273 133
2.640000 270 133
2.680000 266 133
2.720000 263 133
2.760000 259 133
2.800000 255 133
2.840000 252 133
2.880000 248 133
2.920000 245 133
2.960000 241 133
3.000000 233 134
3.040000 230 133
3.080000 223 133
3.120000 217 131
3.160000 212 130
3.200000 210 132
3.240000 205 132
3.280000 199 132
3.320000 190 131
3.360000 185 131
3.400000 181 131
3.440000 177 130
3.480000 173 130
3.520000 168 130
3.560000 164 129
3.600000 160 129
3.640000 156 129
3.680000 152 128
3.720000 147 128
3.760000 143 128
3.800000 139 127
3.840000 135 127
3.880000 130 127
3.920000 126 126
3.960000 122 126
4.000000 118 126
4.040000 104 124
4.080000 101 125
4.120000 98 125
4.160000 95 126
4.200000 92 126
4.240000 89 126
4.280000 86 127
4.320000 83 127
4.360000 80 127
4.400000 77 128
4.440000 74 128
4.480000 71 128
4.520000 68 129
4.560000 59 130
4.600000 55 130
4.640000 51 130
4.680000 47 130
4.720000 43 130
4.760000 39 130
4.800000 35 130
4.840000 31 130
4.880000 27 130
4.920000 23 130
4.960000 19 130
5.000000 15 130
5.040000 12 129
5.080000 12 129
5.120000 12 129
5.160000 12 129
5.200000 12 129
5.240000 12 129
5.280000 12 129
5.320000 12 129
5.360000 12 129
5.400000 12 129
5.440000 12 129
5.480000 12 129
5.520000 12 129
5.560000 12 129
5.600000 12 129
5.640000 12 129
5.680000 12 129
