0.000000 315 113
0.040000 315 113
0.080000 315 113
0.120000 315 113
0.160000 315 113
0.200000 315 113
0.240000 315 113
0.280000 315 113
0.320000 315 113
0.360000 315 113
0.400000 315 113
0.440000 315 113
0.480000 315 113
0.520000 315 113
0.560000 315 113
0.600000 315 113
0.640000 315 113
0.680000 315 113
0.720000 315 113
0.760000 315 113
0.800000 315 113
0.840000 315 113
0.880000 315 113
0.920000 315 113
0.960000 315 113
1.000000 315 113
1.040000 315 113
1.080000 315 113
1.120000 315 113
1.160000 315 113
1.200000 315 113
1.240000 315 113
1.280000 315 113
1.320000 315 113
1.360000 315 113
1.400000 315 113
1.440000 315 113
1.480000 315 113
1.520000 315 113
1.560000 315 113
1.600000 308 113
1.640000 303 114
1.680000 298 116
1.720000 293 117
1.760000 288 117
1.800000 283 114
1.840000 278 114
1.880000 273 113
1.920000 268 113
1.960000 262 113
2.000000 255 113
2.040000 250 113
2.080000 242 113
2.120000 237 113
2.160000 234 116
2.200000 229 115
2.240000 225 113
2.280000 220 113
2.320000 212 111
2.360000 205 111
2.400000 199 109
2.440000 191 111
2.480000 185 111
2.520000 179 113
2.560000 173 114
2.600000 167 116
2.640000 161 117
2.680000 153 113
2.720000 149 112
2.760000 143 111
2.800000 137 109
2.840000 128 111
2.880000 122 111
2.920000 116 111
2.960000 111 113
3.000000 107 113
3.040000 101 113
3.080000 96 113
3.120000 91 112
3.160000 86 109
3.200000 80 109
3.240000 71 109
3.280000 66 110
3.320000 60 110
3.360000 55 112
3.400000 50 113
3.440000 44 114
3.480000 40 114
3.520000 35 114
3.560000 31 113
3.600000 26 113
3.640000 19 112
3.680000 12 111
3.720000 7 112
3.760000 2 110
3.800000 2 114
3.840000 2 114
3.880000 2 114
3.920000 2 114
3.960000 2 114
4.000000 2 114
