0.000000 302 113
0.040000 302 113
0.080000 302 113
0.120000 302 113
0.160000 302 113
0.200000 302 113
0.240000 302 113
0.280000 302 113
0.320000 302 113
0.360000 302 113
0.400000 302 113
0.440000 302 113
0.480000 302 113
0.520000 302 113
0.560000 302 113
0.600000 302 113
0.640000 302 113
0.680000 302 113
0.720000 302 113
0.760000 302 113
0.800000 302 113
0.840000 302 113
0.880000 302 113
0.920000 302 113
0.960000 302 113
1.000000 302 113
1.040000 302 113
1.080000 302 113
1.120000 302 113
1.160000 302 113
1.200000 302 113
1.240000 302 113
1.280000 302 113
1.320000 302 113
1.360000 302 113
1.400000 302 113
1.440000 302 113
1.480000 302 113
1.520000 302 113
1.560000 302 113
1.600000 299 113
1.640000 295 113
1.680000 294 113
1.720000 293 114
1.760000 293 117
1.800000 289 113
1.840000 288 112
1.880000 284 112
1.920000 282 109
1.960000 275 109
2.000000 268 108
2.040000 261 108
2.080000 251 108
2.120000 241 111
2.160000 231 113
2.200000 220 112
2.240000 208 113
2.280000 195 113
2.320000 187 113
2.360000 179 113
2.400000 173 113
2.440000 168 112
2.480000 164 111
2.520000 164 113
2.560000 163 111
2.600000 162 113
2.640000 162 113
2.680000 158 113
2.720000 158 111
2.760000 153 108
2.800000 149 108
2.840000 143 108
2.880000 137 108
2.920000 127 108
2.960000 117 109
3.000000 107 111
3.040000 95 108
3.080000 83 108
3.120000 71 109
3.160000 63 110
3.200000 55 110
3.240000 49 112
3.280000 43 111
3.320000 39 109
3.360000 37 109
3.400000 34 109
3.440000 34 111
3.480000 33 108
3.520000 30 113
3.560000 29 108
3.600000 28 108
3.640000 25 109
3.680000 21 112
3.720000 16 111
3.760000 16 111
3.800000 16 111
3.840000 16 111
3.880000 16 111
3.920000 16 111
3.960000 16 111
4.000000 16 111
