0.000000 304 161
0.040000 304 161
0.080000 304 161
0.120000 304 161
0.160000 304 161
0.200000 304 161
0.240000 304 161
0.280000 304 161
0.320000 304 161
0.360000 304 161
0.400000 304 161
0.440000 304 161
0.480000 304 161
0.520000 304 161
0.560000 304 161
0.600000 304 161
0.640000 304 161
0.680000 304 161
0.720000 304 161
0.760000 304 161
0.800000 304 161
0.840000 304 161
0.880000 304 161
0.920000 304 161
0.960000 304 161
1.000000 304 161
1.040000 304 161
1.080000 304 161
1.120000 304 161
1.160000 304 161
1.200000 304 161
1.240000 304 161
1.280000 304 161
1.320000 304 161
1.360000 304 161
1.400000 304 161
1.440000 304 161
1.480000 304 161
1.520000 304 161
1.560000 304 161
1.600000 299 163
1.640000 294 164
1.680000 288 165
1.720000 283 166
1.760000 278 167
1.800000 273 166
1.840000 268 165
1.880000 262 165
1.920000 257 164
1.960000 252 164
2.000000 247 164
2.040000 242 165
2.080000 236 165
2.120000 231 167
2.160000 225 169
2.200000 219 169
2.240000 213 167
2.280000 207 165
2.320000 201 165
2.360000 195 165
2.400000 189 164
2.440000 183 165
2.480000 177 165
2.520000 170 165
2.560000 165 166
2.600000 158 167
2.640000 153 167
2.680000 147 165
2.720000 142 165
2.760000 135 165
2.800000 129 165
2.840000 123 165
2.880000 116 165
2.920000 111 165
2.960000 105 165
3.000000 99 166
3.040000 93 166
3.080000 88 165
3.120000 83 163
3.160000 77 161
3.200000 71 160
3.240000 66 159
3.280000 60 160
3.320000 55 160
3.360000 49 160
3.400000 44 161
3.440000 39 161
3.480000 34 161
3.520000 28 161
3.560000 23 160
3.600000 18 159
3.640000 13 158
3.680000 11 159
3.720000 11 159
3.760000 11 159
3.800000 11 159
3.840000 11 159
3.880000 11 159
3.920000 11 159
3.960000 11 159
4.000000 11 159
