1.360000 314 130
1.400000 310 133
1.440000 307 133
1.480000 304 133
1.520000 303 133
1.560000 299 133
1.600000 299 133
1.640000 296 134
1.680000 293 133
1.720000 288 133
1.760000 284 132
1.800000 279 132
1.840000 273 132
1.880000 268 132
1.920000 262 130
1.960000 257 133
2.000000 251 133
2.040000 243 133
2.080000 236 133
2.120000 231 134
2.160000 223 130
2.200000 216 130
2.240000 209 129
2.280000 205 130
2.320000 199 130
2.360000 195 133
2.400000 192 133
2.440000 189 133
2.480000 186 132
2.520000 183 133
2.560000 179 133
2.600000 171 131
2.640000 170 130
2.680000 166 130
2.720000 159 130
2.760000 153 129
2.800000 147 129
2.840000 142 130
2.880000 134 130
2.920000 127 131
2.960000 121 130
3.000000 116 132
3.040000 108 131
3.080000 101 129
3.120000 95 128
3.160000 90 128
3.200000 86 130
3.240000 81 130
3.280000 79 130
3.320000 75 130
3.360000 75 130
3.400000 69 130
3.440000 66 130
3.480000 64 130
3.520000 60 129
3.560000 55 128
3.600000 49 126
3.640000 45 126
3.680000 41 126
3.720000 34 127
3.760000 29 128
3.800000 23 129
3.840000 18 128
3.880000 12 130
3.920000 7 129
3.960000 2 130
4.040000 2 131
4.080000 8 129
