1.400000 320 66
1.440000 320 75
1.480000 320 71
1.520000 312 72
1.560000 299 69
1.600000 288 65
1.640000 276 61
1.680000 263 61
1.720000 255 61
1.760000 251 59
1.800000 250 57
1.840000 250 57
1.880000 250 58
1.920000 250 57
1.960000 251 58
2.000000 251 60
2.040000 251 59
2.080000 251 60
2.120000 251 61
2.160000 251 61
2.200000 250 62
2.240000 247 65
2.280000 244 67
2.320000 237 71
2.360000 227 72
2.400000 218 71
2.440000 205 70
2.480000 192 61
2.520000 177 61
2.560000 162 57
2.600000 149 57
2.640000 142 56
2.680000 138 56
2.720000 138 56
2.760000 138 56
2.800000 138 56
2.840000 138 56
2.880000 138 56
2.920000 139 56
2.960000 139 56
3.000000 139 56
3.040000 139 58
3.080000 138 59
3.120000 138 61
3.160000 134 62
3.200000 129 67
3.240000 121 70
3.280000 112 69
3.320000 101 67
3.360000 86 61
3.400000 74 61
3.440000 62 57
3.480000 50 57
3.520000 40 58
3.560000 34 58
3.600000 33 56
3.640000 34 56
3.680000 33 56
3.720000 34 56
3.760000 34 56
3.800000 33 57
3.840000 34 59
3.880000 34 57
3.920000 34 59
3.960000 34 59
4.000000 34 61
4.040000 33 61
4.080000 29 62
4.120000 25 67
