0.000000 283 56
0.040000 283 56
0.080000 283 56
0.120000 283 56
0.160000 283 56
0.200000 283 56
0.240000 283 56
0.280000 283 56
0.320000 283 56
0.360000 283 56
0.400000 283 56
0.440000 283 56
0.480000 283 56
0.520000 283 56
0.560000 283 56
0.600000 283 56
0.640000 283 56
0.680000 283 56
0.720000 283 56
0.760000 283 56
0.800000 283 56
0.840000 283 56
0.880000 283 56
0.920000 283 56
0.960000 283 56
1.000000 283 56
1.040000 283 56
1.080000 283 56
1.120000 283 56
1.160000 283 56
1.200000 283 56
1.240000 283 56
1.280000 283 56
1.320000 283 56
1.360000 283 56
1.400000 283 56
1.440000 283 56
1.480000 283 56
1.520000 282 56
1.560000 313 63
1.600000 281 56
1.640000 281 56
1.680000 282 56
1.720000 282 56
1.760000 282 56
1.800000 281 56
1.840000 240 66
1.880000 280 56
1.920000 232 63
1.960000 231 59
2.000000 230 58
2.040000 230 58
2.080000 272 57
2.120000 262 56
2.160000 251 56
2.200000 231 57
2.240000 223 54
2.280000 211 55
2.320000 199 56
2.360000 190 60
2.400000 184 60
2.440000 181 56
2.480000 179 53
2.520000 179 52
2.560000 179 52
2.600000 179 52
2.640000 179 52
2.680000 179 52
2.720000 179 52
2.760000 177 52
2.800000 179 52
2.840000 179 52
2.880000 179 52
2.920000 178 51
2.960000 179 51
3.000000 130 58
3.040000 128 57
3.080000 174 51
3.120000 166 54
3.160000 128 56
3.200000 129 57
3.240000 127 56
3.280000 116 54
3.320000 128 56
3.360000 91 56
3.400000 82 60
3.440000 79 60
3.480000 77 55
3.520000 76 54
3.560000 75 55
3.600000 122 56
3.640000 112 57
3.680000 75 53
3.720000 75 54
3.760000 75 52
3.800000 73 54
3.840000 75 52
3.880000 75 52
3.920000 75 52
3.960000 75 52
4.000000 75 52
4.040000 75 51
4.080000 75 52
4.120000 71 54
4.160000 62 56
4.200000 53 55
4.240000 38 59
4.280000 30 56
4.320000 19 56
4.360000 5 59
4.400000 4 59
4.440000 3 59
4.480000 2 59
4.520000 1 56
4.560000 2 56
4.600000 33 56
4.640000 32 57
4.680000 23 58
4.720000 18 58
4.760000 18 58
4.800000 18 58
4.840000 18 58
4.880000 18 58
4.920000 18 58
4.960000 18 58
5.000000 18 58
5.040000 18 58
5.080000 18 58
5.120000 18 58
5.160000 18 58
5.200000 18 58
5.240000 18 58
5.280000 18 58
5.320000 18 58
5.360000 18 58
5.400000 18 58
5.440000 18 58
5.480000 18 58
