0.000000 314 154
0.040000 314 154
0.080000 314 154
0.120000 314 154
0.160000 314 154
0.200000 314 154
0.240000 314 154
0.280000 314 154
0.320000 314 154
0.360000 314 154
0.400000 314 154
0.440000 314 154
0.480000 314 154
0.520000 314 154
0.560000 314 154
0.600000 314 154
0.640000 314 154
0.680000 314 154
0.720000 314 154
0.760000 314 154
0.800000 314 154
0.840000 314 154
0.880000 314 154
0.920000 314 154
0.960000 314 154
1.000000 314 154
1.040000 314 154
1.080000 314 154
1.120000 314 154
1.160000 314 154
1.200000 314 154
1.240000 314 154
1.280000 314 154
1.320000 314 154
1.360000 314 154
1.400000 310 153
1.440000 308 154
1.480000 304 153
1.520000 300 153
1.560000 298 154
1.600000 294 154
1.640000 291 155
1.680000 288 155
1.720000 284 156
1.760000 283 156
1.800000 279 154
1.840000 275 154
1.880000 272 154
1.920000 268 154
1.960000 264 154
2.000000 259 154
2.040000 256 154
2.080000 249 155
2.120000 246 156
2.160000 242 156
2.200000 238 157
2.240000 236 156
2.280000 231 155
2.320000 226 155
2.360000 222 155
2.400000 219 154
2.440000 216 154
2.480000 212 154
2.520000 209 154
2.560000 205 154
2.600000 199 154
2.640000 195 155
2.680000 190 156
2.720000 187 158
2.760000 184 159
2.800000 179 158
2.840000 175 156
2.880000 171 156
2.920000 168 154
2.960000 164 154
3.000000 158 154
3.040000 155 155
3.080000 149 155
3.120000 144 155
3.160000 139 155
3.200000 136 157
3.240000 132 158
3.280000 130 159
3.320000 124 156
3.360000 121 156
3.400000 116 155
3.440000 114 154
3.480000 111 154
3.520000 109 154
3.560000 105 154
3.600000 96 154
3.640000 92 154
3.680000 89 155
3.720000 90 156
3.760000 86 158
3.800000 85 156
3.840000 79 155
3.880000 77 155
3.920000 74 154
3.960000 70 154
4.000000 66 153
4.040000 61 152
4.080000 57 152
4.120000 54 153
4.160000 49 154
4.200000 44 154
4.240000 41 155
4.280000 38 156
4.320000 38 154
4.360000 34 155
4.400000 31 154
4.440000 27 153
4.480000 23 153
4.520000 21 150
4.560000 18 150
4.600000 12 150
4.640000 11 150
4.680000 8 150
4.720000 8 150
4.760000 8 150
4.800000 8 150
4.840000 8 150
4.880000 8 150
4.920000 8 150
4.960000 8 150
5.000000 8 150
5.040000 8 150
5.080000 8 150
5.120000 8 150
5.160000 8 150
5.200000 8 150
5.240000 8 150
5.280000 8 150
5.320000 8 150
5.360000 8 150
5.400000 8 150
5.440000 8 150
5.480000 8 150
