0.000000 304 124
0.040000 304 124
0.080000 304 124
0.120000 304 124
0.160000 304 124
0.200000 304 124
0.240000 304 124
0.280000 304 124
0.320000 304 124
0.360000 304 124
0.400000 304 124
0.440000 304 124
0.480000 304 124
0.520000 304 124
0.560000 304 124
0.600000 304 124
0.640000 304 124
0.680000 304 124
0.720000 304 124
0.760000 304 124
0.800000 304 124
0.840000 304 124
0.880000 304 124
0.920000 304 124
0.960000 304 124
1.000000 304 124
1.040000 304 124
1.080000 304 124
1.120000 304 124
1.160000 304 124
1.200000 304 124
1.240000 304 124
1.280000 304 124
1.320000 304 124
1.360000 304 124
1.400000 300 124
1.440000 298 124
1.480000 294 123
1.520000 292 120
1.560000 290 119
1.600000 288 126
1.640000 286 126
1.680000 283 124
1.720000 279 124
1.760000 275 124
1.800000 271 124
1.840000 268 124
1.880000 264 124
1.920000 260 123
1.960000 256 123
2.000000 253 123
2.040000 249 123
2.080000 245 123
2.120000 241 122
2.160000 238 122
2.200000 234 122
2.240000 230 122
2.280000 226 122
2.320000 216 122
2.360000 211 122
2.400000 207 122
2.440000 204 123
2.480000 200 123
2.520000 194 118
2.560000 190 119
2.600000 187 119
2.640000 184 119
2.680000 181 119
2.720000 178 119
2.760000 175 119
2.800000 169 119
2.840000 166 119
2.880000 160 119
2.920000 160 118
2.960000 160 117
3.000000 161 116
3.040000 158 113
3.080000 153 114
3.120000 148 115
3.160000 143 115
3.200000 138 116
3.240000 133 116
3.280000 128 117
3.320000 123 117
3.360000 118 118
3.400000 109 119
3.440000 101 118
3.480000 98 118
3.520000 95 118
3.560000 93 118
3.600000 90 118
3.640000 81 117
3.680000 81 117
3.720000 81 117
3.760000 81 117
3.800000 81 117
3.840000 81 117
3.880000 79 118
3.920000 75 119
3.960000 74 118
4.000000 69 115
4.040000 66 116
4.080000 63 117
4.120000 60 116
4.160000 55 115
4.200000 44 117
4.240000 44 117
4.280000 44 117
4.320000 44 117
4.360000 44 117
4.400000 44 117
4.440000 44 117
4.480000 44 117
4.520000 44 117
4.560000 44 117
4.600000 44 117
4.640000 44 117
4.680000 44 117
4.720000 44 117
4.760000 44 117
4.800000 44 117
4.840000 44 117
4.880000 44 117
4.920000 44 117
4.960000 44 117
5.000000 44 117
5.040000 44 117
5.080000 44 117
5.120000 44 117
5.160000 44 117
5.200000 44 117
5.240000 44 117
5.280000 44 117
5.320000 44 117
5.360000 44 117
5.400000 44 117
5.440000 44 117
5.480000 44 117
