0.000000 298 59
0.040000 298 59
0.080000 298 59
0.120000 298 59
0.160000 298 59
0.200000 298 59
0.240000 298 59
0.280000 298 59
0.320000 298 59
0.360000 298 59
0.400000 298 59
0.440000 298 59
0.480000 298 59
0.520000 298 59
0.560000 298 59
0.600000 298 59
0.640000 298 59
0.680000 298 59
0.720000 298 59
0.760000 298 59
0.800000 298 59
0.840000 298 59
0.880000 298 59
0.920000 298 59
0.960000 298 59
1.000000 298 59
1.040000 298 59
1.080000 298 59
1.120000 298 59
1.160000 298 59
1.200000 298 59
1.240000 298 59
1.280000 298 59
1.320000 298 59
1.360000 298 59
1.400000 298 59
1.440000 298 59
1.480000 298 59
1.520000 298 59
1.560000 298 59
1.600000 298 59
1.640000 298 59
1.680000 298 59
1.720000 298 59
1.760000 298 59
1.800000 298 59
1.840000 298 59
1.880000 298 59
1.920000 298 59
1.960000 298 59
2.000000 298 59
2.040000 298 59
2.080000 298 59
2.120000 298 59
2.160000 298 59
2.200000 298 59
2.240000 298 59
2.280000 298 59
2.320000 298 59
2.360000 298 59
2.400000 298 59
2.440000 298 59
2.480000 298 59
2.520000 298 59
2.560000 298 59
2.600000 298 59
2.640000 298 59
2.680000 298 59
2.720000 298 59
2.760000 298 60
2.800000 298 60
2.840000 298 60
2.880000 298 61
2.920000 299 61
2.960000 298 61
3.000000 298 61
3.040000 298 61
3.080000 298 61
3.120000 298 61
3.160000 297 62
3.200000 293 65
3.240000 288 67
3.280000 279 71
3.320000 271 71
3.360000 261 67
3.400000 247 66
3.440000 236 61
3.480000 223 60
3.520000 209 58
3.560000 195 57
3.600000 189 58
3.640000 185 57
3.680000 183 56
3.720000 184 56
3.760000 183 56
3.800000 184 56
3.840000 184 56
3.880000 184 56
3.920000 184 56
3.960000 184 57
4.000000 184 56
4.040000 184 57
4.080000 183 60
4.120000 181 60
4.160000 179 61
4.200000 174 64
4.240000 168 67
4.280000 158 68
4.320000 147 67
4.360000 136 67
4.400000 123 58
4.440000 111 57
4.480000 95 56
4.520000 81 56
4.560000 71 59
4.600000 69 61
4.640000 64 56
4.680000 63 55
4.720000 63 53
4.760000 63 53
4.800000 63 54
4.840000 63 54
4.880000 62 56
4.920000 62 56
4.960000 64 56
5.000000 63 56
5.040000 62 56
5.080000 62 56
5.120000 60 58
5.160000 59 60
5.200000 54 62
5.240000 47 67
5.280000 38 67
5.320000 27 67
5.360000 8 61
5.400000 9 61
5.440000 10 61
5.480000 11 61
5.520000 12 61
5.560000 13 61
5.600000 12 61
5.640000 12 61
5.680000 12 61
5.720000 12 61
5.760000 12 61
5.800000 12 61
5.840000 12 61
5.880000 12 61
5.920000 12 61
5.960000 12 61
