0.000000 315 150
0.040000 315 150
0.080000 315 150
0.120000 315 150
0.160000 315 150
0.200000 315 150
0.240000 315 150
0.280000 315 150
0.320000 315 150
0.360000 315 150
0.400000 315 150
0.440000 315 150
0.480000 315 150
0.520000 315 150
0.560000 315 150
0.600000 315 150
0.640000 315 150
0.680000 315 150
0.720000 315 150
0.760000 315 150
0.800000 315 150
0.840000 315 150
0.880000 315 150
0.920000 315 150
0.960000 315 150
1.000000 315 150
1.040000 315 150
1.080000 315 150
1.120000 315 150
1.160000 315 150
1.200000 315 150
1.240000 315 150
1.280000 315 150
1.320000 315 150
1.360000 315 150
1.400000 315 150
1.440000 315 150
1.480000 315 150
1.520000 315 150
1.560000 315 150
1.600000 315 150
1.640000 315 150
1.680000 315 150
1.720000 315 150
1.760000 315 150
1.800000 315 150
1.840000 315 150
1.880000 315 150
1.920000 315 150
1.960000 315 150
2.000000 315 150
2.040000 315 150
2.080000 315 150
2.120000 315 150
2.160000 313 150
2.200000 310 149
2.240000 308 149
2.280000 303 149
2.320000 299 149
2.360000 295 149
2.400000 292 149
2.440000 287 149
2.480000 283 149
2.520000 279 149
2.560000 275 149
2.600000 272 149
2.640000 268 150
2.680000 266 150
2.720000 262 150
2.760000 257 149
2.800000 253 149
2.840000 249 149
2.880000 245 149
2.920000 241 150
2.960000 236 149
3.000000 227 150
3.040000 221 150
3.080000 218 150
3.120000 214 151
3.160000 210 150
3.200000 205 150
3.240000 200 150
3.280000 195 149
3.320000 190 150
3.360000 184 149
3.400000 180 150
3.440000 176 150
3.480000 173 150
3.520000 169 151
3.560000 164 151
3.600000 160 150
3.640000 154 150
3.680000 152 150
3.720000 147 149
3.760000 142 149
3.800000 137 149
3.840000 132 149
3.880000 127 150
3.920000 122 150
3.960000 119 150
4.000000 114 150
4.040000 110 149
4.080000 106 149
4.120000 100 148
4.160000 95 148
4.200000 91 148
4.240000 86 149
4.280000 84 149
4.320000 80 150
4.360000 75 149
4.400000 71 150
4.440000 68 150
4.480000 64 149
4.520000 59 149
4.560000 55 147
4.600000 49 146
4.640000 46 146
4.680000 43 146
4.720000 39 147
4.760000 34 147
4.800000 31 148
4.840000 28 146
4.880000 23 146
4.920000 18 145
4.960000 14 145
5.000000 11 145
5.040000 7 145
5.080000 7 145
5.120000 7 145
5.160000 7 145
5.200000 7 145
5.240000 7 145
5.280000 7 145
5.320000 7 145
5.360000 7 145
5.400000 7 145
5.440000 7 145
5.480000 7 145
5.520000 7 145
5.560000 7 145
5.600000 7 145
5.640000 7 145
5.680000 7 145
5.720000 7 145
5.760000 7 145
5.800000 7 145
