0.000000 302 119
0.040000 302 119
0.080000 302 119
0.120000 302 119
0.160000 302 119
0.200000 302 119
0.240000 302 119
0.280000 302 119
0.320000 302 119
0.360000 302 119
0.400000 302 119
0.440000 302 119
0.480000 302 119
0.520000 302 119
0.560000 302 119
0.600000 302 119
0.640000 302 119
0.680000 302 119
0.720000 302 119
0.760000 302 119
0.800000 302 119
0.840000 302 119
0.880000 302 119
0.920000 302 119
0.960000 302 119
1.000000 302 119
1.040000 302 119
1.080000 302 119
1.120000 302 119
1.160000 302 119
1.200000 302 119
1.240000 302 119
1.280000 302 119
1.320000 302 119
1.360000 302 119
1.400000 302 119
1.440000 302 119
1.480000 302 119
1.520000 302 119
1.560000 302 119
1.600000 302 119
1.640000 302 119
1.680000 302 119
1.720000 302 119
1.760000 302 119
1.800000 302 119
1.840000 302 119
1.880000 302 119
1.920000 302 119
1.960000 302 119
2.000000 302 119
2.040000 302 119
2.080000 302 119
2.120000 302 119
2.160000 298 119
2.200000 294 119
2.240000 291 119
2.280000 287 119
2.320000 284 119
2.360000 281 119
2.400000 277 119
2.440000 274 118
2.480000 271 118
2.520000 267 118
2.560000 264 118
2.600000 261 118
2.640000 257 118
2.680000 254 118
2.720000 244 118
2.760000 236 117
2.800000 231 118
2.840000 225 117
2.880000 222 117
2.920000 220 117
2.960000 218 117
3.000000 217 117
3.040000 215 117
3.080000 214 117
3.120000 212 116
3.160000 211 116
3.200000 209 116
3.240000 208 116
3.280000 199 113
3.320000 193 114
3.360000 187 114
3.400000 181 114
3.440000 176 114
3.480000 170 114
3.520000 164 114
3.560000 158 114
3.600000 148 116
3.640000 144 116
3.680000 132 115
3.720000 130 114
3.760000 128 113
3.800000 124 110
3.840000 123 111
3.880000 123 111
3.920000 122 112
3.960000 122 112
4.000000 121 113
4.040000 119 113
4.080000 117 113
4.120000 115 113
4.160000 108 114
4.200000 96 113
4.240000 90 114
4.280000 85 114
4.320000 80 114
4.360000 75 115
4.400000 69 115
4.440000 64 115
4.480000 59 116
4.520000 54 116
4.560000 39 115
4.600000 38 115
4.640000 37 115
4.680000 36 115
4.720000 35 115
4.760000 35 114
4.800000 34 114
4.840000 33 114
4.880000 32 114
4.920000 32 113
4.960000 29 113
5.000000 27 113
5.040000 23 113
5.080000 19 113
5.120000 14 113
5.160000 14 113
5.200000 14 113
5.240000 14 113
5.280000 14 113
5.320000 14 113
5.360000 14 113
5.400000 14 113
5.440000 14 113
5.480000 14 113
5.520000 14 113
5.560000 14 113
5.600000 14 113
5.640000 14 113
5.680000 14 113
5.720000 14 113
5.760000 14 113
5.800000 14 113
