1.360000 244 134
1.400000 240 134
1.440000 236 133
1.480000 233 133
1.520000 230 132
1.560000 227 131
1.600000 224 131
1.640000 221 130
1.680000 212 132
1.720000 207 133
1.760000 199 134
1.800000 194 136
1.840000 188 135
1.880000 179 133
1.920000 176 132
1.960000 174 131
2.000000 164 128
2.040000 161 129
2.080000 158 129
2.120000 155 130
2.160000 147 136
2.200000 141 138
2.240000 134 139
2.280000 128 138
2.320000 122 136
2.360000 113 134
2.400000 109 134
2.440000 106 133
2.480000 102 132
2.520000 99 131
2.560000 96 131
2.600000 92 130
2.640000 81 129
2.680000 77 131
2.720000 74 132
2.760000 70 134
2.800000 67 135
2.840000 63 137
2.880000 55 139
2.920000 49 136
2.960000 48 136
3.000000 47 135
3.040000 47 134
3.080000 46 133
3.120000 45 132
3.160000 45 131
3.200000 43 129
3.240000 41 129
3.280000 39 128
3.320000 37 128
3.360000 33 127
3.400000 30 127
3.440000 27 127
3.480000 27 127
3.520000 27 127
3.560000 27 127
3.600000 27 127
