1.280000 310 93
1.320000 299 96
1.360000 293 96
1.400000 286 97
1.440000 282 96
1.480000 277 92
1.520000 273 90
1.560000 267 88
1.600000 262 89
1.640000 255 87
1.680000 251 87
1.720000 249 88
1.760000 246 88
1.800000 247 92
1.840000 246 92
1.880000 242 91
1.920000 241 89
1.960000 237 88
2.000000 234 88
2.040000 227 89
2.080000 219 88
2.120000 208 87
2.160000 195 87
2.200000 188 87
2.240000 174 92
2.280000 165 93
2.320000 158 95
2.360000 150 95
2.400000 145 94
2.440000 140 87
2.480000 136 87
2.520000 130 85
2.560000 122 83
2.600000 117 85
2.640000 116 87
2.680000 112 85
2.720000 112 87
2.760000 112 88
2.800000 109 89
2.840000 106 87
2.880000 103 87
2.920000 72 87
2.960000 95 87
3.000000 86 88
3.040000 76 87
3.080000 69 85
3.120000 57 87
3.160000 49 87
3.200000 42 89
3.240000 32 93
3.280000 25 95
3.320000 19 94
3.360000 14 93
3.400000 12 90
3.440000 9 87
3.520000 2 86
3.560000 1 87
3.600000 2 84
