0.000000 320 55
0.040000 320 55
0.080000 320 55
0.120000 320 55
0.160000 320 55
0.200000 320 55
0.240000 320 55
0.280000 320 55
0.320000 320 55
0.360000 320 55
0.400000 320 55
0.440000 320 55
0.480000 320 55
0.520000 320 55
0.560000 320 55
0.600000 320 55
0.640000 320 55
0.680000 320 55
0.720000 320 55
0.760000 320 55
0.800000 320 55
0.840000 320 55
0.880000 320 55
0.920000 320 55
0.960000 320 55
1.000000 320 55
1.040000 320 55
1.080000 320 55
1.120000 320 55
1.160000 320 55
1.200000 320 55
1.240000 320 55
1.280000 320 55
1.320000 320 55
1.360000 320 55
1.400000 320 66
1.440000 320 67
1.480000 310 67
1.520000 298 64
1.560000 288 61
1.600000 273 60
1.640000 262 58
1.680000 252 59
1.720000 247 57
1.760000 246 56
1.800000 246 56
1.840000 246 56
1.880000 246 56
1.920000 246 56
1.960000 246 57
2.000000 245 56
2.040000 245 56
2.080000 245 56
2.120000 245 56
2.160000 244 57
2.200000 242 59
2.240000 238 61
2.280000 231 65
2.320000 221 66
2.360000 210 65
2.400000 198 61
2.440000 185 59
2.480000 173 57
2.520000 158 56
2.560000 146 57
2.600000 139 57
2.640000 138 56
2.680000 137 56
2.720000 136 56
2.760000 136 56
2.800000 137 56
2.840000 136 56
2.880000 137 56
2.920000 136 56
2.960000 136 56
3.000000 136 56
3.040000 136 56
3.080000 134 56
3.120000 132 57
3.160000 127 61
3.200000 118 65
3.240000 109 65
3.280000 99 65
3.320000 86 60
3.360000 75 59
3.400000 60 57
3.440000 49 57
3.480000 41 59
3.520000 38 59
3.560000 36 57
3.600000 34 56
3.640000 34 56
3.680000 34 56
3.720000 34 56
3.760000 34 57
3.800000 34 58
3.840000 33 60
3.880000 34 57
3.920000 34 56
3.960000 34 57
4.000000 33 59
4.040000 23 65
4.080000 19 66
4.120000 15 67
4.160000 11 68
4.200000 8 69
4.240000 8 69
4.280000 8 69
4.320000 8 69
4.360000 8 69
4.400000 8 69
4.440000 8 69
4.480000 8 69
4.520000 8 69
4.560000 8 69
