0.000000 283 61
0.040000 283 61
0.080000 283 61
0.120000 283 61
0.160000 283 61
0.200000 283 61
0.240000 283 61
0.280000 283 61
0.320000 283 61
0.360000 283 61
0.400000 283 61
0.440000 283 61
0.480000 283 61
0.520000 283 61
0.560000 283 61
0.600000 283 61
0.640000 283 61
0.680000 283 61
0.720000 283 61
0.760000 283 61
0.800000 283 61
0.840000 283 61
0.880000 283 61
0.920000 283 61
0.960000 283 61
1.000000 283 61
1.040000 283 61
1.080000 283 61
1.120000 283 61
1.160000 283 61
1.200000 283 61
1.240000 283 61
1.280000 283 61
1.320000 283 61
1.360000 283 57
1.400000 283 56
1.440000 282 56
1.480000 282 57
1.520000 282 58
1.560000 281 57
1.600000 283 57
1.640000 282 57
1.680000 282 57
1.720000 282 56
1.760000 281 56
1.800000 282 56
1.840000 277 57
1.880000 268 58
1.920000 255 57
1.960000 240 59
2.000000 225 54
2.040000 210 54
2.080000 196 56
2.120000 188 61
2.160000 183 60
2.200000 181 56
2.240000 179 54
2.280000 179 52
2.320000 179 51
2.360000 179 52
2.400000 179 52
2.440000 179 53
2.480000 180 55
2.520000 179 52
2.560000 179 52
2.600000 179 52
2.640000 179 52
2.680000 179 51
2.720000 175 51
2.760000 168 54
2.800000 157 55
2.840000 144 55
2.880000 127 56
2.920000 115 54
2.960000 99 55
3.000000 86 57
3.040000 79 63
3.080000 76 60
3.120000 75 57
3.160000 75 55
3.200000 74 55
3.240000 73 55
3.280000 74 55
3.320000 74 56
3.360000 79 56
3.400000 74 56
3.440000 74 55
3.480000 74 55
3.520000 75 54
3.560000 75 54
3.600000 75 54
3.640000 72 56
3.680000 63 56
3.720000 49 56
3.760000 39 57
3.800000 24 57
3.840000 14 56
3.880000 6 59
3.920000 2 61
3.960000 2 57
4.000000 2 56
4.040000 25 52
4.080000 24 51
4.120000 18 55
4.160000 18 55
4.200000 18 55
4.240000 18 55
4.280000 18 55
4.320000 18 55
4.360000 18 55
4.400000 18 55
4.440000 18 55
4.480000 18 55
4.520000 18 55
4.560000 18 55
