0.000000 314 148
0.040000 314 148
0.080000 314 148
0.120000 314 148
0.160000 314 148
0.200000 314 148
0.240000 314 148
0.280000 314 148
0.320000 314 148
0.360000 314 148
0.400000 314 148
0.440000 314 148
0.480000 314 148
0.520000 314 148
0.560000 314 148
0.600000 314 148
0.640000 314 148
0.680000 314 148
0.720000 314 148
0.760000 314 148
0.800000 314 148
0.840000 314 148
0.880000 314 148
0.920000 314 148
0.960000 314 148
1.000000 314 148
1.040000 314 148
1.080000 314 148
1.120000 314 148
1.160000 314 148
1.200000 314 148
1.240000 314 148
1.280000 314 148
1.320000 314 148
1.360000 314 148
1.400000 314 148
1.440000 314 148
1.480000 314 148
1.520000 314 148
1.560000 309 149
1.600000 303 149
1.640000 298 150
1.680000 294 150
1.720000 288 154
1.760000 284 154
1.800000 280 154
1.840000 275 153
1.880000 270 150
1.920000 264 150
1.960000 258 149
2.000000 252 149
2.040000 246 149
2.080000 240 150
2.120000 234 150
2.160000 229 152
2.200000 221 153
2.240000 216 152
2.280000 210 150
2.320000 204 150
2.360000 197 149
2.400000 190 149
2.440000 184 149
2.480000 179 150
2.520000 172 150
2.560000 166 151
2.600000 162 152
2.640000 155 151
2.680000 149 150
2.720000 144 150
2.760000 138 149
2.800000 132 149
2.840000 126 148
2.880000 119 148
2.920000 113 149
2.960000 107 149
3.000000 101 150
3.040000 96 151
3.080000 90 150
3.120000 85 150
3.160000 78 149
3.200000 71 148
3.240000 66 147
3.280000 60 146
3.320000 55 146
3.360000 49 148
3.400000 45 150
3.440000 41 150
3.480000 36 150
3.520000 32 150
3.560000 27 148
3.600000 23 146
3.640000 18 145
3.680000 7 145
3.720000 5 146
3.760000 4 146
3.800000 3 146
3.840000 2 146
3.880000 2 146
3.920000 2 146
3.960000 2 146
4.000000 2 146
4.040000 2 146
