0.000000 320 123
0.040000 320 123
0.080000 320 123
0.120000 320 123
0.160000 320 123
0.200000 320 123
0.240000 320 123
0.280000 320 123
0.320000 320 123
0.360000 320 123
0.400000 320 123
0.440000 320 123
0.480000 320 123
0.520000 320 123
0.560000 320 123
0.600000 320 123
0.640000 320 123
0.680000 320 123
0.720000 320 123
0.760000 320 123
0.800000 320 123
0.840000 320 123
0.880000 320 123
0.920000 320 123
0.960000 320 123
1.000000 320 123
1.040000 320 123
1.080000 320 123
1.120000 320 123
1.160000 320 123
1.200000 320 123
1.240000 320 123
1.280000 320 123
1.320000 320 123
1.360000 320 123
1.400000 320 123
1.440000 320 123
1.480000 320 123
1.520000 320 123
1.560000 320 123
1.600000 320 123
1.640000 320 123
1.680000 320 123
1.720000 320 123
1.760000 320 123
1.800000 320 123
1.840000 320 123
1.880000 320 123
1.920000 320 123
1.960000 320 123
2.000000 320 119
2.040000 320 118
2.080000 311 117
2.120000 307 117
2.160000 303 117
2.200000 296 119
2.240000 292 119
2.280000 286 119
2.320000 283 118
2.360000 278 119
2.400000 277 119
2.440000 273 119
2.480000 270 119
2.520000 266 119
2.560000 262 117
2.600000 257 118
2.640000 252 118
2.680000 247 119
2.720000 242 119
2.760000 236 117
2.800000 231 117
2.840000 229 118
2.880000 225 119
2.920000 221 118
2.960000 218 118
3.000000 215 118
3.040000 209 117
3.080000 205 115
3.120000 200 113
3.160000 195 113
3.200000 189 117
3.240000 184 117
3.280000 179 117
3.320000 174 117
3.360000 170 118
3.400000 164 118
3.440000 159 118
3.480000 155 118
3.520000 153 117
3.560000 148 115
3.600000 144 113
3.640000 138 115
3.680000 133 117
3.720000 127 116
3.760000 120 118
3.800000 115 118
3.840000 111 117
3.880000 108 117
3.920000 105 118
3.960000 100 117
4.000000 97 117
4.040000 94 117
4.080000 90 116
4.120000 85 116
4.160000 80 114
4.200000 75 115
4.240000 70 116
4.280000 65 115
4.320000 62 115
4.360000 58 116
4.400000 54 117
4.440000 50 119
4.480000 46 119
4.520000 42 118
4.560000 39 119
4.600000 34 115
4.640000 29 117
4.680000 26 115
4.720000 22 117
4.760000 18 115
4.800000 13 117
4.840000 8 117
4.880000 6 115
4.920000 2 117
4.960000 2 115
5.000000 2 115
5.040000 2 115
5.080000 2 115
5.120000 2 115
5.160000 2 115
5.200000 2 115
5.240000 2 115
5.280000 2 115
5.320000 2 115
5.360000 2 115
5.400000 2 115
