0.000000 304 93
0.040000 304 93
0.080000 304 93
0.120000 304 93
0.160000 304 93
0.200000 304 93
0.240000 304 93
0.280000 304 93
0.320000 304 93
0.360000 304 93
0.400000 304 93
0.440000 304 93
0.480000 304 93
0.520000 304 93
0.560000 304 93
0.600000 304 93
0.640000 304 93
0.680000 304 93
0.720000 304 93
0.760000 304 93
0.800000 304 93
0.840000 304 93
0.880000 304 93
0.920000 304 93
0.960000 304 93
1.000000 304 93
1.040000 304 93
1.080000 304 93
1.120000 304 93
1.160000 304 93
1.200000 304 93
1.240000 304 93
1.280000 304 93
1.320000 304 93
1.360000 304 93
1.400000 304 93
1.440000 304 93
1.480000 304 93
1.520000 304 93
1.560000 304 93
1.600000 304 93
1.640000 304 93
1.680000 304 93
1.720000 304 93
1.760000 304 93
1.800000 304 93
1.840000 304 93
1.880000 304 93
1.920000 304 93
1.960000 304 93
2.000000 301 88
2.040000 298 88
2.080000 295 87
2.120000 320 82
2.160000 310 87
2.200000 285 88
2.240000 287 90
2.280000 279 90
2.320000 278 87
2.360000 278 92
2.400000 277 92
2.440000 274 91
2.480000 272 90
2.520000 270 89
2.560000 268 87
2.600000 263 88
2.640000 258 89
2.680000 251 89
2.720000 242 88
2.760000 234 87
2.800000 226 87
2.840000 218 91
2.880000 211 92
2.920000 205 92
2.960000 200 93
3.000000 220 85
3.040000 194 87
3.080000 214 83
3.120000 210 83
3.160000 205 85
3.200000 177 85
3.240000 185 86
3.280000 170 85
3.320000 167 85
3.360000 166 87
3.400000 153 88
3.440000 164 88
3.480000 162 87
3.520000 158 87
3.560000 156 87
3.600000 153 87
3.640000 148 87
3.680000 143 87
3.720000 134 87
3.760000 113 85
3.800000 113 87
3.840000 110 84
3.880000 106 87
3.920000 95 89
3.960000 87 91
4.000000 84 92
4.040000 80 92
4.080000 75 87
4.120000 73 86
4.160000 69 85
4.200000 65 86
4.240000 62 87
4.280000 60 85
4.320000 59 85
4.360000 56 87
4.400000 54 87
4.440000 53 91
4.480000 50 89
4.520000 49 89
4.560000 46 88
4.600000 44 87
4.640000 19 87
4.680000 17 86
4.720000 33 88
4.760000 28 88
4.800000 19 89
4.840000 7 88
4.880000 5 87
4.920000 5 87
4.960000 5 87
5.000000 5 87
5.040000 5 87
5.080000 5 87
5.120000 5 87
5.160000 5 87
5.200000 5 87
5.240000 5 87
5.280000 5 87
5.320000 5 87
5.360000 5 87
5.400000 5 87
