0.000000 299 65
0.040000 299 65
0.080000 299 65
0.120000 299 65
0.160000 299 65
0.200000 299 65
0.240000 299 65
0.280000 299 65
0.320000 299 65
0.360000 299 65
0.400000 299 65
0.440000 299 65
0.480000 299 65
0.520000 299 65
0.560000 299 65
0.600000 299 65
0.640000 299 65
0.680000 299 65
0.720000 299 65
0.760000 299 65
0.800000 299 65
0.840000 299 65
0.880000 299 65
0.920000 299 65
0.960000 299 65
1.000000 299 65
1.040000 299 65
1.080000 299 65
1.120000 299 65
1.160000 299 65
1.200000 299 65
1.240000 299 65
1.280000 299 65
1.320000 299 65
1.360000 299 65
1.400000 299 65
1.440000 299 65
1.480000 299 65
1.520000 299 65
1.560000 299 65
1.600000 299 65
1.640000 299 65
1.680000 299 65
1.720000 299 65
1.760000 299 65
1.800000 299 65
1.840000 299 65
1.880000 320 55
1.920000 320 71
1.960000 320 67
2.000000 312 69
2.040000 299 62
2.080000 288 64
2.120000 273 60
2.160000 262 61
2.200000 257 61
2.240000 253 61
2.280000 251 60
2.320000 249 59
2.360000 247 57
2.400000 248 56
2.440000 249 57
2.480000 250 58
2.520000 249 60
2.560000 249 59
2.600000 248 58
2.640000 248 59
2.680000 248 59
2.720000 247 60
2.760000 246 60
2.800000 245 62
2.840000 238 66
2.880000 231 67
2.920000 220 67
2.960000 207 66
3.000000 194 57
3.040000 180 57
3.080000 166 56
3.120000 153 56
3.160000 143 57
3.200000 139 56
3.240000 138 56
3.280000 138 55
3.320000 137 54
3.360000 137 54
3.400000 138 54
3.440000 137 54
3.480000 137 56
3.520000 137 56
3.560000 137 55
3.600000 137 54
3.640000 136 55
3.680000 137 55
3.720000 135 56
3.760000 132 59
3.800000 125 63
3.840000 116 67
3.880000 106 66
3.920000 93 67
3.960000 81 57
4.000000 70 58
4.040000 57 56
4.080000 45 57
4.120000 38 58
4.160000 33 58
4.200000 32 57
4.240000 30 56
4.280000 29 56
4.320000 29 56
4.360000 29 56
4.400000 29 56
4.440000 29 56
4.480000 28 59
4.520000 29 56
4.560000 29 56
4.600000 28 57
4.640000 27 58
4.680000 26 59
4.720000 25 60
4.760000 18 67
4.800000 18 67
4.840000 18 67
4.880000 18 67
4.920000 18 67
4.960000 18 67
5.000000 18 67
5.040000 18 67
