0.000000 307 95
0.040000 307 95
0.080000 307 95
0.120000 307 95
0.160000 307 95
0.200000 307 95
0.240000 307 95
0.280000 307 95
0.320000 307 95
0.360000 307 95
0.400000 307 95
0.440000 307 95
0.480000 307 95
0.520000 307 95
0.560000 307 95
0.600000 307 95
0.640000 307 95
0.680000 307 95
0.720000 307 95
0.760000 307 95
0.800000 307 95
0.840000 307 95
0.880000 307 95
0.920000 307 95
0.960000 307 95
1.000000 307 95
1.040000 307 95
1.080000 307 95
1.120000 307 95
1.160000 307 95
1.200000 307 95
1.240000 307 95
1.280000 307 95
1.320000 307 95
1.360000 307 95
1.400000 307 95
1.440000 307 95
1.480000 307 95
1.520000 307 95
1.560000 307 95
1.600000 307 95
1.640000 307 95
1.680000 307 95
1.720000 307 95
1.760000 307 95
1.800000 307 95
1.840000 307 95
1.880000 320 87
1.920000 312 92
1.960000 303 92
2.000000 298 93
2.040000 293 95
2.080000 288 93
2.120000 283 93
2.160000 279 93
2.200000 273 92
2.240000 268 93
2.280000 262 93
2.320000 258 92
2.360000 253 91
2.400000 251 88
2.440000 247 91
2.480000 247 90
2.520000 246 93
2.560000 246 92
2.600000 244 91
2.640000 242 89
2.680000 240 88
2.720000 236 87
2.760000 231 89
2.800000 221 88
2.840000 214 87
2.880000 204 87
2.920000 194 88
2.960000 186 89
3.000000 179 92
3.040000 173 92
3.080000 168 92
3.120000 164 91
3.160000 161 89
3.200000 155 88
3.240000 149 87
3.280000 143 87
3.320000 138 85
3.360000 137 87
3.400000 133 87
3.440000 131 89
3.480000 129 88
3.520000 129 87
3.560000 127 87
3.600000 127 85
3.640000 122 85
3.680000 121 83
3.720000 116 84
3.760000 107 85
3.800000 96 87
3.840000 86 87
3.880000 80 87
3.920000 70 88
3.960000 64 92
4.000000 59 93
4.040000 55 93
4.080000 53 90
4.120000 49 87
4.160000 44 86
4.200000 39 86
4.240000 34 85
4.280000 29 86
4.320000 28 87
4.360000 25 87
4.400000 23 87
4.440000 20 91
4.480000 16 92
4.520000 19 87
4.560000 16 87
4.600000 13 87
4.640000 10 87
4.680000 7 87
4.720000 4 87
4.760000 2 85
4.800000 2 85
4.840000 2 85
4.880000 2 85
4.920000 2 85
4.960000 2 85
5.000000 2 85
5.040000 2 85
