2.080000 313 139
2.120000 309 138
2.160000 305 139
2.200000 301 139
2.240000 297 138
2.280000 293 138
2.320000 289 139
2.360000 286 139
2.400000 283 139
2.440000 279 137
2.480000 277 135
2.520000 273 137
2.560000 272 137
2.600000 268 137
2.640000 268 138
2.880000 251 137
2.920000 246 135
3.000000 240 135
3.040000 236 135
3.080000 231 134
3.240000 216 135
3.360000 205 135
3.400000 200 138
3.440000 194 137
3.480000 190 137
3.520000 184 137
3.560000 180 137
3.600000 176 135
3.640000 172 135
3.680000 168 135
3.720000 164 134
3.760000 161 134
3.800000 158 135
3.880000 149 135
4.040000 132 135
4.080000 127 136
4.120000 142 137
4.160000 138 137
4.200000 136 136
4.240000 132 135
4.280000 127 135
4.320000 121 134
4.360000 116 135
4.400000 110 134
4.640000 75 134
4.680000 70 135
4.720000 66 135
4.760000 62 134
4.800000 58 133
4.840000 54 133
4.880000 52 130
4.920000 58 133
4.960000 55 132
5.160000 40 135
5.200000 39 135
5.240000 38 134
5.280000 34 135
5.320000 32 134
5.360000 28 134
5.400000 24 133
5.440000 22 133
5.480000 18 133
5.520000 13 132
5.560000 8 130
