2.040000 314 91
2.080000 314 89
2.120000 309 93
2.160000 307 93
2.200000 299 93
2.240000 295 93
2.280000 305 93
2.320000 304 92
2.360000 303 92
2.400000 299 91
2.440000 297 92
2.480000 294 92
2.520000 289 93
2.560000 283 93
2.600000 277 92
2.640000 271 92
2.680000 263 91
2.720000 257 93
2.760000 252 94
2.800000 247 94
2.840000 245 93
2.880000 242 91
2.920000 239 90
2.960000 236 87
3.000000 231 87
3.040000 227 86
3.080000 224 84
3.120000 221 86
3.160000 218 86
3.200000 216 87
3.240000 214 87
3.280000 210 88
3.320000 210 91
3.360000 208 91
3.400000 207 92
3.440000 205 91
3.480000 204 88
3.520000 200 87
3.560000 199 87
3.600000 196 87
3.640000 194 85
3.680000 190 86
3.720000 182 87
3.760000 173 89
3.800000 164 88
3.840000 156 88
3.880000 152 87
3.920000 142 92
3.960000 147 91
4.000000 132 92
4.040000 127 91
4.080000 123 87
4.120000 120 87
4.160000 116 87
4.200000 111 86
4.240000 106 82
4.280000 103 85
4.320000 101 85
4.360000 101 87
4.400000 97 85
4.440000 96 86
4.480000 95 87
4.520000 92 92
4.560000 91 91
4.600000 90 88
4.640000 86 87
4.680000 85 87
4.720000 83 87
4.760000 81 87
4.800000 78 86
4.840000 74 87
4.880000 69 87
4.920000 60 89
4.960000 54 88
5.000000 34 86
5.040000 33 87
5.080000 34 89
5.120000 33 89
5.160000 29 89
5.200000 23 93
5.240000 18 90
5.280000 14 89
5.320000 12 88
5.360000 7 87
5.400000 1 87
5.440000 18 83
5.480000 6 87
5.560000 2 87
