0.000000 315 66
0.040000 315 66
0.080000 315 66
0.120000 315 66
0.160000 315 66
0.200000 315 66
0.240000 315 66
0.280000 315 66
0.320000 315 66
0.360000 315 66
0.400000 315 66
0.440000 315 66
0.480000 315 66
0.520000 315 66
0.560000 315 66
0.600000 315 66
0.640000 315 66
0.680000 315 66
0.720000 315 66
0.760000 315 66
0.800000 315 66
0.840000 315 66
0.880000 315 66
0.920000 315 66
0.960000 315 66
1.000000 315 66
1.040000 315 66
1.080000 315 66
1.120000 315 66
1.160000 315 66
1.200000 315 66
1.240000 315 66
1.280000 315 66
1.320000 315 66
1.360000 315 66
1.400000 315 66
1.440000 315 66
1.480000 315 66
1.520000 315 66
1.560000 315 66
1.600000 315 66
1.640000 315 66
1.680000 315 66
1.720000 315 66
1.760000 314 66
1.800000 314 66
1.840000 314 65
1.880000 314 66
1.920000 314 66
1.960000 314 66
2.000000 312 69
2.040000 305 71
2.080000 298 72
2.120000 288 72
2.160000 279 71
2.200000 267 65
2.240000 257 66
2.280000 242 61
2.320000 231 61
2.360000 221 61
2.400000 218 61
2.440000 216 59
2.480000 216 58
2.520000 216 58
2.560000 216 58
2.600000 218 59
2.640000 217 59
2.680000 216 60
2.720000 218 59
2.760000 218 59
2.800000 216 60
2.840000 216 61
2.880000 212 64
2.920000 206 66
2.960000 199 69
3.000000 187 71
3.040000 175 70
3.080000 164 67
3.120000 153 65
3.160000 138 61
3.200000 123 58
3.240000 113 57
3.280000 110 56
3.320000 107 56
3.360000 107 56
3.400000 107 56
3.440000 107 56
3.480000 108 56
3.520000 107 56
3.560000 107 57
3.600000 107 56
3.640000 108 56
3.680000 107 56
3.720000 106 57
3.760000 103 61
3.800000 96 64
3.840000 86 67
3.880000 76 67
3.920000 65 67
3.960000 55 63
4.000000 43 61
4.040000 30 61
4.080000 19 59
4.120000 12 60
4.160000 10 60
4.200000 10 57
4.240000 10 58
4.280000 9 58
4.320000 9 58
4.360000 9 58
4.400000 9 58
4.440000 9 58
4.480000 9 58
4.520000 9 58
4.560000 9 58
