0.000000 320 65
0.040000 320 65
0.080000 320 65
0.120000 320 65
0.160000 320 65
0.200000 320 65
0.240000 320 65
0.280000 320 65
0.320000 320 65
0.360000 320 65
0.400000 320 65
0.440000 320 65
0.480000 320 65
0.520000 320 65
0.560000 320 65
0.600000 320 65
0.640000 320 65
0.680000 320 65
0.720000 320 65
0.760000 320 65
0.800000 320 65
0.840000 320 65
0.880000 320 65
0.920000 320 65
0.960000 320 65
1.000000 320 65
1.040000 320 65
1.080000 320 65
1.120000 320 65
1.160000 320 65
1.200000 320 65
1.240000 320 65
1.280000 320 65
1.320000 320 65
1.360000 320 65
1.400000 320 65
1.440000 320 65
1.480000 320 65
1.520000 320 65
1.560000 320 65
1.600000 320 65
1.640000 320 65
1.680000 320 65
1.720000 320 65
1.760000 310 70
1.800000 303 67
1.840000 290 62
1.880000 279 61
1.920000 271 60
1.960000 270 59
2.000000 270 58
2.040000 270 59
2.080000 269 59
2.120000 269 58
2.160000 268 61
2.200000 272 58
2.240000 270 61
2.280000 269 59
2.320000 270 61
2.360000 268 60
2.400000 268 61
2.440000 267 65
2.480000 261 70
2.520000 252 72
2.560000 243 76
2.600000 231 71
2.640000 222 67
2.680000 206 65
2.720000 192 61
2.760000 179 58
2.800000 170 58
2.840000 167 57
2.880000 165 56
2.920000 166 56
2.960000 166 56
3.000000 166 56
3.040000 164 56
3.080000 167 55
3.120000 165 56
3.160000 166 56
3.200000 165 56
3.240000 164 57
3.280000 163 59
3.320000 162 61
3.360000 158 67
3.400000 148 70
3.440000 138 70
3.480000 127 69
3.520000 117 66
3.560000 101 61
3.600000 88 60
3.640000 75 57
3.680000 68 56
3.720000 64 56
3.760000 60 55
3.800000 60 54
3.840000 60 52
3.880000 60 52
3.920000 62 56
3.960000 61 56
4.000000 61 56
4.040000 61 57
4.080000 60 57
4.120000 60 59
4.160000 58 60
4.200000 57 65
4.240000 49 67
4.280000 40 70
4.320000 31 69
4.360000 31 69
4.400000 31 69
4.440000 31 69
4.480000 31 69
4.520000 31 69
4.560000 31 69
