0.000000 307 88
0.040000 307 88
0.080000 307 88
0.120000 307 88
0.160000 307 88
0.200000 307 88
0.240000 307 88
0.280000 307 88
0.320000 307 88
0.360000 307 88
0.400000 307 88
0.440000 307 88
0.480000 307 88
0.520000 307 88
0.560000 307 88
0.600000 307 88
0.640000 307 88
0.680000 307 88
0.720000 307 88
0.760000 307 88
0.800000 307 88
0.840000 307 88
0.880000 307 88
0.920000 307 88
0.960000 307 88
1.000000 307 88
1.040000 307 88
1.080000 307 88
1.120000 307 88
1.160000 307 88
1.200000 307 88
1.240000 307 88
1.280000 320 83
1.320000 299 89
1.360000 295 88
1.400000 294 88
1.440000 293 89
1.480000 287 91
1.520000 290 91
1.560000 288 91
1.600000 288 88
1.640000 286 87
1.680000 257 89
1.720000 253 90
1.760000 271 87
1.800000 262 86
1.840000 255 86
1.880000 247 87
1.920000 240 88
1.960000 234 89
2.000000 226 89
2.040000 221 89
2.080000 217 87
2.120000 214 87
2.160000 209 87
2.200000 205 85
2.240000 200 87
2.280000 198 86
2.320000 195 87
2.360000 193 87
2.400000 190 88
2.440000 190 87
2.480000 189 86
2.520000 188 85
2.560000 184 85
2.600000 179 84
2.640000 173 83
2.680000 166 83
2.720000 156 82
2.760000 145 84
2.800000 138 85
2.840000 131 87
2.880000 122 87
2.920000 117 87
2.960000 113 85
3.000000 109 82
3.040000 105 83
3.080000 100 82
3.120000 95 82
3.160000 92 82
3.200000 91 83
3.240000 88 87
3.280000 82 87
3.320000 83 87
3.360000 85 85
3.400000 83 83
3.440000 80 82
3.480000 75 82
3.520000 69 82
3.560000 60 82
3.600000 48 82
3.640000 44 82
3.680000 38 85
3.720000 31 87
3.760000 24 87
3.800000 20 87
3.840000 17 85
3.880000 13 83
3.920000 8 83
3.960000 2 83
4.000000 2 84
4.040000 2 84
4.080000 2 85
4.120000 2 85
4.160000 2 85
4.200000 2 85
4.240000 2 85
4.280000 2 85
4.320000 2 85
4.360000 2 85
4.400000 2 85
