0.000000 320 117
0.040000 320 117
0.080000 320 117
0.120000 320 117
0.160000 320 117
0.200000 320 117
0.240000 320 117
0.280000 320 117
0.320000 320 117
0.360000 320 117
0.400000 320 117
0.440000 320 117
0.480000 320 117
0.520000 320 117
0.560000 320 117
0.600000 320 117
0.640000 320 117
0.680000 320 117
0.720000 320 117
0.760000 320 117
0.800000 320 117
0.840000 320 117
0.880000 320 117
0.920000 320 117
0.960000 320 117
1.000000 320 117
1.040000 320 117
1.080000 320 117
1.120000 320 117
1.160000 320 117
1.200000 320 117
1.240000 320 117
1.280000 320 117
1.320000 318 117
1.360000 316 116
1.400000 314 116
1.440000 305 116
1.480000 299 117
1.520000 290 117
1.560000 283 119
1.600000 277 118
1.640000 269 118
1.680000 262 118
1.720000 258 118
1.760000 255 118
1.800000 251 117
1.840000 249 117
1.880000 247 118
1.920000 247 118
1.960000 247 119
2.000000 246 119
2.040000 244 117
2.080000 242 117
2.120000 239 115
2.160000 236 115
2.200000 231 114
2.240000 225 113
2.280000 216 113
2.320000 210 113
2.360000 200 114
2.400000 191 114
2.440000 183 117
2.480000 174 117
2.520000 167 117
2.560000 160 117
2.600000 153 115
2.640000 148 114
2.680000 145 115
2.720000 142 113
2.760000 142 113
2.800000 141 117
2.840000 142 117
2.880000 141 116
2.920000 137 117
2.960000 135 117
3.000000 132 115
3.040000 127 113
3.080000 122 113
3.120000 116 113
3.160000 108 113
3.200000 99 113
3.240000 89 113
3.280000 81 113
3.320000 70 114
3.360000 61 113
3.400000 54 114
3.440000 47 115
3.480000 41 115
3.520000 38 116
3.560000 34 115
3.600000 33 114
3.640000 33 113
3.680000 33 113
3.720000 33 113
3.760000 31 113
3.800000 29 113
3.840000 31 113
3.880000 29 113
3.920000 25 113
3.960000 15 113
4.000000 11 114
4.040000 8 114
4.080000 5 115
4.120000 2 115
4.160000 2 115
4.200000 2 115
4.240000 2 115
4.280000 2 115
4.320000 2 115
4.360000 2 115
4.400000 2 115
