0.000000 294 56
0.040000 294 56
0.080000 294 56
0.120000 294 56
0.160000 294 56
0.200000 294 56
0.240000 294 56
0.280000 294 56
0.320000 294 56
0.360000 294 56
0.400000 294 56
0.440000 294 56
0.480000 294 56
0.520000 294 56
0.560000 294 56
0.600000 294 56
0.640000 294 56
0.680000 294 56
0.720000 294 56
0.760000 294 56
0.800000 294 56
0.840000 294 56
0.880000 294 56
0.920000 294 56
0.960000 294 56
1.000000 294 56
1.040000 294 56
1.080000 294 56
1.120000 294 56
1.160000 294 56
1.200000 294 56
1.240000 294 56
1.280000 294 56
1.320000 320 63
1.360000 320 66
1.400000 320 68
1.440000 312 72
1.480000 303 72
1.520000 286 65
1.560000 275 61
1.600000 262 60
1.640000 252 59
1.680000 294 61
1.720000 294 62
1.760000 246 56
1.800000 246 56
1.840000 246 56
1.880000 247 56
1.920000 246 58
1.960000 251 61
2.000000 247 57
2.040000 247 56
2.080000 247 57
2.120000 246 57
2.160000 246 59
2.200000 244 61
2.240000 241 65
2.280000 234 70
2.320000 225 69
2.360000 212 67
2.400000 199 61
2.440000 183 59
2.480000 170 57
2.520000 158 56
2.560000 151 56
2.600000 147 54
2.640000 148 52
2.680000 147 53
2.720000 147 53
2.760000 147 53
2.800000 147 54
2.840000 153 61
2.880000 148 54
2.920000 148 55
2.960000 148 54
3.000000 147 55
3.040000 147 56
3.080000 145 58
3.120000 142 62
3.160000 136 66
3.200000 127 67
3.240000 114 65
3.280000 101 61
3.320000 85 56
3.360000 96 51
3.400000 60 56
3.440000 54 56
3.480000 51 54
3.520000 50 52
3.560000 49 52
3.600000 49 51
3.640000 49 52
3.680000 48 55
3.720000 53 55
3.760000 50 54
3.800000 49 54
3.840000 49 53
3.880000 49 54
3.920000 49 56
3.960000 48 58
4.000000 44 61
4.040000 38 67
4.080000 29 67
4.120000 21 64
4.160000 21 64
4.200000 21 64
4.240000 21 64
4.280000 21 64
4.320000 21 64
4.360000 21 64
4.400000 21 64
