0.000000 314 115
0.040000 314 115
0.080000 314 115
0.120000 314 115
0.160000 314 115
0.200000 314 115
0.240000 314 115
0.280000 314 115
0.320000 314 115
0.360000 314 115
0.400000 314 115
0.440000 314 115
0.480000 314 115
0.520000 314 115
0.560000 314 115
0.600000 314 115
0.640000 314 115
0.680000 314 115
0.720000 314 115
0.760000 314 115
0.800000 314 115
0.840000 314 115
0.880000 314 115
0.920000 314 115
0.960000 314 115
1.000000 314 115
1.040000 314 115
1.080000 314 115
1.120000 314 115
1.160000 314 115
1.200000 314 115
1.240000 314 115
1.280000 311 113
1.320000 304 116
1.360000 301 116
1.400000 297 117
1.440000 293 118
1.480000 288 118
1.520000 284 119
1.560000 282 119
1.600000 277 118
1.640000 273 117
1.680000 274 117
1.720000 268 116
1.760000 258 115
1.800000 255 115
1.840000 248 117
1.880000 246 118
1.920000 242 120
1.960000 237 119
2.000000 234 119
2.040000 231 118
2.080000 227 117
2.120000 224 115
2.160000 219 115
2.200000 214 114
2.240000 208 115
2.280000 202 114
2.320000 197 117
2.360000 194 117
2.400000 189 118
2.440000 184 117
2.480000 181 117
2.520000 175 115
2.560000 173 114
2.600000 168 114
2.640000 162 114
2.680000 157 114
2.720000 153 115
2.760000 150 116
2.800000 143 117
2.840000 141 117
2.880000 137 117
2.920000 130 117
2.960000 127 113
3.000000 124 113
3.040000 121 113
3.080000 115 113
3.120000 107 112
3.160000 101 113
3.200000 95 115
3.240000 92 117
3.280000 91 117
3.320000 87 118
3.360000 85 117
3.400000 79 115
3.440000 75 116
3.480000 66 113
3.520000 62 113
3.560000 56 113
3.600000 55 113
3.640000 53 114
3.680000 49 115
3.720000 44 117
3.760000 42 118
3.800000 37 118
3.840000 33 117
3.880000 29 116
3.920000 23 114
3.960000 19 114
4.000000 15 115
4.040000 11 114
4.080000 8 117
4.120000 8 117
4.160000 8 117
4.200000 8 117
4.240000 8 117
4.280000 8 117
4.320000 8 117
4.360000 8 117
4.400000 8 117
