2.320000 320 122
2.400000 314 118
2.440000 309 119
2.480000 306 119
2.520000 304 117
2.560000 299 118
2.600000 294 117
2.640000 290 116
2.680000 286 116
2.720000 283 114
2.760000 278 117
2.800000 276 118
2.840000 270 119
2.880000 270 119
2.920000 267 118
2.960000 263 118
3.000000 261 117
3.040000 253 115
3.080000 251 113
3.120000 244 113
3.160000 237 114
3.200000 236 113
3.240000 231 115
3.280000 227 117
3.320000 224 117
3.360000 220 119
3.400000 216 118
3.440000 210 118
3.480000 208 117
3.520000 205 117
3.560000 200 115
3.600000 195 114
3.640000 188 113
3.680000 182 113
3.720000 179 115
3.760000 175 115
3.800000 170 117
3.840000 168 117
3.880000 164 118
3.920000 161 115
3.960000 158 115
4.000000 154 115
4.040000 150 113
4.080000 144 113
4.120000 139 113
4.160000 134 112
4.200000 127 113
4.240000 122 113
4.280000 119 113
4.320000 116 117
4.360000 111 118
4.400000 106 118
4.440000 101 118
4.480000 97 117
4.520000 96 117
4.560000 91 117
4.600000 85 113
4.640000 79 113
4.680000 74 113
4.720000 70 113
4.760000 65 114
4.800000 62 116
4.840000 60 115
4.880000 56 117
4.920000 52 115
4.960000 49 114
5.000000 46 114
5.040000 43 115
5.080000 39 114
5.120000 34 113
5.160000 31 113
5.200000 27 114
5.240000 18 115
5.280000 16 117
5.320000 12 115
5.360000 8 116
5.440000 2 113
5.520000 2 113
