2.320000 320 156
2.400000 314 156
2.440000 312 155
2.480000 308 154
2.520000 306 154
2.560000 303 154
2.600000 299 153
2.640000 294 153
2.680000 292 152
2.720000 288 154
2.760000 283 154
2.800000 280 154
2.840000 276 155
2.880000 273 155
2.920000 269 155
2.960000 266 155
3.000000 262 154
3.040000 257 154
3.080000 254 152
3.120000 250 153
3.160000 243 154
3.200000 240 154
3.240000 236 154
3.280000 231 155
3.320000 227 155
3.360000 223 156
3.400000 220 157
3.440000 215 156
3.480000 210 155
3.520000 208 154
3.560000 201 154
3.600000 197 154
3.640000 192 154
3.680000 187 153
3.720000 184 154
3.760000 179 155
3.800000 174 155
3.840000 171 157
3.880000 166 158
3.920000 162 158
3.960000 158 156
4.000000 153 155
4.040000 149 155
4.080000 144 154
4.120000 139 154
4.160000 135 154
4.200000 130 154
4.240000 127 154
4.280000 122 154
4.320000 118 155
4.360000 115 156
4.400000 110 157
4.440000 106 156
4.480000 101 155
4.520000 97 155
4.560000 93 154
4.600000 89 154
4.640000 84 152
4.680000 79 152
4.720000 75 153
4.760000 69 152
4.800000 64 154
4.840000 60 154
4.880000 55 154
4.920000 50 154
4.960000 46 154
5.000000 44 154
5.040000 40 152
5.080000 36 150
5.120000 32 150
5.160000 29 150
5.200000 24 150
5.240000 18 150
5.280000 17 152
5.320000 13 153
5.360000 10 154
5.400000 7 154
5.480000 2 151
5.520000 2 150
