1.720000 320 61
1.760000 320 60
1.800000 320 60
1.840000 320 61
1.920000 320 63
1.960000 320 65
2.000000 320 67
2.040000 314 73
2.080000 309 74
2.120000 301 72
2.160000 293 69
2.200000 282 61
2.240000 272 60
2.280000 258 56
2.320000 246 56
2.360000 236 56
2.400000 231 56
2.440000 231 55
2.480000 230 55
2.520000 230 55
2.560000 229 56
2.600000 230 56
2.640000 230 56
2.680000 231 56
2.720000 231 56
2.760000 231 56
2.800000 230 56
2.840000 231 56
2.880000 231 55
2.920000 231 56
2.960000 231 56
3.000000 230 57
3.040000 229 61
3.080000 226 63
3.120000 220 69
3.160000 211 72
3.200000 203 72
3.240000 194 72
3.280000 184 69
3.320000 173 60
3.360000 159 61
3.400000 147 56
3.440000 133 55
3.480000 123 56
3.520000 118 56
3.560000 117 54
3.600000 116 54
3.640000 116 54
3.680000 116 54
3.720000 116 55
3.760000 116 55
3.800000 117 56
3.840000 116 56
3.880000 117 56
3.920000 117 56
3.960000 116 56
4.000000 117 56
4.040000 117 56
4.080000 117 56
4.120000 116 58
4.160000 115 60
4.200000 111 63
4.240000 105 67
4.280000 95 71
4.320000 86 72
4.360000 79 70
4.400000 70 66
4.440000 59 61
4.480000 48 58
4.520000 36 56
4.560000 27 56
4.600000 18 57
4.640000 17 58
4.680000 17 56
4.720000 16 56
4.760000 16 56
4.800000 16 56
4.840000 15 57
4.880000 16 57
4.920000 15 58
5.000000 15 59
5.040000 14 58
5.080000 15 58
5.120000 16 58
5.240000 16 60
