1.680000 314 67
1.720000 303 61
1.760000 293 61
1.800000 286 61
1.840000 282 61
1.880000 281 59
1.920000 279 58
1.960000 279 58
2.000000 280 59
2.040000 279 58
2.080000 279 59
2.120000 279 59
2.160000 279 61
2.200000 283 61
2.240000 279 59
2.280000 279 59
2.320000 279 59
2.360000 279 59
2.400000 279 60
2.440000 279 61
2.480000 279 63
2.520000 277 67
2.560000 272 71
2.600000 264 75
2.640000 257 74
2.680000 247 73
2.720000 237 71
2.760000 221 65
2.800000 214 61
2.840000 201 60
2.880000 190 58
2.920000 181 59
2.960000 177 58
3.000000 175 56
3.040000 175 56
3.080000 174 56
3.120000 174 57
3.160000 174 56
3.200000 174 56
3.240000 173 57
3.280000 174 56
3.320000 176 58
3.360000 173 57
3.400000 174 57
3.440000 174 57
3.480000 174 57
3.520000 174 59
3.560000 173 61
3.600000 171 61
3.640000 168 67
3.680000 160 71
3.720000 152 73
3.760000 143 72
3.800000 133 71
3.840000 122 69
3.880000 107 63
3.920000 97 61
3.960000 85 59
4.000000 75 59
4.040000 68 59
4.080000 65 57
4.120000 64 56
4.160000 63 56
4.200000 62 56
4.240000 63 56
4.280000 62 56
4.320000 62 56
4.360000 60 57
4.400000 63 56
4.440000 64 56
4.480000 62 57
4.520000 62 56
4.560000 62 56
4.600000 62 56
4.640000 62 56
4.680000 62 58
4.720000 60 61
4.760000 58 65
4.800000 54 69
4.840000 47 72
4.880000 39 73
4.920000 32 72
4.960000 24 70
5.040000 12 59
5.080000 14 61
