2.640000 309 93
2.680000 320 92
2.720000 313 92
2.760000 299 93
2.800000 294 93
2.840000 287 95
2.880000 279 97
2.920000 274 98
2.960000 271 97
3.000000 268 97
3.040000 267 96
3.080000 262 93
3.120000 257 93
3.160000 251 92
3.200000 246 92
3.240000 244 93
3.280000 242 93
3.320000 240 92
3.360000 241 93
3.400000 239 94
3.440000 238 93
3.480000 236 92
3.520000 233 92
3.560000 231 92
3.600000 227 93
3.640000 225 91
3.680000 220 90
3.720000 214 90
3.760000 204 91
3.800000 194 91
3.840000 186 92
3.880000 177 91
3.920000 169 93
3.960000 162 95
4.000000 155 96
4.040000 151 94
4.080000 148 93
4.120000 146 93
4.160000 141 92
4.200000 136 91
4.240000 131 91
4.280000 125 91
4.320000 121 92
4.360000 119 89
4.400000 118 91
4.440000 118 91
4.480000 117 93
4.520000 116 93
4.560000 114 91
4.600000 112 89
4.640000 111 88
4.680000 108 89
4.720000 106 88
4.760000 101 88
4.800000 95 91
4.840000 86 92
4.880000 79 91
4.920000 70 91
4.960000 62 93
5.000000 54 93
5.040000 49 93
5.080000 43 96
5.120000 38 96
5.160000 34 94
5.200000 33 93
5.240000 29 93
5.280000 24 91
5.320000 20 91
5.360000 18 92
5.400000 14 92
5.440000 12 92
5.480000 13 92
5.520000 12 93
5.560000 12 96
5.600000 10 96
5.640000 8 93
5.680000 7 94
5.720000 5 93
5.760000 2 93
