1.920000 314 127
1.960000 309 127
2.000000 305 127
2.040000 302 126
2.080000 299 128
2.120000 298 128
2.160000 294 129
2.200000 293 128
2.240000 289 128
2.280000 288 128
2.320000 283 128
2.360000 278 127
2.400000 273 126
2.440000 268 128
2.480000 265 127
2.520000 261 128
2.560000 256 128
2.600000 251 128
2.640000 246 128
2.680000 240 128
2.720000 235 128
2.760000 229 127
2.800000 221 124
2.840000 216 124
2.880000 213 124
2.920000 209 124
2.960000 205 128
3.000000 201 128
3.040000 198 128
3.080000 194 128
3.120000 192 129
3.160000 189 128
3.200000 189 129
3.240000 184 128
3.280000 180 126
3.320000 177 125
3.360000 173 124
3.400000 168 124
3.440000 163 124
3.480000 158 126
3.520000 153 126
3.560000 147 127
3.600000 142 127
3.640000 133 127
3.680000 127 124
3.720000 121 124
3.760000 117 124
3.800000 111 123
3.840000 107 123
3.880000 102 122
3.920000 99 123
3.960000 95 124
4.000000 92 124
4.040000 90 124
4.080000 88 126
4.120000 85 125
4.160000 84 126
4.200000 80 124
4.240000 79 124
4.280000 75 124
4.320000 71 124
4.360000 65 123
4.400000 60 124
4.440000 56 124
4.480000 45 124
4.520000 40 123
4.560000 37 124
4.600000 32 126
4.640000 27 124
4.680000 23 124
4.720000 19 124
4.760000 16 124
4.800000 12 124
4.840000 8 123
4.880000 7 124
4.960000 2 128
5.000000 2 128
5.040000 2 132
