1.920000 302 114
1.960000 298 113
2.000000 295 113
2.040000 294 111
2.080000 293 113
2.120000 292 113
2.160000 292 113
2.200000 289 113
2.240000 288 112
2.280000 287 111
2.320000 283 109
2.360000 282 109
2.400000 277 108
2.440000 272 109
2.480000 267 108
2.520000 261 108
2.560000 253 109
2.600000 247 112
2.640000 239 111
2.680000 232 113
2.720000 225 113
2.760000 216 113
2.800000 210 113
2.840000 205 113
2.880000 200 113
2.920000 197 112
2.960000 195 112
3.000000 194 111
3.040000 190 110
3.080000 190 110
3.120000 186 112
3.160000 185 111
3.200000 186 111
3.240000 184 111
3.280000 179 109
3.320000 177 108
3.360000 173 107
3.400000 169 106
3.440000 164 107
3.480000 158 108
3.520000 152 108
3.560000 143 108
3.600000 138 109
3.640000 128 109
3.680000 118 109
3.720000 111 109
3.760000 104 109
3.800000 99 111
3.840000 95 111
3.880000 90 110
3.920000 87 109
3.960000 86 108
4.000000 85 109
4.040000 84 109
4.080000 84 109
4.120000 81 108
4.160000 81 110
4.200000 80 108
4.240000 76 108
4.280000 75 108
4.320000 71 108
4.360000 69 107
4.400000 62 108
4.440000 57 108
4.480000 44 108
4.520000 38 108
4.560000 31 111
4.600000 25 113
4.640000 19 112
4.680000 13 112
4.720000 10 113
4.760000 7 113
4.840000 2 111
4.880000 2 112
4.960000 2 114
5.000000 2 115
