1.080000 320 120
1.160000 312 119
1.200000 309 119
1.240000 305 118
1.280000 303 118
1.320000 299 118
1.360000 298 117
1.400000 294 115
1.440000 291 113
1.480000 288 113
1.520000 283 116
1.560000 279 116
1.600000 276 116
1.640000 273 119
1.680000 266 119
1.720000 262 119
1.760000 262 118
1.800000 257 118
1.840000 251 115
1.880000 251 114
1.920000 247 113
1.960000 237 113
2.000000 235 115
2.040000 231 116
2.080000 229 115
2.120000 225 117
2.160000 220 117
2.200000 215 117
2.240000 212 118
2.280000 210 116
2.320000 205 114
2.360000 200 113
2.400000 195 113
2.440000 190 114
2.480000 186 115
2.520000 184 116
2.560000 179 117
2.600000 174 117
2.640000 170 117
2.680000 169 117
2.720000 164 117
2.760000 158 115
2.800000 153 113
2.840000 149 113
2.880000 146 114
2.920000 139 114
2.960000 138 114
3.000000 133 114
3.040000 128 116
3.080000 123 116
3.120000 121 117
3.160000 116 117
3.200000 116 117
3.240000 108 115
3.280000 104 113
3.320000 99 113
3.360000 95 113
3.400000 92 113
3.440000 88 115
3.480000 85 117
3.520000 81 118
3.560000 79 118
3.600000 75 118
3.640000 70 117
3.680000 69 117
3.720000 64 114
3.760000 59 113
3.800000 55 113
3.840000 49 113
3.880000 48 115
3.920000 44 115
3.960000 40 115
4.000000 38 117
4.040000 34 117
4.080000 33 117
4.120000 28 115
4.160000 27 114
4.200000 19 114
4.240000 14 113
4.280000 11 113
4.320000 7 116
4.400000 2 117
