1.080000 308 97
1.160000 307 92
1.200000 303 93
1.240000 298 94
1.280000 293 95
1.320000 299 93
1.360000 285 92
1.400000 283 92
1.440000 277 87
1.480000 274 89
1.520000 272 92
1.560000 269 92
1.600000 267 91
1.640000 264 92
1.680000 257 93
1.720000 262 92
1.760000 262 92
1.800000 260 91
1.840000 238 88
1.880000 257 87
1.920000 252 88
1.960000 226 87
2.000000 239 87
2.040000 230 88
2.080000 221 87
2.120000 216 89
2.160000 210 92
2.200000 204 92
2.240000 200 92
2.280000 196 91
2.320000 192 87
2.360000 188 85
2.400000 184 87
2.440000 179 87
2.480000 176 91
2.520000 177 89
2.560000 171 91
2.600000 168 92
2.640000 167 91
2.680000 168 92
2.720000 168 89
2.760000 147 87
2.800000 142 87
2.840000 158 87
2.880000 153 87
2.920000 131 89
2.960000 133 87
3.000000 127 87
3.040000 120 89
3.080000 114 92
3.120000 108 92
3.160000 105 92
3.200000 121 91
3.240000 97 87
3.280000 94 87
3.320000 90 87
3.360000 85 87
3.400000 95 89
3.440000 84 89
3.480000 80 89
3.520000 75 93
3.560000 73 93
3.600000 75 91
3.640000 63 92
3.680000 71 91
3.720000 70 87
3.760000 66 87
3.800000 62 87
3.840000 45 91
3.880000 44 88
3.920000 40 88
3.960000 34 91
4.000000 29 92
4.040000 23 93
4.080000 38 91
4.120000 18 92
4.160000 33 91
4.200000 12 89
4.240000 8 87
4.280000 5 87
4.320000 2 89
4.400000 2 89
