1.000000 320 150
1.040000 320 152
1.080000 314 152
1.120000 314 151
1.160000 309 153
1.200000 305 152
1.240000 303 151
1.280000 299 150
1.320000 294 150
1.360000 292 150
1.400000 287 149
1.440000 283 150
1.480000 277 150
1.520000 273 150
1.560000 268 150
1.600000 262 152
1.640000 258 153
1.680000 254 152
1.720000 250 153
1.760000 245 151
1.800000 240 150
1.840000 234 150
1.880000 230 150
1.920000 223 150
1.960000 218 150
2.000000 213 152
2.040000 208 153
2.080000 203 154
2.120000 199 154
2.160000 194 154
2.200000 189 154
2.240000 184 152
2.280000 179 150
2.320000 174 150
2.360000 169 150
2.400000 164 149
2.440000 158 150
2.480000 153 150
2.520000 147 151
2.560000 143 152
2.600000 137 154
2.640000 132 154
2.680000 127 152
2.720000 121 151
2.760000 115 150
2.800000 110 149
2.840000 105 149
2.880000 99 149
2.920000 94 150
2.960000 90 150
3.000000 81 153
3.040000 74 152
3.080000 70 150
3.120000 65 150
3.160000 60 149
3.200000 55 149
3.240000 50 149
3.280000 45 148
3.320000 40 148
3.360000 35 149
3.400000 31 150
3.440000 27 150
3.480000 23 150
3.520000 18 149
3.560000 13 149
3.600000 10 148
3.640000 7 147
3.680000 1 146
