0.880000 304 68
0.920000 303 67
0.960000 303 67
1.000000 302 66
1.040000 302 66
1.080000 301 66
1.120000 301 67
1.160000 303 68
1.200000 303 66
1.240000 302 66
1.280000 301 66
1.320000 300 66
1.360000 299 67
1.400000 298 67
1.440000 294 70
1.480000 288 72
1.520000 281 74
1.560000 271 74
1.600000 262 73
1.640000 248 69
1.680000 239 66
1.720000 226 63
1.760000 214 61
1.800000 205 62
1.840000 202 61
1.880000 200 60
1.920000 199 60
1.960000 199 58
2.000000 199 58
2.040000 197 58
2.080000 199 59
2.120000 199 59
2.160000 199 60
2.200000 199 59
2.240000 198 59
2.280000 196 60
2.320000 195 61
2.360000 194 61
2.400000 190 64
2.440000 182 67
2.480000 173 69
2.520000 162 70
2.560000 152 68
2.600000 142 65
2.640000 127 62
2.680000 114 61
2.720000 101 60
2.760000 94 62
2.800000 90 61
2.840000 86 59
2.880000 86 57
2.920000 85 56
2.960000 85 56
3.000000 85 57
3.040000 86 58
3.080000 85 57
3.120000 85 57
3.160000 84 59
3.200000 82 61
3.240000 81 61
3.280000 76 65
3.320000 70 67
3.360000 60 70
3.400000 53 69
3.440000 44 67
3.480000 34 67
3.520000 23 63
3.560000 12 62
3.600000 2 61
3.640000 2 62
3.680000 2 65
