0.000000 305 170
0.040000 305 170
0.080000 305 170
0.120000 305 170
0.160000 305 170
0.200000 305 170
0.240000 305 170
0.280000 305 170
0.320000 305 170
0.360000 305 170
0.400000 305 170
0.440000 305 170
0.480000 305 170
0.520000 305 170
0.560000 305 170
0.600000 305 170
0.640000 305 170
0.680000 305 170
0.720000 305 170
0.760000 305 170
0.800000 305 170
0.840000 305 170
0.880000 305 170
0.920000 305 170
0.960000 305 170
1.000000 305 170
1.040000 305 170
1.080000 305 170
1.120000 305 170
1.160000 305 170
1.200000 305 170
1.240000 305 170
1.280000 305 170
1.320000 305 170
1.360000 305 170
1.400000 305 170
1.440000 305 170
1.480000 305 170
1.520000 305 170
1.560000 305 170
1.600000 305 170
1.640000 305 170
1.680000 305 170
1.720000 305 170
1.760000 305 170
1.800000 305 170
1.840000 305 170
1.880000 305 170
1.920000 305 170
1.960000 305 170
2.000000 305 170
2.040000 305 170
2.080000 305 170
2.120000 305 170
2.160000 305 170
2.200000 305 170
2.240000 305 170
2.280000 305 170
2.320000 305 170
2.360000 300 171
2.400000 297 172
2.440000 294 174
2.480000 289 174
2.520000 286 175
2.560000 283 175
2.600000 278 175
2.640000 275 174
2.680000 270 174
2.720000 267 172
2.760000 262 172
2.800000 257 171
2.840000 253 174
2.880000 249 174
2.920000 245 174
2.960000 241 175
3.000000 236 175
3.040000 232 175
3.080000 227 175
3.120000 224 175
3.160000 220 175
3.200000 215 174
3.240000 210 172
3.280000 205 172
3.320000 201 173
3.360000 196 173
3.400000 191 174
3.440000 187 174
3.480000 183 175
3.520000 179 176
3.560000 173 175
3.600000 169 176
3.640000 164 176
3.680000 160 175
3.720000 157 175
3.760000 153 174
3.800000 147 172
3.840000 143 171
3.880000 138 172
3.920000 133 174
3.960000 129 174
4.000000 125 173
4.040000 121 174
4.080000 116 175
4.120000 112 175
4.160000 107 175
4.200000 103 174
4.240000 98 173
4.280000 95 172
4.320000 90 171
4.360000 85 170
4.400000 80 170
4.440000 75 171
4.480000 71 171
4.520000 67 171
4.560000 64 171
4.600000 60 171
4.640000 55 172
4.680000 53 172
4.720000 49 171
4.760000 44 170
4.800000 40 170
4.840000 36 169
4.880000 32 169
4.920000 28 167
4.960000 23 169
5.000000 20 169
5.040000 17 169
5.080000 13 169
5.120000 9 170
5.160000 7 170
5.200000 2 170
5.240000 2 170
5.280000 2 170
5.320000 2 170
5.360000 2 170
5.400000 2 170
5.440000 2 170
5.480000 2 170
5.520000 2 170
5.560000 2 170
5.600000 2 170
5.640000 2 170
5.680000 2 170
5.720000 2 170
5.760000 2 170
5.800000 2 170
5.840000 2 170
5.880000 2 170
