0.000000 305 125
0.040000 305 125
0.080000 305 125
0.120000 305 125
0.160000 305 125
0.200000 305 125
0.240000 305 125
0.280000 305 125
0.320000 305 125
0.360000 305 125
0.400000 305 125
0.440000 305 125
0.480000 305 125
0.520000 305 125
0.560000 305 125
0.600000 305 125
0.640000 305 125
0.680000 305 125
0.720000 305 125
0.760000 305 125
0.800000 305 125
0.840000 305 125
0.880000 305 125
0.920000 305 125
0.960000 305 125
1.000000 305 125
1.040000 305 125
1.080000 305 125
1.120000 305 125
1.160000 305 125
1.200000 305 125
1.240000 305 125
1.280000 305 125
1.320000 305 125
1.360000 305 125
1.400000 305 125
1.440000 305 125
1.480000 305 125
1.520000 305 125
1.560000 305 125
1.600000 305 125
1.640000 305 125
1.680000 305 125
1.720000 305 125
1.760000 305 125
1.800000 305 125
1.840000 305 125
1.880000 305 125
1.920000 305 125
1.960000 305 125
2.000000 305 125
2.040000 305 125
2.080000 305 125
2.120000 305 125
2.160000 305 125
2.200000 305 125
2.240000 305 125
2.280000 305 125
2.320000 302 125
2.360000 299 125
2.400000 296 125
2.440000 293 125
2.480000 290 125
2.520000 282 126
2.560000 277 128
2.600000 272 128
2.640000 266 127
2.680000 262 126
2.720000 257 124
2.760000 256 123
2.800000 252 122
2.840000 248 122
2.880000 245 122
2.920000 242 122
2.960000 239 122
3.000000 236 122
3.040000 233 122
3.080000 221 124
3.120000 224 123
3.160000 232 121
3.200000 226 122
3.240000 221 122
3.280000 216 122
3.320000 211 122
3.360000 206 122
3.400000 200 123
3.440000 195 123
3.480000 190 123
3.520000 185 123
3.560000 180 123
3.600000 169 124
3.640000 163 126
3.680000 158 128
3.720000 152 128
3.760000 147 126
3.800000 142 124
3.840000 138 124
3.880000 134 120
3.920000 133 121
3.960000 133 121
4.000000 133 121
4.040000 132 122
4.080000 132 122
4.120000 132 122
4.160000 129 124
4.200000 127 123
4.240000 123 123
4.280000 120 122
4.320000 116 121
4.360000 110 119
4.400000 105 119
4.440000 91 119
4.480000 84 121
4.520000 71 123
4.560000 69 123
4.600000 68 122
4.640000 67 122
4.680000 65 121
4.720000 64 121
4.760000 43 124
4.800000 41 124
4.840000 35 123
4.880000 29 120
4.920000 25 120
4.960000 22 120
5.000000 18 120
5.040000 15 120
5.080000 11 120
5.120000 8 120
5.160000 23 121
5.200000 21 121
5.240000 20 121
5.280000 19 121
5.320000 15 119
5.360000 15 119
5.400000 15 119
5.440000 15 119
5.480000 15 119
5.520000 15 119
5.560000 15 119
5.600000 15 119
5.640000 15 119
5.680000 15 119
5.720000 15 119
5.760000 15 119
5.800000 15 119
5.840000 15 119
5.880000 15 119
