2.040000 314 133
2.080000 320 135
2.120000 320 133
2.160000 314 133
2.200000 312 133
2.240000 308 132
2.280000 303 133
2.320000 299 132
2.360000 294 132
2.400000 288 134
2.440000 283 134
2.480000 278 134
2.520000 272 135
2.560000 267 133
2.600000 262 133
2.640000 255 133
2.680000 249 133
2.720000 243 133
2.760000 237 133
2.800000 233 133
2.840000 228 133
2.880000 225 134
2.920000 220 134
2.960000 216 134
3.000000 213 134
3.040000 210 134
3.080000 205 133
3.120000 200 132
3.160000 194 133
3.200000 189 133
3.240000 182 133
3.280000 175 133
3.320000 170 133
3.360000 165 133
3.400000 158 133
3.440000 151 133
3.480000 143 133
3.520000 137 133
3.560000 131 131
3.600000 124 130
3.640000 118 130
3.680000 112 129
3.720000 110 131
3.760000 106 134
3.800000 101 133
3.840000 96 134
3.880000 93 133
3.920000 90 132
3.960000 86 130
4.000000 85 132
4.040000 80 130
4.080000 75 129
4.120000 69 129
4.160000 64 129
4.200000 58 129
4.240000 50 130
4.280000 44 131
4.320000 39 131
4.360000 33 132
4.400000 28 131
4.440000 23 130
4.480000 18 130
4.520000 12 129
4.560000 8 130
4.600000 6 132
4.640000 2 132
4.720000 2 134
