2.080000 313 118
2.120000 308 117
2.160000 304 116
2.200000 299 115
2.240000 296 115
2.280000 290 115
2.320000 286 116
2.360000 282 117
2.400000 277 117
2.440000 273 118
2.480000 268 119
2.520000 264 118
2.560000 260 118
2.600000 257 116
2.640000 251 114
2.680000 246 113
2.720000 241 114
2.760000 234 114
2.800000 229 115
2.840000 225 115
2.880000 220 118
2.920000 215 117
2.960000 210 118
3.000000 205 117
3.040000 201 117
3.080000 196 114
3.120000 193 113
3.160000 186 113
3.200000 181 113
3.240000 174 113
3.280000 168 114
3.320000 163 116
3.360000 158 117
3.400000 153 117
3.440000 151 118
3.480000 146 115
3.520000 142 115
3.560000 137 114
3.600000 131 113
3.640000 125 113
3.680000 119 115
3.720000 114 116
3.760000 110 117
3.800000 105 117
3.840000 101 118
3.880000 97 118
3.920000 92 117
3.960000 87 117
4.000000 81 115
4.040000 76 113
4.080000 70 113
4.120000 64 113
4.160000 59 113
4.200000 54 115
4.240000 50 116
4.280000 49 117
4.320000 44 117
4.360000 40 118
4.400000 37 117
4.440000 33 116
4.480000 28 116
4.520000 23 115
4.560000 18 115
4.600000 13 117
4.640000 10 115
4.720000 2 118
4.760000 2 118
4.800000 2 121
