0.000000 282 56
0.040000 282 56
0.080000 282 56
0.120000 282 56
0.160000 282 56
0.200000 282 56
0.240000 282 56
0.280000 282 56
0.320000 282 56
0.360000 282 56
0.400000 282 56
0.440000 282 56
0.480000 282 56
0.520000 282 56
0.560000 282 56
0.600000 282 56
0.640000 282 56
0.680000 282 56
0.720000 282 56
0.760000 282 56
0.800000 282 56
0.840000 282 56
0.880000 282 56
0.920000 282 56
0.960000 282 56
1.000000 282 56
1.040000 282 56
1.080000 282 56
1.120000 282 56
1.160000 282 56
1.200000 282 56
1.240000 282 56
1.280000 282 56
1.320000 282 56
1.360000 282 56
1.400000 282 56
1.440000 282 56
1.480000 282 56
1.520000 282 56
1.560000 282 56
1.600000 282 56
1.640000 282 56
1.680000 282 56
1.720000 282 56
1.760000 282 56
1.800000 282 56
1.840000 282 56
1.880000 282 56
1.920000 279 55
1.960000 280 54
2.000000 281 56
2.040000 281 55
2.080000 281 56
2.120000 281 56
2.160000 282 56
2.200000 282 56
2.240000 281 56
2.280000 280 56
2.320000 280 56
2.360000 232 60
2.400000 231 58
2.440000 278 52
2.480000 273 54
2.520000 266 55
2.560000 251 54
2.600000 236 52
2.640000 225 52
2.680000 210 52
2.720000 195 52
2.760000 185 56
2.800000 183 57
2.840000 182 55
2.880000 179 52
2.920000 231 56
2.960000 180 52
3.000000 180 52
3.040000 180 52
3.080000 182 52
3.120000 180 52
3.160000 168 61
3.200000 181 52
3.240000 181 52
3.280000 180 51
3.320000 141 61
3.360000 128 56
3.400000 179 50
3.440000 178 51
3.480000 168 52
3.520000 158 55
3.560000 142 56
3.600000 127 52
3.640000 117 55
3.680000 101 54
3.720000 86 54
3.760000 81 58
3.800000 77 56
3.840000 75 53
3.880000 76 54
3.920000 127 52
3.960000 75 51
4.000000 75 51
4.040000 75 51
4.080000 74 51
4.120000 73 50
4.160000 75 51
4.200000 75 50
4.240000 73 50
4.280000 74 49
4.320000 74 48
4.360000 73 50
4.400000 71 50
4.440000 69 50
4.480000 60 51
4.520000 49 53
4.560000 39 52
4.600000 28 51
4.640000 16 52
4.680000 7 56
4.720000 6 59
4.760000 2 56
4.800000 2 52
4.840000 2 53
4.880000 2 54
4.920000 2 52
4.960000 24 56
5.000000 2 53
5.040000 2 53
5.080000 2 53
5.120000 2 53
5.160000 2 53
5.200000 2 53
5.240000 2 53
