0.000000 304 56
0.040000 304 56
0.080000 304 56
0.120000 304 56
0.160000 304 56
0.200000 304 56
0.240000 304 56
0.280000 304 56
0.320000 304 56
0.360000 304 56
0.400000 304 56
0.440000 304 56
0.480000 304 56
0.520000 304 56
0.560000 304 56
0.600000 304 56
0.640000 304 56
0.680000 304 56
0.720000 304 56
0.760000 304 56
0.800000 304 56
0.840000 304 56
0.880000 304 56
0.920000 304 56
0.960000 304 56
1.000000 304 56
1.040000 304 56
1.080000 304 56
1.120000 304 56
1.160000 304 56
1.200000 304 56
1.240000 304 56
1.280000 304 56
1.320000 304 56
1.360000 304 56
1.400000 304 56
1.440000 304 56
1.480000 304 56
1.520000 304 56
1.560000 304 56
1.600000 304 56
1.640000 304 56
1.680000 304 56
1.720000 304 56
1.760000 304 56
1.800000 297 56
1.840000 294 56
1.880000 295 56
1.920000 301 60
1.960000 307 64
2.000000 313 68
2.040000 314 76
2.080000 307 75
2.120000 299 70
2.160000 286 66
2.200000 275 61
2.240000 263 58
2.280000 252 57
2.320000 248 58
2.360000 294 58
2.400000 293 61
2.440000 247 56
2.480000 247 56
2.520000 247 56
2.560000 247 57
2.600000 250 65
2.640000 248 58
2.680000 247 56
2.720000 247 57
2.760000 247 56
2.800000 247 56
2.840000 246 60
2.880000 245 61
2.920000 198 51
2.960000 235 71
3.000000 225 72
3.040000 216 72
3.080000 205 71
3.120000 192 67
3.160000 198 54
3.200000 168 57
3.240000 155 56
3.280000 147 56
3.320000 195 54
3.360000 195 56
3.400000 143 52
3.440000 143 52
3.480000 143 52
3.520000 143 52
3.560000 141 54
3.600000 147 58
3.640000 143 56
3.680000 143 55
3.720000 143 54
3.760000 143 54
3.800000 143 54
3.840000 142 55
3.880000 141 58
3.920000 91 50
3.960000 127 67
4.000000 118 67
4.040000 108 66
4.080000 97 64
4.120000 90 56
4.160000 71 56
4.200000 60 56
4.240000 50 56
4.280000 46 55
4.320000 44 52
4.360000 44 53
4.400000 44 54
4.440000 45 54
4.480000 44 54
4.520000 44 55
4.560000 48 61
4.600000 46 59
4.640000 44 55
4.680000 44 54
4.720000 44 53
4.760000 44 54
4.800000 44 55
4.840000 42 56
4.880000 40 59
4.920000 38 65
4.960000 38 65
5.000000 38 65
5.040000 38 65
5.080000 38 65
5.120000 38 65
5.160000 38 65
5.200000 38 65
5.240000 38 65
