0.000000 304 133
0.040000 304 133
0.080000 304 133
0.120000 304 133
0.160000 304 133
0.200000 304 133
0.240000 304 133
0.280000 304 133
0.320000 304 133
0.360000 304 133
0.400000 304 133
0.440000 304 133
0.480000 304 133
0.520000 304 133
0.560000 304 133
0.600000 304 133
0.640000 304 133
0.680000 304 133
0.720000 304 133
0.760000 304 133
0.800000 304 133
0.840000 304 133
0.880000 304 133
0.920000 304 133
0.960000 304 133
1.000000 304 133
1.040000 304 133
1.080000 304 133
1.120000 304 133
1.160000 304 133
1.200000 304 133
1.240000 304 133
1.280000 304 133
1.320000 304 133
1.360000 304 133
1.400000 304 133
1.440000 304 133
1.480000 304 133
1.520000 304 133
1.560000 304 133
1.600000 304 133
1.640000 304 133
1.680000 304 133
1.720000 304 133
1.760000 304 133
1.800000 304 133
1.840000 299 134
1.880000 297 133
1.920000 294 134
1.960000 292 133
2.000000 288 133
2.040000 284 130
2.080000 282 130
2.120000 279 129
2.160000 276 130
2.200000 273 130
2.240000 270 130
2.280000 263 130
2.320000 255 130
2.360000 253 130
2.400000 251 130
2.440000 244 129
2.480000 241 129
2.520000 238 129
2.560000 236 129
2.600000 233 129
2.640000 231 129
2.680000 228 129
2.720000 221 132
2.760000 216 133
2.800000 211 133
2.840000 206 133
2.880000 201 133
2.920000 194 129
2.960000 190 130
3.000000 186 130
3.040000 183 131
3.080000 179 131
3.120000 175 131
3.160000 172 132
3.200000 168 132
3.240000 161 132
3.280000 155 133
3.320000 181 124
3.360000 178 124
3.400000 173 124
3.440000 168 124
3.480000 157 124
3.520000 153 125
3.560000 149 125
3.600000 145 125
3.640000 141 126
3.680000 137 126
3.720000 134 126
3.760000 130 127
3.800000 126 127
3.840000 122 127
3.880000 118 128
3.920000 114 128
3.960000 111 128
4.000000 107 129
4.040000 103 129
4.080000 99 129
4.120000 95 130
4.160000 91 130
4.200000 85 127
4.240000 84 124
4.280000 80 124
4.320000 75 123
4.360000 74 124
4.400000 69 122
4.440000 64 123
4.480000 53 127
4.520000 49 127
4.560000 46 127
4.600000 43 127
4.640000 40 127
4.680000 36 127
4.720000 33 127
4.760000 30 127
4.800000 23 128
4.840000 18 128
4.880000 14 128
4.920000 12 129
4.960000 12 130
5.000000 10 129
5.040000 10 129
5.080000 10 129
5.120000 10 129
5.160000 10 129
5.200000 10 129
5.240000 10 129
