2.320000 309 176
2.360000 305 176
2.400000 303 176
2.440000 299 176
2.480000 295 176
2.520000 292 178
2.560000 288 178
2.600000 284 178
2.640000 281 179
2.680000 277 179
2.720000 273 178
2.760000 268 178
2.800000 264 176
2.840000 260 176
2.880000 256 176
2.920000 251 176
2.960000 247 175
3.000000 242 176
3.040000 238 176
3.080000 234 176
3.120000 231 177
3.160000 226 178
3.200000 221 178
3.240000 218 177
3.280000 214 178
3.320000 210 176
3.360000 205 176
3.400000 200 176
3.440000 195 176
3.480000 190 176
3.520000 186 176
3.560000 181 178
3.600000 178 178
3.640000 173 179
3.680000 169 180
3.720000 164 180
3.760000 160 179
3.800000 155 178
3.840000 151 178
3.880000 146 178
3.920000 142 177
3.960000 137 177
4.000000 132 177
4.040000 128 178
4.080000 124 178
4.120000 121 180
4.160000 116 180
4.200000 112 180
4.240000 107 180
4.280000 104 179
4.320000 99 180
4.360000 95 179
4.400000 91 178
4.440000 86 178
4.480000 81 177
4.520000 77 177
4.560000 73 178
4.600000 69 177
4.640000 64 180
4.680000 60 178
4.720000 56 178
4.760000 53 176
4.800000 49 176
4.840000 44 176
4.880000 41 175
4.920000 38 176
4.960000 34 175
5.000000 30 175
5.040000 28 176
5.080000 23 176
5.120000 19 176
5.160000 18 176
5.200000 13 176
5.240000 12 176
5.280000 7 176
5.320000 1 175
5.360000 2 176
5.400000 2 175
