2.280000 309 62
2.320000 299 61
2.480000 320 70
2.520000 320 70
2.560000 314 72
2.600000 305 74
2.640000 298 72
2.680000 287 69
2.720000 277 66
2.760000 264 61
2.800000 253 61
2.840000 246 61
2.880000 242 60
2.920000 241 58
2.960000 240 58
3.000000 240 58
3.040000 239 58
3.080000 239 58
3.120000 238 57
3.160000 236 58
3.200000 242 61
3.240000 241 59
3.280000 240 57
3.320000 238 57
3.360000 238 57
3.400000 238 59
3.440000 236 61
3.480000 234 62
3.520000 230 66
3.560000 221 68
3.600000 210 67
3.640000 199 67
3.680000 189 65
3.720000 178 61
3.760000 164 61
3.800000 153 59
3.840000 143 59
3.880000 137 58
3.920000 135 56
3.960000 134 56
4.000000 134 56
4.040000 133 56
4.080000 133 56
4.120000 133 56
4.160000 135 61
4.200000 137 61
4.240000 135 56
4.280000 133 57
4.320000 133 56
4.360000 133 56
4.400000 133 57
4.440000 132 61
4.480000 128 63
4.520000 123 65
4.560000 116 67
4.600000 107 67
4.640000 96 67
4.680000 86 66
4.720000 74 65
4.760000 64 61
4.800000 53 61
4.840000 44 61
4.880000 39 61
4.920000 38 60
4.960000 37 60
5.000000 36 60
5.040000 36 60
5.080000 36 61
5.120000 36 60
5.160000 36 65
5.200000 38 61
5.240000 38 61
5.280000 37 61
5.320000 36 60
5.360000 36 60
5.400000 35 61
5.440000 34 63
5.480000 32 63
5.520000 27 67
5.560000 19 71
