0.000000 320 117
0.040000 320 117
0.080000 320 117
0.120000 320 117
0.160000 320 117
0.200000 320 117
0.240000 320 117
0.280000 320 117
0.320000 320 117
0.360000 320 117
0.400000 320 117
0.440000 320 117
0.480000 320 117
0.520000 320 117
0.560000 320 117
0.600000 320 117
0.640000 320 117
0.680000 320 117
0.720000 320 117
0.760000 320 117
0.800000 320 117
0.840000 320 117
0.880000 320 117
0.920000 320 117
0.960000 320 117
1.000000 320 117
1.040000 320 117
1.080000 320 117
1.120000 320 117
1.160000 320 117
1.200000 320 117
1.240000 320 117
1.280000 320 117
1.320000 320 117
1.360000 320 117
1.400000 320 117
1.440000 320 117
1.480000 320 117
1.520000 320 117
1.560000 320 117
1.600000 320 117
1.640000 320 117
1.680000 320 117
1.720000 320 117
1.760000 320 117
1.800000 320 117
1.840000 320 117
1.880000 316 115
1.920000 313 118
1.960000 309 118
2.000000 304 115
2.040000 301 116
2.080000 298 116
2.120000 294 115
2.160000 289 113
2.200000 284 113
2.240000 278 113
2.280000 272 113
2.320000 268 113
2.360000 262 112
2.400000 258 113
2.440000 256 113
2.480000 252 114
2.520000 247 115
2.560000 243 113
2.600000 236 112
2.640000 231 112
2.680000 225 111
2.720000 218 113
2.760000 212 113
2.800000 207 113
2.840000 201 113
2.880000 195 113
2.920000 190 113
2.960000 186 113
3.000000 180 108
3.040000 176 109
3.080000 169 109
3.120000 163 109
3.160000 157 108
3.200000 152 109
3.240000 147 109
3.280000 144 111
3.320000 138 112
3.360000 134 113
3.400000 131 113
3.440000 126 111
3.480000 120 109
3.520000 113 108
3.560000 107 109
3.600000 101 108
3.640000 95 108
3.680000 90 111
3.720000 85 112
3.760000 79 111
3.800000 75 112
3.840000 70 111
3.880000 65 108
3.920000 60 108
3.960000 55 108
4.000000 49 107
4.040000 44 108
4.080000 38 108
4.120000 34 109
4.160000 29 108
4.200000 27 109
4.240000 23 111
4.280000 18 113
4.320000 15 113
4.360000 12 112
4.400000 6 109
4.440000 2 109
4.480000 2 113
4.520000 2 113
4.560000 2 113
4.600000 2 113
4.640000 2 113
4.680000 2 113
4.720000 2 113
4.760000 2 113
4.800000 2 113
4.840000 2 113
4.880000 2 113
4.920000 2 113
4.960000 2 113
5.000000 2 113
5.040000 2 113
5.080000 2 113
