0.000000 320 150
0.040000 320 150
0.080000 320 150
0.120000 320 150
0.160000 320 150
0.200000 320 150
0.240000 320 150
0.280000 320 150
0.320000 320 150
0.360000 320 150
0.400000 320 150
0.440000 320 150
0.480000 320 150
0.520000 320 150
0.560000 320 150
0.600000 320 150
0.640000 320 150
0.680000 320 150
0.720000 320 150
0.760000 320 150
0.800000 320 150
0.840000 320 150
0.880000 320 150
0.920000 320 150
0.960000 320 150
1.000000 320 150
1.040000 320 150
1.080000 320 150
1.120000 320 150
1.160000 320 150
1.200000 320 150
1.240000 320 150
1.280000 320 150
1.320000 320 150
1.360000 320 150
1.400000 320 150
1.440000 320 150
1.480000 320 150
1.520000 320 150
1.560000 320 150
1.600000 320 150
1.640000 320 150
1.680000 320 150
1.720000 320 150
1.760000 320 150
1.800000 320 150
1.840000 320 150
1.880000 320 150
1.920000 314 154
1.960000 312 150
2.000000 309 150
2.040000 304 150
2.080000 299 150
2.120000 296 150
2.160000 292 149
2.200000 286 149
2.240000 282 149
2.280000 277 149
2.320000 272 150
2.360000 268 150
2.400000 262 152
2.440000 257 152
2.480000 251 152
2.520000 246 152
2.560000 241 150
2.600000 235 149
2.640000 229 149
2.680000 222 149
2.720000 216 150
2.760000 211 150
2.800000 206 150
2.840000 201 150
2.880000 197 152
2.920000 192 152
2.960000 188 151
3.000000 180 150
3.040000 175 150
3.080000 170 149
3.120000 164 148
3.160000 158 149
3.200000 153 149
3.240000 147 150
3.280000 142 151
3.320000 137 151
3.360000 132 150
3.400000 127 150
3.440000 121 149
3.480000 116 149
3.520000 110 148
3.560000 105 148
3.600000 97 147
3.640000 94 149
3.680000 88 149
3.720000 82 150
3.760000 77 150
3.800000 73 150
3.840000 69 150
3.880000 64 149
3.920000 58 148
3.960000 53 146
4.000000 47 145
4.040000 42 145
4.080000 37 145
4.120000 32 146
4.160000 28 147
4.200000 23 148
4.240000 18 148
4.280000 13 148
4.320000 9 146
4.360000 7 148
4.400000 2 145
4.440000 2 145
4.480000 2 143
4.520000 2 143
4.560000 2 143
4.600000 2 143
4.640000 2 143
4.680000 2 143
4.720000 2 143
4.760000 2 143
4.800000 2 143
4.840000 2 143
4.880000 2 143
4.920000 2 143
4.960000 2 143
5.000000 2 143
5.040000 2 143
5.080000 2 143
