0.000000 295 62
0.040000 295 62
0.080000 295 62
0.120000 295 62
0.160000 295 62
0.200000 295 62
0.240000 295 62
0.280000 295 62
0.320000 295 62
0.360000 295 62
0.400000 295 62
0.440000 295 62
0.480000 295 62
0.520000 295 62
0.560000 295 62
0.600000 295 62
0.640000 295 62
0.680000 295 62
0.720000 295 62
0.760000 295 62
0.800000 295 62
0.840000 295 62
0.880000 295 62
0.920000 295 62
0.960000 295 62
1.000000 295 62
1.040000 295 62
1.080000 295 62
1.120000 295 62
1.160000 295 62
1.200000 295 62
1.240000 295 62
1.280000 295 62
1.320000 295 62
1.360000 295 62
1.400000 295 62
1.440000 295 62
1.480000 295 62
1.520000 295 62
1.560000 295 62
1.600000 295 62
1.640000 295 62
1.680000 295 62
1.720000 295 62
1.760000 295 62
1.800000 295 62
1.840000 295 62
1.880000 294 61
1.920000 294 61
1.960000 295 62
2.000000 296 62
2.040000 299 65
2.080000 293 61
2.120000 293 61
2.160000 294 61
2.200000 293 61
2.240000 293 61
2.280000 288 61
2.320000 281 63
2.360000 268 61
2.400000 252 63
2.440000 240 59
2.480000 222 60
2.520000 209 62
2.560000 199 66
2.600000 194 64
2.640000 190 59
2.680000 190 56
2.720000 189 56
2.760000 189 56
2.800000 189 56
2.840000 190 56
2.880000 192 56
2.920000 194 59
2.960000 188 56
3.000000 189 56
3.040000 190 56
3.080000 189 55
3.120000 189 54
3.160000 186 53
3.200000 179 56
3.240000 163 54
3.280000 151 56
3.320000 131 54
3.360000 116 56
3.400000 101 58
3.440000 87 61
3.480000 81 63
3.520000 80 57
3.560000 77 54
3.600000 77 54
3.640000 77 54
3.680000 76 56
3.720000 76 56
3.760000 80 56
3.800000 82 55
3.840000 78 54
3.880000 77 54
3.920000 77 54
3.960000 77 52
4.000000 77 52
4.040000 76 51
4.080000 74 56
4.120000 64 56
4.160000 50 54
4.200000 31 57
4.240000 21 56
4.280000 9 58
4.320000 2 56
4.360000 4 55
4.400000 7 54
4.440000 10 53
4.480000 13 52
4.520000 16 51
4.560000 19 50
4.600000 19 50
4.640000 19 50
4.680000 19 50
4.720000 19 50
4.760000 19 50
4.800000 19 50
4.840000 19 50
4.880000 19 50
4.920000 19 50
4.960000 19 50
5.000000 19 50
5.040000 19 50
5.080000 19 50
