0.000000 307 63
0.040000 307 63
0.080000 307 63
0.120000 307 63
0.160000 307 63
0.200000 307 63
0.240000 307 63
0.280000 307 63
0.320000 307 63
0.360000 307 63
0.400000 307 63
0.440000 307 63
0.480000 307 63
0.520000 307 63
0.560000 307 63
0.600000 307 63
0.640000 307 63
0.680000 307 63
0.720000 307 63
0.760000 307 63
0.800000 307 63
0.840000 307 63
0.880000 307 63
0.920000 307 63
0.960000 307 63
1.000000 307 63
1.040000 307 63
1.080000 307 63
1.120000 307 63
1.160000 307 63
1.200000 307 63
1.240000 307 63
1.280000 307 63
1.320000 307 63
1.360000 307 63
1.400000 307 63
1.440000 307 63
1.480000 307 63
1.520000 307 63
1.560000 307 63
1.600000 307 63
1.640000 307 63
1.680000 307 63
1.720000 307 63
1.760000 307 63
1.800000 307 63
1.840000 307 63
1.880000 307 62
1.920000 307 63
1.960000 308 65
2.000000 309 66
2.040000 308 64
2.080000 308 63
2.120000 308 65
2.160000 307 66
2.200000 304 67
2.240000 302 70
2.280000 296 74
2.320000 288 75
2.360000 277 72
2.400000 267 70
2.440000 251 63
2.480000 236 60
2.520000 221 58
2.560000 210 58
2.600000 205 56
2.640000 205 56
2.680000 205 55
2.720000 204 56
2.760000 203 56
2.800000 203 56
2.840000 203 56
2.880000 206 57
2.920000 205 56
2.960000 205 56
3.000000 205 56
3.040000 204 57
3.080000 202 59
3.120000 199 62
3.160000 194 67
3.200000 184 70
3.240000 173 66
3.280000 158 64
3.320000 142 57
3.360000 128 56
3.400000 112 55
3.440000 101 55
3.480000 94 54
3.520000 92 53
3.560000 92 51
3.600000 91 51
3.640000 91 52
3.680000 90 52
3.720000 90 54
3.760000 94 56
3.800000 91 54
3.840000 91 53
3.880000 90 52
3.920000 90 54
3.960000 90 56
4.000000 86 56
4.040000 82 61
4.080000 75 67
4.120000 66 66
4.160000 58 66
4.200000 44 62
4.240000 33 57
4.280000 19 57
4.320000 2 57
4.360000 5 59
4.400000 9 60
4.440000 12 61
4.480000 16 63
4.520000 19 64
4.560000 23 65
4.600000 23 65
4.640000 23 65
4.680000 23 65
4.720000 23 65
4.760000 23 65
4.800000 23 65
4.840000 23 65
4.880000 23 65
4.920000 23 65
4.960000 23 65
5.000000 23 65
5.040000 23 65
5.080000 23 65
