0.000000 314 95
0.040000 314 95
0.080000 314 95
0.120000 314 95
0.160000 314 95
0.200000 314 95
0.240000 314 95
0.280000 314 95
0.320000 314 95
0.360000 314 95
0.400000 314 95
0.440000 314 95
0.480000 314 95
0.520000 314 95
0.560000 314 95
0.600000 314 95
0.640000 314 95
0.680000 314 95
0.720000 314 95
0.760000 314 95
0.800000 314 95
0.840000 314 95
0.880000 314 95
0.920000 314 95
0.960000 314 95
1.000000 314 95
1.040000 314 95
1.080000 314 95
1.120000 314 95
1.160000 314 95
1.200000 314 95
1.240000 314 95
1.280000 314 95
1.320000 314 95
1.360000 314 95
1.400000 314 95
1.440000 314 95
1.480000 314 95
1.520000 314 95
1.560000 314 95
1.600000 314 95
1.640000 310 93
1.680000 306 91
1.720000 303 92
1.760000 299 93
1.800000 299 92
1.840000 297 92
1.880000 296 92
1.920000 296 93
1.960000 292 93
2.000000 294 92
2.040000 294 92
2.080000 292 92
2.120000 290 90
2.160000 287 91
2.200000 283 91
2.240000 277 91
2.280000 268 92
2.320000 262 90
2.360000 253 91
2.400000 246 92
2.440000 238 93
2.480000 232 93
2.520000 227 93
2.560000 225 92
2.600000 220 87
2.640000 215 87
2.680000 210 88
2.720000 206 87
2.760000 201 88
2.800000 199 89
2.840000 195 89
2.880000 194 87
2.920000 190 88
2.960000 194 89
3.000000 194 87
3.040000 193 87
3.080000 190 87
3.120000 189 85
3.160000 184 86
3.200000 180 87
3.240000 173 87
3.280000 165 87
3.320000 142 87
3.360000 138 87
3.400000 140 87
3.440000 135 88
3.480000 134 89
3.520000 120 92
3.560000 136 86
3.600000 111 87
3.640000 107 86
3.680000 99 87
3.720000 95 86
3.760000 91 87
3.800000 89 87
3.840000 90 87
3.880000 86 87
3.920000 86 90
3.960000 86 89
4.000000 85 87
4.040000 84 87
4.080000 80 87
4.120000 71 87
4.160000 62 87
4.200000 53 87
4.240000 43 84
4.280000 39 87
4.320000 54 87
4.360000 43 87
4.400000 40 87
4.440000 38 88
4.480000 33 91
4.520000 22 93
4.560000 18 92
4.600000 16 87
4.640000 13 89
4.680000 8 88
4.720000 7 87
4.760000 2 87
4.800000 2 86
4.840000 5 87
4.880000 5 87
4.920000 5 87
4.960000 5 87
5.000000 5 87
5.040000 5 87
5.080000 5 87
5.120000 5 87
5.160000 5 87
5.200000 5 87
5.240000 5 87
5.280000 5 87
5.320000 5 87
5.360000 5 87
5.400000 5 87
5.440000 5 87
5.480000 5 87
5.520000 5 87
5.560000 5 87
5.600000 5 87
5.640000 5 87
5.680000 5 87
5.720000 5 87
5.760000 5 87
5.800000 5 87
5.840000 5 87
5.880000 5 87
