1.520000 299 114
1.560000 294 114
1.600000 288 113
1.640000 287 113
1.680000 284 113
1.720000 283 114
1.760000 283 118
1.800000 282 116
1.840000 278 111
1.880000 277 111
1.920000 273 109
1.960000 268 109
2.000000 262 109
2.040000 256 108
2.080000 246 109
2.120000 236 109
2.160000 226 112
2.200000 215 111
2.240000 203 111
2.280000 191 113
2.320000 180 111
2.360000 173 113
2.400000 168 113
2.440000 162 112
2.480000 158 112
2.520000 158 112
2.560000 157 111
2.600000 157 113
2.640000 154 113
2.680000 153 112
2.720000 151 111
2.760000 147 108
2.800000 143 108
2.840000 137 108
2.880000 127 108
2.920000 119 108
2.960000 107 109
3.000000 99 108
3.040000 87 110
3.080000 77 113
3.120000 66 111
3.160000 59 113
3.200000 50 113
3.240000 44 112
3.280000 40 111
3.320000 38 111
3.360000 34 109
3.400000 34 113
3.440000 32 113
3.480000 29 108
3.520000 29 112
3.560000 27 109
3.600000 23 108
3.640000 21 109
3.680000 18 108
3.720000 12 107
