1.400000 320 119
1.440000 320 119
1.480000 313 115
1.520000 307 113
1.560000 299 113
1.600000 294 113
1.640000 289 113
1.680000 284 116
1.720000 279 118
1.760000 276 118
1.800000 271 117
1.840000 266 113
1.880000 260 113
1.920000 255 113
1.960000 247 112
2.000000 242 113
2.040000 236 113
2.080000 231 113
2.120000 225 114
2.160000 220 116
2.200000 215 114
2.240000 210 114
2.280000 205 113
2.320000 199 111
2.360000 192 110
2.400000 184 109
2.440000 179 111
2.480000 173 113
2.520000 170 114
2.560000 168 114
2.600000 162 117
2.640000 157 117
2.680000 152 114
2.720000 144 112
2.760000 138 111
2.800000 131 111
2.840000 125 111
2.880000 118 112
2.920000 109 113
2.960000 103 113
3.000000 101 114
3.040000 98 117
3.080000 91 115
3.120000 90 115
3.160000 86 113
3.200000 81 113
3.240000 75 113
3.280000 69 112
3.320000 62 112
3.360000 58 113
3.400000 54 115
3.440000 49 115
3.480000 44 117
3.520000 40 117
3.560000 34 117
3.600000 30 115
3.640000 25 113
3.680000 19 113
3.720000 13 113
3.760000 9 113
