0.000000 314 92
0.040000 314 92
0.080000 314 92
0.120000 314 92
0.160000 314 92
0.200000 314 92
0.240000 314 92
0.280000 314 92
0.320000 314 92
0.360000 314 92
0.400000 314 92
0.440000 314 92
0.480000 314 92
0.520000 314 92
0.560000 314 92
0.600000 314 92
0.640000 314 92
0.680000 314 92
0.720000 314 92
0.760000 314 92
0.800000 314 92
0.840000 314 92
0.880000 314 92
0.920000 314 92
0.960000 314 92
1.000000 314 92
1.040000 314 92
1.080000 314 92
1.120000 314 92
1.160000 314 92
1.200000 314 92
1.240000 314 92
1.280000 314 92
1.320000 314 92
1.360000 314 92
1.400000 314 92
1.440000 314 92
1.480000 314 92
1.520000 314 92
1.560000 314 92
1.600000 314 92
1.640000 314 92
1.680000 314 92
1.720000 314 92
1.760000 314 92
1.800000 314 92
1.840000 314 92
1.880000 314 92
1.920000 314 92
1.960000 314 92
2.000000 314 92
2.040000 314 92
2.080000 314 92
2.120000 314 92
2.160000 314 92
2.200000 314 92
2.240000 314 92
2.280000 314 92
2.320000 314 92
2.360000 314 92
2.400000 314 92
2.440000 314 92
2.480000 314 92
2.520000 307 93
2.560000 320 90
2.600000 313 88
2.640000 312 87
2.680000 309 87
2.720000 308 87
2.760000 305 87
2.800000 301 87
2.840000 275 88
2.880000 288 87
2.920000 283 87
2.960000 276 87
3.000000 268 88
3.040000 265 92
3.080000 258 89
3.120000 255 89
3.160000 251 87
3.200000 247 87
3.240000 242 86
3.280000 240 87
3.320000 236 86
3.360000 231 87
3.400000 229 86
3.440000 226 86
3.480000 226 87
3.520000 225 87
3.560000 223 87
3.600000 224 86
3.640000 221 83
3.680000 220 82
3.720000 218 82
3.760000 210 82
3.800000 203 82
3.840000 194 82
3.880000 188 82
3.920000 177 86
3.960000 170 87
4.000000 166 87
4.040000 159 87
4.080000 155 87
4.120000 153 86
4.160000 148 83
4.200000 144 82
4.240000 140 82
4.280000 136 82
4.320000 132 83
4.360000 129 85
4.400000 127 85
4.440000 127 87
4.480000 122 87
4.520000 123 85
4.560000 122 83
4.600000 121 82
4.640000 117 82
4.680000 112 82
4.720000 107 82
4.760000 101 82
4.800000 92 82
4.840000 83 85
4.880000 79 85
4.920000 72 87
4.960000 69 87
5.000000 63 87
5.040000 60 87
5.080000 57 85
5.120000 54 85
5.160000 49 83
5.200000 45 83
5.240000 43 84
5.280000 52 87
5.320000 39 85
5.360000 36 87
5.400000 34 87
5.440000 30 89
5.480000 32 87
5.520000 32 86
5.560000 31 83
5.600000 29 83
5.640000 26 83
5.680000 22 85
5.720000 8 87
5.760000 6 86
5.800000 5 85
5.840000 3 84
5.880000 2 83
5.920000 2 83
5.960000 2 83
6.000000 2 83
6.040000 2 83
6.080000 2 83
6.120000 2 83
6.160000 2 83
6.200000 2 83
6.240000 2 83
6.280000 2 83
6.320000 2 83
6.360000 2 83
