2.440000 288 135
2.480000 283 135
2.520000 278 136
2.560000 273 137
2.600000 270 139
2.640000 267 139
2.680000 262 139
2.720000 257 139
2.760000 252 139
2.800000 247 139
2.840000 242 137
2.880000 237 138
2.920000 232 138
2.960000 227 139
3.000000 225 139
3.040000 220 139
3.080000 215 139
3.120000 211 139
3.160000 209 140
3.200000 205 141
3.240000 202 141
3.280000 198 139
3.320000 194 139
3.360000 189 138
3.400000 184 137
3.440000 179 135
3.480000 173 134
3.520000 168 134
3.560000 163 134
3.600000 157 135
3.640000 152 135
3.680000 147 137
3.720000 143 138
3.760000 138 139
3.800000 133 139
3.840000 128 138
3.880000 123 138
3.920000 121 137
3.960000 116 135
4.000000 111 135
4.040000 107 136
4.080000 101 136
4.120000 96 137
4.160000 92 138
4.200000 87 139
4.240000 82 139
4.280000 79 139
4.320000 75 139
4.360000 70 138
4.400000 66 136
4.440000 60 134
4.480000 56 134
4.520000 54 133
