2.440000 303 70
2.480000 297 73
2.520000 290 76
2.560000 281 77
2.600000 273 76
2.640000 264 75
2.680000 251 66
2.720000 242 65
2.760000 229 61
2.800000 257 57
2.840000 257 59
2.880000 203 56
2.920000 201 56
2.960000 201 55
3.000000 201 56
3.040000 200 56
3.080000 203 55
3.120000 201 56
3.160000 202 56
3.200000 205 61
3.240000 200 56
3.280000 201 56
3.320000 201 56
3.360000 201 56
3.400000 201 56
3.440000 200 57
3.480000 200 61
3.520000 195 65
3.560000 189 70
3.600000 144 53
3.640000 172 73
3.680000 163 72
3.720000 153 71
3.760000 140 63
3.800000 127 62
3.840000 147 56
3.880000 145 55
3.920000 144 56
3.960000 144 56
4.000000 87 54
4.040000 87 55
4.080000 86 55
4.120000 122 69
4.160000 87 54
4.200000 87 55
4.240000 90 52
4.280000 89 56
4.320000 89 56
4.360000 90 55
4.400000 90 56
4.440000 86 56
4.480000 86 56
4.520000 86 59
