2.440000 268 120
2.480000 262 121
2.520000 258 121
2.560000 256 122
2.600000 251 123
2.640000 247 124
2.680000 242 123
2.720000 239 122
2.760000 235 120
2.800000 236 119
2.840000 231 118
2.880000 223 118
2.920000 220 118
2.960000 214 118
3.000000 209 119
3.040000 203 120
3.080000 199 121
3.120000 196 122
3.160000 195 123
3.200000 192 124
3.240000 190 123
3.280000 187 121
3.320000 184 119
3.360000 177 118
3.400000 174 118
3.440000 170 117
3.480000 163 115
3.520000 158 117
3.560000 151 118
3.600000 143 119
3.640000 138 120
3.680000 136 121
3.720000 133 122
3.760000 127 120
3.800000 126 120
3.840000 121 119
3.880000 120 117
3.920000 115 116
3.960000 109 114
4.000000 101 113
4.040000 96 116
4.080000 91 117
4.120000 86 118
4.160000 82 119
4.200000 79 120
4.240000 80 121
4.280000 75 122
4.320000 71 119
4.360000 68 119
4.400000 64 117
4.440000 61 117
4.480000 59 115
4.520000 50 114
