2.000000 309 119
2.040000 309 120
2.080000 308 121
2.120000 309 117
2.160000 308 117
2.200000 308 118
2.240000 306 119
2.280000 303 119
2.320000 299 122
2.360000 294 122
2.400000 288 122
2.440000 281 119
2.480000 272 119
2.520000 262 119
2.560000 253 118
2.600000 245 116
2.640000 234 113
2.680000 225 116
2.720000 218 117
2.760000 214 119
2.800000 208 119
2.840000 205 119
2.880000 205 119
2.920000 204 117
2.960000 197 121
3.000000 204 118
3.040000 202 113
3.080000 201 115
3.120000 199 117
3.160000 196 118
3.200000 191 118
3.240000 185 118
3.280000 179 117
3.320000 169 118
3.360000 158 118
3.400000 151 119
3.440000 142 121
3.480000 132 117
3.520000 121 115
3.560000 114 117
3.600000 108 119
3.640000 101 118
3.680000 97 118
3.720000 95 118
3.760000 92 118
3.800000 91 116
3.840000 90 118
3.880000 89 117
3.920000 90 118
3.960000 90 118
4.000000 89 117
4.040000 86 118
4.080000 81 118
4.120000 77 117
4.160000 70 117
4.200000 60 117
4.240000 51 119
4.280000 44 117
4.320000 33 117
4.360000 27 115
4.400000 18 117
4.440000 13 119
4.480000 8 119
4.520000 2 118
4.560000 2 120
4.640000 2 122
4.680000 2 124
