2.000000 314 134
2.080000 305 134
2.120000 297 135
2.160000 291 135
2.200000 286 134
2.240000 282 134
2.280000 277 134
2.320000 273 134
2.360000 272 135
2.400000 267 134
2.440000 262 134
2.960000 201 133
3.000000 196 133
3.040000 190 134
3.080000 184 133
3.120000 179 133
3.160000 175 133
3.200000 170 132
3.240000 166 133
3.280000 160 132
3.520000 142 134
3.560000 136 134
3.600000 132 134
3.640000 127 135
3.680000 121 135
3.720000 116 135
3.960000 85 134
4.000000 77 132
4.040000 70 132
4.160000 63 134
4.200000 57 134
4.240000 53 135
4.280000 49 134
4.360000 47 134
4.400000 43 133
4.440000 39 133
4.480000 34 133
4.520000 31 132
4.560000 26 133
4.600000 23 133
4.640000 18 134
4.680000 13 135
