2.000000 314 153
2.040000 310 153
2.080000 308 155
2.120000 298 154
2.160000 294 154
2.200000 289 154
2.240000 284 154
2.280000 281 153
2.320000 276 154
2.360000 272 154
2.400000 268 154
2.440000 262 154
2.480000 258 155
2.520000 255 156
2.560000 251 155
2.600000 245 154
2.640000 241 153
2.680000 235 154
2.720000 231 154
2.760000 225 154
2.800000 221 155
2.840000 216 155
2.880000 210 155
2.920000 205 155
2.960000 201 155
3.000000 196 154
3.040000 192 154
3.080000 187 154
3.120000 182 153
3.160000 178 153
3.200000 174 154
3.240000 168 154
3.280000 164 155
3.320000 157 155
3.360000 152 156
3.400000 148 156
3.440000 142 156
3.480000 137 154
3.520000 133 154
3.560000 130 153
3.600000 127 153
3.640000 122 152
3.680000 117 153
3.720000 112 154
3.760000 108 154
3.800000 105 155
3.840000 101 155
3.880000 90 154
3.920000 87 154
3.960000 85 154
4.000000 80 154
4.040000 71 152
4.080000 71 152
4.120000 65 152
4.160000 60 154
4.200000 55 154
4.240000 50 154
4.280000 49 154
4.320000 45 154
4.360000 43 150
4.400000 38 150
4.440000 34 150
4.480000 29 149
4.520000 27 148
4.560000 23 149
4.600000 19 150
4.640000 15 150
4.680000 12 150
4.720000 8 150
