0.000000 313 131
0.040000 313 131
0.080000 313 131
0.120000 313 131
0.160000 313 131
0.200000 313 131
0.240000 313 131
0.280000 313 131
0.320000 313 131
0.360000 313 131
0.400000 313 131
0.440000 313 131
0.480000 313 131
0.520000 313 131
0.560000 313 131
0.600000 313 131
0.640000 313 131
0.680000 313 131
0.720000 313 131
0.760000 313 131
0.800000 313 131
0.840000 313 131
0.880000 313 131
0.920000 313 131
0.960000 313 131
1.000000 313 131
1.040000 313 131
1.080000 313 131
1.120000 313 131
1.160000 313 131
1.200000 313 131
1.240000 308 131
1.280000 304 130
1.320000 294 130
1.360000 291 131
1.400000 288 131
1.440000 285 131
1.480000 283 132
1.520000 280 132
1.560000 277 132
1.600000 271 133
1.640000 266 132
1.680000 260 130
1.720000 257 129
1.760000 252 129
1.800000 246 129
1.840000 242 130
1.880000 232 130
1.920000 228 131
1.960000 225 131
2.000000 221 131
2.040000 218 131
2.080000 214 132
2.120000 211 132
2.160000 204 132
2.200000 200 132
2.240000 196 132
2.280000 192 132
2.320000 188 131
2.360000 184 131
2.400000 180 131
2.440000 176 130
2.480000 172 130
2.520000 168 130
2.560000 161 130
2.600000 158 130
2.640000 153 129
2.680000 148 128
2.720000 137 128
2.760000 134 129
2.800000 131 130
2.840000 128 131
2.880000 126 132
2.920000 123 133
2.960000 120 134
3.000000 117 135
3.040000 115 136
3.080000 109 138
3.120000 105 137
3.160000 101 135
3.200000 93 132
3.240000 89 132
3.280000 85 132
3.320000 81 132
3.360000 78 132
3.400000 74 132
3.440000 70 132
3.480000 66 131
3.520000 63 131
3.560000 59 131
3.600000 55 131
3.640000 51 131
3.680000 48 131
3.720000 44 131
3.760000 40 130
3.800000 36 130
3.840000 33 130
3.880000 29 130
3.920000 25 130
3.960000 21 130
4.000000 16 128
4.040000 12 130
4.080000 12 130
4.120000 12 130
4.160000 12 130
4.200000 12 130
4.240000 12 130
4.280000 12 130
4.320000 12 130
4.360000 12 130
4.400000 12 130
4.440000 12 130
4.480000 12 130
