1.040000 309 123
1.080000 305 124
1.120000 303 125
1.160000 297 123
1.200000 294 123
1.320000 281 126
1.360000 273 125
1.400000 268 125
1.440000 262 126
1.480000 258 124
1.520000 256 124
1.560000 253 126
1.600000 251 124
1.640000 248 123
1.800000 231 122
1.840000 226 122
1.880000 220 122
1.920000 216 123
1.960000 210 122
2.000000 207 123
2.040000 205 121
2.080000 201 123
2.200000 188 125
2.240000 180 124
2.280000 175 125
2.320000 170 124
2.360000 166 124
2.400000 164 124
2.440000 160 122
2.600000 144 122
2.640000 137 122
2.680000 131 122
2.720000 123 120
2.760000 118 121
2.800000 115 121
2.840000 111 122
2.880000 108 122
2.920000 106 122
3.040000 102 172
3.120000 90 123
3.160000 84 122
3.200000 81 119
3.320000 75 119
3.520000 44 119
3.560000 38 120
3.600000 30 119
3.640000 24 119
3.680000 20 118
3.720000 18 119
3.760000 14 119
3.800000 37 119
