0.000000 320 58
0.040000 320 58
0.080000 320 58
0.120000 320 58
0.160000 320 58
0.200000 320 58
0.240000 320 58
0.280000 320 58
0.320000 320 58
0.360000 320 58
0.400000 320 58
0.440000 320 58
0.480000 320 58
0.520000 320 58
0.560000 320 58
0.600000 320 58
0.640000 320 58
0.680000 320 58
0.720000 320 58
0.760000 320 58
0.800000 320 58
0.840000 320 58
0.880000 320 58
0.920000 320 62
0.960000 320 65
1.000000 320 69
1.040000 316 72
1.080000 303 69
1.120000 293 64
1.160000 278 63
1.200000 262 61
1.240000 251 61
1.280000 243 61
1.320000 240 60
1.360000 236 59
1.400000 236 59
1.440000 236 58
1.480000 236 58
1.520000 236 58
1.560000 236 58
1.600000 236 59
1.640000 236 58
1.680000 236 59
1.720000 236 59
1.760000 236 59
1.800000 235 60
1.840000 234 61
1.880000 232 61
1.920000 228 65
1.960000 220 68
2.000000 210 71
2.040000 199 70
2.080000 188 68
2.120000 171 63
2.160000 158 61
2.200000 143 60
2.240000 128 58
2.280000 116 58
2.320000 109 57
2.360000 106 57
2.400000 106 56
2.440000 105 56
2.480000 104 56
2.520000 103 56
2.560000 103 56
2.600000 105 57
2.640000 104 56
2.680000 105 57
2.720000 104 57
2.760000 103 57
2.800000 103 58
2.840000 102 57
2.880000 101 59
2.920000 101 60
2.960000 96 62
3.000000 89 67
3.040000 79 69
3.080000 70 70
3.120000 60 69
3.160000 50 66
3.200000 40 62
3.240000 28 61
3.280000 17 59
3.320000 8 59
3.360000 2 59
3.400000 2 59
3.440000 2 59
3.480000 6 62
3.520000 10 65
3.560000 14 67
3.600000 18 70
3.640000 23 72
3.680000 23 72
3.720000 23 72
3.760000 23 72
3.800000 23 72
3.840000 23 72
3.880000 23 72
3.920000 23 72
3.960000 23 72
4.000000 23 72
4.040000 23 72
4.080000 23 72
4.120000 23 72
4.160000 23 72
4.200000 23 72
