0.000000 297 63
0.040000 297 63
0.080000 297 63
0.120000 297 63
0.160000 297 63
0.200000 297 63
0.240000 297 63
0.280000 297 63
0.320000 297 63
0.360000 297 63
0.400000 297 63
0.440000 297 63
0.480000 297 63
0.520000 297 63
0.560000 297 63
0.600000 297 63
0.640000 297 63
0.680000 297 63
0.720000 297 63
0.760000 297 63
0.800000 297 63
0.840000 297 63
0.880000 297 63
0.920000 297 62
0.960000 297 63
1.000000 297 62
1.040000 295 63
1.080000 295 65
1.120000 297 65
1.160000 297 63
1.200000 297 63
1.240000 296 63
1.280000 295 65
1.320000 294 66
1.360000 292 67
1.400000 288 71
1.440000 279 73
1.480000 272 76
1.520000 262 76
1.560000 251 74
1.600000 240 71
1.640000 225 66
1.680000 210 65
1.720000 197 62
1.760000 184 62
1.800000 177 63
1.840000 173 61
1.880000 172 61
1.920000 171 61
1.960000 170 60
2.000000 170 60
2.040000 170 60
2.080000 169 61
2.120000 173 66
2.160000 170 61
2.200000 170 61
2.240000 169 61
2.280000 169 61
2.320000 168 61
2.360000 168 63
2.400000 164 66
2.440000 158 68
2.480000 148 71
2.520000 138 72
2.560000 127 72
2.600000 117 71
2.640000 106 68
2.680000 91 65
2.720000 80 62
2.760000 69 61
2.800000 59 61
2.840000 53 61
2.880000 51 61
2.920000 49 60
2.960000 49 60
3.000000 49 60
3.040000 49 60
3.080000 48 60
3.120000 48 60
3.160000 49 64
3.200000 49 63
3.240000 49 61
3.280000 48 61
3.320000 47 61
3.360000 47 61
3.400000 46 61
3.440000 45 63
3.480000 37 69
3.520000 33 70
3.560000 30 71
3.600000 26 72
3.640000 16 72
3.680000 16 72
3.720000 16 72
3.760000 16 72
3.800000 16 72
3.840000 16 72
3.880000 16 72
3.920000 16 72
3.960000 16 72
4.000000 16 72
4.040000 16 72
4.080000 16 72
4.120000 16 72
4.160000 16 72
4.200000 16 72
