1.400000 320 60
1.440000 304 58
1.480000 286 57
1.520000 278 56
1.560000 262 58
1.600000 252 62
1.640000 243 63
1.680000 239 61
1.720000 236 57
1.760000 234 56
1.800000 233 54
1.840000 234 52
1.880000 233 53
1.920000 233 52
1.960000 233 53
2.000000 232 54
2.040000 231 52
2.080000 233 52
2.120000 232 52
2.160000 232 52
2.200000 231 52
2.240000 231 52
2.280000 221 56
2.320000 210 56
2.360000 195 56
2.400000 178 54
2.440000 165 55
2.480000 152 56
2.520000 138 58
2.560000 129 61
2.600000 125 61
2.640000 123 56
2.680000 121 54
2.720000 121 53
2.760000 121 52
2.800000 121 52
2.840000 121 52
2.880000 121 52
2.920000 121 51
2.960000 121 51
3.000000 121 51
3.040000 71 63
3.080000 120 50
3.120000 121 50
3.160000 116 51
3.200000 107 52
3.240000 95 52
3.280000 75 54
3.320000 69 52
3.360000 55 54
3.400000 44 56
3.440000 33 59
3.480000 26 62
3.520000 22 63
3.560000 18 61
3.600000 19 59
3.640000 18 56
3.680000 18 56
3.720000 18 56
3.760000 18 55
3.800000 18 56
3.840000 18 55
3.880000 18 56
3.920000 18 55
3.960000 18 55
4.040000 18 54
4.080000 18 54
