1.400000 320 66
1.440000 314 67
1.480000 303 59
1.520000 299 59
1.560000 277 56
1.600000 263 56
1.640000 253 56
1.680000 251 54
1.720000 250 52
1.760000 250 52
1.800000 250 52
1.840000 249 52
1.880000 250 52
1.920000 251 54
1.960000 249 53
2.000000 249 53
2.040000 249 53
2.080000 249 54
2.120000 249 54
2.160000 249 55
2.200000 246 59
2.240000 241 66
2.280000 232 67
2.320000 221 68
2.360000 210 66
2.400000 195 56
2.440000 184 56
2.480000 168 55
2.520000 153 53
2.560000 143 53
2.600000 138 52
2.640000 138 51
2.680000 138 51
2.720000 137 51
2.760000 138 51
2.800000 138 51
2.840000 138 52
2.880000 138 52
2.920000 138 52
2.960000 137 52
3.000000 137 53
3.040000 84 55
3.080000 136 56
3.120000 132 60
3.160000 127 65
3.200000 118 66
3.240000 108 64
3.280000 95 61
3.320000 84 54
3.360000 70 56
3.400000 59 54
3.440000 47 55
3.480000 39 56
3.520000 34 56
3.560000 33 54
3.600000 32 54
3.640000 32 54
3.680000 32 54
3.720000 33 54
3.760000 33 55
3.800000 32 55
3.840000 33 56
3.880000 32 56
3.920000 32 55
3.960000 33 56
4.040000 32 58
4.080000 29 60
