3.840000 320 65
3.880000 313 65
3.920000 314 65
3.960000 315 65
4.000000 315 65
4.040000 314 65
4.080000 314 62
4.120000 314 63
4.160000 313 65
4.200000 310 66
4.240000 308 71
4.280000 302 72
4.320000 294 72
4.360000 286 71
4.400000 276 68
4.440000 268 61
4.480000 257 61
4.520000 246 58
4.560000 236 56
4.600000 230 56
4.640000 226 56
4.680000 226 56
4.720000 226 56
4.760000 226 56
4.800000 226 56
4.840000 226 56
4.880000 226 56
4.920000 226 57
4.960000 227 57
5.000000 226 56
5.040000 226 56
5.080000 226 56
5.120000 226 56
5.160000 225 57
5.200000 225 57
5.240000 224 58
5.280000 220 61
5.320000 215 66
5.360000 208 67
5.400000 200 67
5.440000 190 67
5.480000 179 67
5.520000 170 61
5.560000 159 59
5.600000 147 56
5.640000 136 56
5.680000 127 56
5.720000 123 55
5.760000 124 55
5.800000 123 55
5.840000 123 56
5.880000 123 56
5.920000 123 55
5.960000 123 55
6.000000 123 56
6.040000 125 56
6.080000 123 56
6.120000 123 56
6.160000 123 56
6.200000 123 56
6.240000 123 56
6.280000 122 56
6.320000 121 57
6.360000 117 61
6.400000 112 64
6.440000 103 66
6.480000 97 67
6.520000 88 67
6.560000 78 65
6.600000 70 60
6.640000 60 57
6.680000 49 56
6.720000 39 57
6.760000 33 58
6.800000 29 57
6.840000 29 56
6.880000 29 56
6.920000 29 56
6.960000 29 56
7.000000 29 56
7.040000 29 56
7.080000 29 56
7.120000 29 57
7.160000 29 57
7.200000 29 56
7.240000 29 56
7.280000 29 56
7.320000 29 56
7.400000 27 59
7.440000 23 61
