3.840000 320 93
3.880000 314 92
3.920000 313 89
3.960000 313 89
4.000000 312 88
4.040000 309 87
4.080000 308 87
4.120000 303 88
4.160000 299 88
4.200000 293 89
4.240000 286 88
4.280000 278 89
4.320000 271 91
4.360000 266 92
4.400000 258 93
4.440000 255 93
4.480000 251 94
4.520000 247 93
4.560000 246 88
4.600000 242 87
4.640000 238 86
4.680000 235 87
4.720000 231 87
4.760000 228 87
4.800000 226 87
4.840000 225 86
4.880000 225 88
4.920000 225 88
4.960000 223 88
5.000000 221 87
5.040000 220 87
5.080000 218 85
5.120000 216 85
5.160000 213 85
5.200000 210 86
5.240000 205 86
5.280000 198 87
5.320000 189 87
5.360000 179 87
5.400000 173 87
5.440000 166 89
5.480000 158 92
5.520000 153 92
5.560000 148 92
5.600000 144 91
5.640000 142 87
5.680000 139 85
5.720000 136 82
5.760000 132 82
5.800000 127 83
5.840000 125 85
5.880000 122 86
5.920000 121 85
5.960000 120 85
6.000000 117 87
6.040000 117 87
6.080000 116 87
6.120000 115 87
6.160000 114 83
6.200000 112 83
6.240000 110 83
6.280000 106 83
6.320000 101 85
6.360000 92 87
6.400000 84 87
6.440000 75 87
6.480000 70 87
6.520000 64 87
6.560000 58 89
6.600000 53 91
6.640000 49 90
6.680000 45 88
6.720000 44 86
6.760000 42 85
6.800000 38 83
6.840000 34 83
6.880000 30 83
6.920000 28 84
6.960000 25 85
7.000000 24 86
7.040000 23 85
7.080000 23 85
7.120000 18 89
7.160000 19 87
7.200000 19 87
7.240000 18 87
7.280000 17 85
7.320000 16 83
7.400000 8 87
7.440000 1 87
