3.840000 312 176
3.880000 308 176
3.920000 304 176
3.960000 300 176
4.000000 297 176
4.040000 293 175
4.080000 289 175
4.120000 286 175
4.160000 283 175
4.200000 278 176
4.240000 274 176
4.280000 271 177
4.320000 267 178
4.360000 263 179
4.400000 262 178
4.440000 257 178
4.480000 255 180
4.520000 251 178
4.560000 247 177
4.600000 245 177
4.640000 241 176
4.680000 238 177
4.720000 235 178
4.760000 231 180
4.800000 226 180
4.840000 223 180
4.880000 220 180
4.920000 216 180
4.960000 211 180
5.000000 209 180
5.040000 205 180
5.080000 200 180
5.120000 196 178
5.160000 193 178
5.200000 189 176
5.240000 184 178
5.280000 180 178
5.320000 176 178
5.360000 173 179
5.400000 169 180
5.440000 164 180
5.480000 162 180
5.520000 158 180
5.560000 153 180
5.600000 150 178
5.640000 147 177
5.680000 143 176
5.720000 138 176
5.760000 135 176
5.800000 132 176
5.840000 127 178
5.880000 122 178
5.920000 119 180
5.960000 116 178
6.000000 112 178
6.040000 108 179
6.080000 105 180
6.120000 101 178
6.160000 96 178
6.200000 93 176
6.240000 90 176
6.280000 85 176
6.320000 81 176
6.360000 77 176
6.400000 75 176
6.440000 70 176
6.480000 66 176
6.520000 64 176
6.560000 60 176
6.600000 57 176
6.640000 53 176
6.680000 49 175
6.720000 47 175
6.760000 43 174
6.800000 39 174
6.840000 36 173
6.880000 32 174
6.920000 28 175
6.960000 25 175
7.000000 21 174
7.040000 18 175
7.080000 15 175
7.120000 12 174
7.160000 9 174
7.200000 7 172
7.280000 2 171
7.320000 2 171
