0.000000 320 65
0.040000 320 65
0.080000 320 65
0.120000 320 65
0.160000 320 65
0.200000 320 65
0.240000 320 65
0.280000 320 65
0.320000 320 65
0.360000 320 65
0.400000 320 65
0.440000 320 65
0.480000 320 65
0.520000 320 65
0.560000 320 65
0.600000 320 65
0.640000 320 65
0.680000 320 65
0.720000 320 65
0.760000 320 65
0.800000 320 65
0.840000 320 65
0.880000 320 65
0.920000 320 65
0.960000 320 65
1.000000 320 65
1.040000 320 65
1.080000 320 65
1.120000 320 65
1.160000 320 65
1.200000 320 65
1.240000 320 65
1.280000 320 65
1.320000 320 65
1.360000 320 65
1.400000 320 65
1.440000 320 65
1.480000 320 65
1.520000 320 65
1.560000 320 65
1.600000 320 65
1.640000 320 65
1.680000 320 65
1.720000 320 65
1.760000 320 65
1.800000 320 65
1.840000 320 65
1.880000 300 61
1.920000 288 57
1.960000 277 57
2.000000 264 61
2.040000 253 65
2.080000 251 66
2.120000 244 60
2.160000 242 56
2.200000 242 55
2.240000 242 55
2.280000 242 54
2.320000 242 54
2.360000 242 54
2.400000 242 56
2.440000 241 54
2.480000 242 54
2.520000 242 54
2.560000 242 53
2.600000 242 52
2.640000 242 52
2.680000 241 53
2.720000 236 56
2.760000 227 57
2.800000 216 57
2.840000 199 56
2.880000 184 54
2.920000 170 52
2.960000 155 55
3.000000 144 57
3.040000 131 61
3.080000 128 59
3.120000 127 55
3.160000 126 52
3.200000 125 51
3.240000 123 51
3.280000 123 51
3.320000 124 51
3.360000 125 51
3.400000 127 50
3.440000 123 51
3.480000 126 51
3.520000 125 50
3.560000 123 50
3.600000 124 50
3.640000 123 50
3.680000 122 51
3.720000 116 56
3.760000 107 54
3.800000 90 56
3.840000 81 52
3.880000 65 50
3.920000 51 52
3.960000 36 55
4.000000 24 56
4.040000 22 63
4.080000 18 60
4.120000 16 56
4.160000 14 54
4.200000 13 54
4.240000 13 53
4.280000 13 52
4.320000 14 52
4.360000 13 52
4.400000 14 52
4.440000 14 52
4.480000 14 52
4.520000 14 52
4.560000 16 54
4.600000 16 54
4.640000 16 54
4.680000 16 54
4.720000 16 54
4.760000 16 54
4.800000 16 54
4.840000 16 54
4.880000 16 54
4.920000 16 54
4.960000 16 54
