0.000000 303 66
0.040000 303 66
0.080000 303 66
0.120000 303 66
0.160000 303 66
0.200000 303 66
0.240000 303 66
0.280000 303 66
0.320000 303 66
0.360000 303 66
0.400000 303 66
0.440000 303 66
0.480000 303 66
0.520000 303 66
0.560000 303 66
0.600000 303 66
0.640000 303 66
0.680000 303 66
0.720000 303 66
0.760000 303 66
0.800000 303 66
0.840000 303 66
0.880000 303 66
0.920000 303 66
0.960000 303 66
1.000000 303 66
1.040000 303 66
1.080000 303 66
1.120000 303 66
1.160000 303 66
1.200000 303 66
1.240000 303 66
1.280000 303 66
1.320000 303 66
1.360000 303 66
1.400000 303 66
1.440000 303 66
1.480000 303 66
1.520000 303 66
1.560000 303 66
1.600000 303 66
1.640000 303 66
1.680000 303 66
1.720000 303 65
1.760000 303 65
1.800000 303 64
1.840000 302 65
1.880000 301 67
1.920000 304 67
1.960000 303 67
2.000000 303 66
2.040000 303 66
2.080000 302 67
2.120000 300 67
2.160000 298 70
2.200000 294 71
2.240000 288 74
2.280000 279 74
2.320000 268 74
2.360000 259 74
2.400000 248 69
2.440000 236 66
2.480000 221 62
2.520000 210 61
2.560000 201 62
2.600000 199 62
2.640000 196 60
2.680000 195 60
2.720000 195 59
2.760000 195 58
2.800000 195 58
2.840000 195 59
2.880000 199 61
2.920000 197 59
2.960000 197 59
3.000000 196 58
3.040000 195 60
3.080000 195 61
3.120000 194 61
3.160000 190 65
3.200000 184 67
3.240000 177 71
3.280000 166 72
3.320000 155 71
3.360000 142 70
3.400000 132 65
3.440000 120 63
3.480000 106 61
3.520000 95 61
3.560000 86 61
3.600000 83 61
3.640000 81 59
3.680000 81 57
3.720000 81 56
3.760000 81 56
3.800000 81 56
3.840000 80 62
3.880000 81 61
3.920000 80 58
3.960000 80 58
4.000000 80 59
4.040000 79 59
4.080000 77 59
4.120000 75 63
4.160000 70 65
4.200000 67 68
4.240000 59 70
4.280000 49 71
4.320000 38 70
4.360000 26 63
4.400000 6 63
4.440000 10 62
4.480000 14 61
4.520000 18 60
4.560000 19 61
4.600000 19 61
4.640000 19 61
4.680000 19 61
4.720000 19 61
4.760000 19 61
4.800000 19 61
4.840000 19 61
4.880000 19 61
4.920000 19 61
4.960000 19 61
