0.000000 304 61
0.040000 304 61
0.080000 304 61
0.120000 304 61
0.160000 304 61
0.200000 304 61
0.240000 304 61
0.280000 304 61
0.320000 304 61
0.360000 304 61
0.400000 304 61
0.440000 304 61
0.480000 304 61
0.520000 304 61
0.560000 304 61
0.600000 304 61
0.640000 304 61
0.680000 304 61
0.720000 304 61
0.760000 304 61
0.800000 304 61
0.840000 304 61
0.880000 304 61
0.920000 304 61
0.960000 304 61
1.000000 304 61
1.040000 304 61
1.080000 304 61
1.120000 304 61
1.160000 304 61
1.200000 304 61
1.240000 304 61
1.280000 304 61
1.320000 304 61
1.360000 304 61
1.400000 304 61
1.440000 304 61
1.480000 304 61
1.520000 304 61
1.560000 304 61
1.600000 304 61
1.640000 304 61
1.680000 304 61
1.720000 304 61
1.760000 305 61
1.800000 305 61
1.840000 304 61
1.880000 303 64
1.920000 308 65
1.960000 305 63
2.000000 304 61
2.040000 305 62
2.080000 305 63
2.120000 304 66
2.160000 303 67
2.200000 299 70
2.240000 293 74
2.280000 284 74
2.320000 273 74
2.360000 264 73
2.400000 252 67
2.440000 240 63
2.480000 225 59
2.520000 210 57
2.560000 203 57
2.600000 200 58
2.640000 199 56
2.680000 199 56
2.720000 199 56
2.760000 199 55
2.800000 199 56
2.840000 199 56
2.880000 205 57
2.920000 199 56
2.960000 200 56
3.000000 200 55
3.040000 200 56
3.080000 199 58
3.120000 197 59
3.160000 194 62
3.200000 190 67
3.240000 183 71
3.280000 171 72
3.320000 160 70
3.360000 147 69
3.400000 136 64
3.440000 123 61
3.480000 109 56
3.520000 95 56
3.560000 86 56
3.600000 85 56
3.640000 84 56
3.680000 85 54
3.720000 85 54
3.760000 85 53
3.800000 82 53
3.840000 81 56
3.880000 85 57
3.920000 81 55
3.960000 82 55
4.000000 83 56
4.040000 81 56
4.080000 81 56
4.120000 78 61
4.160000 75 62
4.200000 73 67
4.240000 64 70
4.280000 53 70
4.320000 41 67
4.360000 29 62
4.400000 8 61
4.440000 12 60
4.480000 17 59
4.520000 21 58
4.560000 23 60
4.600000 23 60
4.640000 23 60
4.680000 23 60
4.720000 23 60
4.760000 23 60
4.800000 23 60
4.840000 23 60
4.880000 23 60
4.920000 23 60
4.960000 23 60
