0.000000 314 161
0.040000 314 161
0.080000 314 161
0.120000 314 161
0.160000 314 161
0.200000 314 161
0.240000 314 161
0.280000 314 161
0.320000 314 161
0.360000 314 161
0.400000 314 161
0.440000 314 161
0.480000 314 161
0.520000 314 161
0.560000 314 161
0.600000 314 161
0.640000 314 161
0.680000 314 161
0.720000 314 161
0.760000 314 161
0.800000 314 161
0.840000 314 161
0.880000 314 161
0.920000 314 161
0.960000 314 161
1.000000 314 161
1.040000 314 161
1.080000 314 161
1.120000 314 161
1.160000 314 161
1.200000 314 161
1.240000 314 161
1.280000 314 161
1.320000 314 161
1.360000 314 161
1.400000 314 161
1.440000 314 161
1.480000 314 161
1.520000 314 161
1.560000 314 161
1.600000 314 161
1.640000 314 161
1.680000 314 161
1.720000 312 162
1.760000 311 163
1.800000 309 164
1.840000 303 165
1.880000 299 164
1.920000 294 164
1.960000 292 165
2.000000 288 164
2.040000 283 164
2.080000 279 163
2.120000 275 161
2.160000 271 161
2.200000 267 163
2.240000 262 163
2.280000 258 165
2.320000 255 165
2.360000 251 165
2.400000 247 166
2.440000 244 168
2.480000 238 165
2.520000 233 165
2.560000 229 165
2.600000 225 165
2.640000 219 164
2.680000 213 164
2.720000 208 165
2.760000 203 165
2.800000 199 167
2.840000 194 169
2.880000 192 169
2.920000 186 168
2.960000 181 167
3.000000 178 165
3.040000 173 165
3.080000 167 165
3.120000 165 165
3.160000 159 163
3.200000 157 164
3.240000 147 165
3.280000 142 165
3.320000 136 166
3.360000 132 167
3.400000 127 167
3.440000 121 166
3.480000 116 165
3.520000 112 165
3.560000 109 165
3.600000 107 164
3.640000 100 164
3.680000 98 163
3.720000 95 163
3.760000 90 164
3.800000 86 165
3.840000 82 165
3.880000 78 165
3.920000 73 165
3.960000 69 164
4.000000 60 164
4.040000 58 162
4.080000 53 161
4.120000 49 160
4.160000 44 160
4.200000 39 160
4.240000 34 160
4.280000 29 163
4.320000 28 162
4.360000 23 162
4.400000 21 161
4.440000 15 161
4.480000 8 159
4.520000 6 158
4.560000 5 157
4.600000 3 156
4.640000 2 155
4.680000 2 155
4.720000 2 155
4.760000 2 155
4.800000 2 155
4.840000 2 155
4.880000 2 155
4.920000 2 155
4.960000 2 155
