0.000000 312 117
0.040000 312 117
0.080000 312 117
0.120000 312 117
0.160000 312 117
0.200000 312 117
0.240000 312 117
0.280000 312 117
0.320000 312 117
0.360000 312 117
0.400000 312 117
0.440000 312 117
0.480000 312 117
0.520000 312 117
0.560000 312 117
0.600000 312 117
0.640000 312 117
0.680000 312 117
0.720000 312 117
0.760000 312 117
0.800000 312 117
0.840000 312 117
0.880000 312 117
0.920000 312 117
0.960000 312 117
1.000000 312 117
1.040000 312 117
1.080000 312 117
1.120000 312 117
1.160000 312 117
1.200000 312 117
1.240000 312 117
1.280000 312 117
1.320000 312 117
1.360000 312 117
1.400000 312 117
1.440000 312 117
1.480000 312 117
1.520000 312 117
1.560000 312 117
1.600000 312 117
1.640000 312 117
1.680000 312 117
1.720000 312 117
1.760000 314 117
1.800000 308 118
1.840000 303 118
1.880000 299 119
1.920000 295 119
1.960000 293 121
2.000000 288 121
2.040000 283 120
2.080000 281 119
2.120000 277 118
2.160000 272 117
2.200000 267 116
2.240000 262 117
2.280000 257 117
2.320000 253 117
2.360000 251 119
2.400000 246 119
2.440000 242 120
2.480000 238 119
2.520000 231 119
2.560000 227 117
2.600000 227 116
2.640000 221 116
2.680000 216 115
2.720000 210 115
2.760000 202 117
2.800000 199 118
2.840000 194 118
2.880000 189 118
2.920000 184 119
2.960000 179 119
3.000000 173 118
3.040000 169 117
3.080000 164 115
3.120000 158 114
3.160000 153 113
3.200000 148 113
3.240000 142 117
3.280000 140 117
3.320000 137 118
3.360000 133 118
3.400000 128 119
3.440000 122 118
3.480000 117 118
3.520000 116 118
3.560000 110 117
3.600000 104 115
3.640000 97 115
3.680000 95 116
3.720000 90 117
3.760000 85 118
3.800000 80 119
3.840000 75 119
3.880000 73 119
3.920000 71 119
3.960000 65 119
4.000000 60 119
4.040000 54 117
4.080000 49 114
4.120000 44 115
4.160000 39 115
4.200000 38 117
4.240000 34 119
4.280000 32 118
4.320000 29 118
4.360000 24 119
4.400000 20 118
4.440000 18 117
4.480000 9 116
4.520000 7 117
4.560000 6 117
4.600000 4 118
4.640000 3 118
4.680000 2 118
4.720000 2 118
4.760000 2 118
4.800000 2 118
4.840000 2 118
4.880000 2 118
4.920000 2 118
4.960000 2 118
5.000000 2 118
5.040000 2 118
5.080000 2 118
5.120000 2 118
5.160000 2 118
5.200000 2 118
5.240000 2 118
5.280000 2 118
5.320000 2 118
5.360000 2 118
5.400000 2 118
5.440000 2 118
5.480000 2 118
5.520000 2 118
5.560000 2 118
5.600000 2 118
5.640000 2 118
5.680000 2 118
5.720000 2 118
5.760000 2 118
5.800000 2 118
