0.000000 310 152
0.040000 310 152
0.080000 310 152
0.120000 310 152
0.160000 310 152
0.200000 310 152
0.240000 310 152
0.280000 310 152
0.320000 310 152
0.360000 310 152
0.400000 310 152
0.440000 310 152
0.480000 310 152
0.520000 310 152
0.560000 310 152
0.600000 310 152
0.640000 310 152
0.680000 310 152
0.720000 310 152
0.760000 310 152
0.800000 310 152
0.840000 310 152
0.880000 310 152
0.920000 310 152
0.960000 310 152
1.000000 310 152
1.040000 310 152
1.080000 310 152
1.120000 310 152
1.160000 310 152
1.200000 310 152
1.240000 310 152
1.280000 310 152
1.320000 310 152
1.360000 310 152
1.400000 310 152
1.440000 310 152
1.480000 310 152
1.520000 310 152
1.560000 310 152
1.600000 310 152
1.640000 310 152
1.680000 310 152
1.720000 310 152
1.760000 310 152
1.800000 307 154
1.840000 303 154
1.880000 299 154
1.920000 296 155
1.960000 292 155
2.000000 288 155
2.040000 283 155
2.080000 279 155
2.120000 275 154
2.160000 271 152
2.200000 267 152
2.240000 262 154
2.280000 258 154
2.320000 253 154
2.360000 249 155
2.400000 246 156
2.440000 242 156
2.480000 236 156
2.520000 231 155
2.560000 227 154
2.600000 222 154
2.640000 218 154
2.680000 212 154
2.720000 208 154
2.760000 204 154
2.800000 199 155
2.840000 194 156
2.880000 189 156
2.920000 184 156
2.960000 179 156
3.000000 175 155
3.040000 170 154
3.080000 165 154
3.120000 160 153
3.160000 157 152
3.200000 151 152
3.240000 147 154
3.280000 141 154
3.320000 136 155
3.360000 132 155
3.400000 127 155
3.440000 122 155
3.480000 119 155
3.520000 114 154
3.560000 110 154
3.600000 106 153
3.640000 101 152
3.680000 96 153
3.720000 91 154
3.760000 86 155
3.800000 83 155
3.840000 80 156
3.880000 75 156
3.920000 70 155
3.960000 66 154
4.000000 62 152
4.040000 58 151
4.080000 53 150
4.120000 49 151
4.160000 44 150
4.200000 39 153
4.240000 36 154
4.280000 31 153
4.320000 29 154
4.360000 25 154
4.400000 23 150
4.440000 18 150
4.480000 14 150
4.520000 12 149
4.560000 7 149
4.600000 1 150
4.640000 2 150
4.680000 2 150
4.720000 2 150
4.760000 2 150
4.800000 2 150
4.840000 2 150
4.880000 2 150
4.920000 2 150
4.960000 2 150
5.000000 2 150
5.040000 2 150
5.080000 2 150
5.120000 2 150
5.160000 2 150
5.200000 2 150
5.240000 2 150
5.280000 2 150
5.320000 2 150
5.360000 2 150
5.400000 2 150
5.440000 2 150
5.480000 2 150
5.520000 2 150
5.560000 2 150
5.600000 2 150
5.640000 2 150
5.680000 2 150
5.720000 2 150
5.760000 2 150
5.800000 2 150
