0.000000 309 69
0.040000 309 69
0.080000 309 69
0.120000 309 69
0.160000 309 69
0.200000 309 69
0.240000 309 69
0.280000 309 69
0.320000 309 69
0.360000 309 69
0.400000 309 69
0.440000 309 69
0.480000 309 69
0.520000 309 69
0.560000 309 69
0.600000 309 69
0.640000 309 69
0.680000 309 69
0.720000 309 69
0.760000 309 69
0.800000 309 69
0.840000 309 69
0.880000 309 69
0.920000 309 69
0.960000 309 69
1.000000 309 69
1.040000 309 69
1.080000 309 69
1.120000 309 69
1.160000 309 69
1.200000 309 69
1.240000 309 69
1.280000 309 69
1.320000 309 69
1.360000 309 69
1.400000 309 69
1.440000 309 69
1.480000 309 69
1.520000 309 69
1.560000 309 69
1.600000 305 69
1.640000 301 68
1.680000 297 67
1.720000 293 66
1.760000 289 63
1.800000 289 64
1.840000 289 63
1.880000 290 64
1.920000 288 63
1.960000 288 66
2.000000 292 65
2.040000 289 65
2.080000 289 65
2.120000 289 65
2.160000 289 66
2.200000 288 67
2.240000 287 71
2.280000 283 76
2.320000 274 77
2.360000 264 78
2.400000 256 77
2.440000 247 72
2.480000 232 67
2.520000 245 59
2.560000 243 59
2.600000 196 61
2.640000 190 60
2.680000 190 59
2.720000 190 57
2.760000 190 58
2.800000 189 58
2.840000 189 58
2.880000 189 59
2.920000 194 69
2.960000 190 59
3.000000 190 58
3.040000 190 59
3.080000 189 60
3.120000 189 61
3.160000 188 63
3.200000 184 67
3.240000 175 72
3.280000 166 75
3.320000 156 75
3.360000 144 74
3.400000 134 63
3.440000 137 58
3.480000 137 57
3.520000 96 61
3.560000 136 60
3.600000 136 61
3.640000 133 65
3.680000 86 61
3.720000 86 61
3.760000 86 60
3.800000 85 61
3.840000 90 69
3.880000 86 62
3.920000 64 61
3.960000 85 61
4.000000 85 61
4.040000 85 62
4.080000 84 66
4.120000 80 69
4.160000 73 73
4.200000 65 76
4.240000 38 61
4.280000 49 74
4.320000 38 61
4.360000 28 68
4.400000 38 61
4.440000 38 62
4.480000 38 62
4.520000 34 66
4.560000 31 68
4.600000 28 70
4.640000 25 72
4.680000 23 73
4.720000 23 73
4.760000 23 73
4.800000 23 73
4.840000 23 73
4.880000 23 73
4.920000 23 73
4.960000 23 73
5.000000 23 73
5.040000 23 73
5.080000 23 73
5.120000 23 73
5.160000 23 73
5.200000 23 73
5.240000 23 73
5.280000 23 73
5.320000 23 73
5.360000 23 73
5.400000 23 73
5.440000 23 73
5.480000 23 73
5.520000 23 73
5.560000 23 73
5.600000 23 73
5.640000 23 73
5.680000 23 73
5.720000 23 73
5.760000 23 73
5.800000 23 73
