2.200000 320 137
2.240000 316 137
2.280000 314 136
2.320000 312 136
2.360000 309 136
2.400000 308 138
2.440000 308 138
2.480000 305 139
2.520000 304 139
2.560000 301 139
2.600000 298 139
2.640000 294 139
2.680000 292 138
2.720000 288 135
2.760000 283 134
2.800000 278 134
2.840000 272 134
2.880000 267 134
2.920000 262 134
2.960000 257 134
3.000000 251 136
3.040000 244 139
3.080000 238 139
3.120000 233 139
3.160000 227 139
3.200000 222 139
3.240000 218 137
3.280000 214 135
3.320000 210 136
3.360000 208 136
3.400000 205 135
3.440000 199 137
3.480000 196 137
3.520000 194 138
3.560000 194 139
3.600000 190 139
3.640000 189 139
3.680000 185 139
3.720000 182 139
3.760000 179 139
3.800000 173 137
3.840000 168 134
3.880000 163 134
3.920000 156 134
3.960000 149 134
4.000000 144 133
4.040000 137 133
4.080000 129 135
4.120000 122 137
4.160000 116 138
4.200000 111 139
4.240000 106 138
4.280000 101 139
4.320000 95 137
4.360000 91 137
4.400000 86 134
4.440000 84 134
4.480000 80 133
4.520000 77 135
4.560000 74 135
4.600000 71 135
4.640000 71 136
4.680000 69 135
4.720000 67 138
4.760000 65 137
4.800000 64 135
4.840000 60 135
4.880000 55 135
4.920000 52 134
4.960000 48 133
5.000000 43 132
5.040000 37 131
5.080000 29 133
5.120000 23 133
5.160000 18 133
5.200000 13 134
5.240000 8 135
5.360000 2 135
5.520000 7 134
5.560000 1 135
