2.200000 314 137
2.240000 309 135
2.440000 291 135
2.480000 286 139
2.520000 281 139
2.560000 277 139
2.600000 272 139
2.640000 268 139
2.680000 263 139
2.720000 260 139
2.760000 257 137
2.800000 253 138
2.840000 251 137
2.880000 247 137
2.920000 245 138
3.080000 231 139
3.120000 227 139
3.160000 225 139
3.200000 220 138
3.240000 232 139
3.280000 227 138
3.320000 221 137
3.360000 216 134
3.400000 211 134
3.440000 191 134
3.480000 190 135
3.600000 177 137
3.640000 173 138
3.680000 166 139
3.720000 161 139
3.760000 157 139
3.800000 151 139
3.840000 147 138
3.880000 143 135
3.920000 138 135
3.960000 137 135
4.000000 132 134
4.120000 121 136
4.160000 117 137
4.200000 127 139
4.240000 124 140
4.280000 122 139
4.320000 121 139
4.360000 116 138
4.400000 112 137
4.440000 107 135
4.480000 101 135
4.520000 95 134
4.560000 91 135
4.680000 79 134
4.720000 73 137
4.760000 59 134
4.800000 54 137
4.840000 49 135
4.880000 44 136
4.920000 39 135
4.960000 38 135
5.000000 34 134
5.040000 34 133
5.080000 36 132
5.280000 23 136
5.320000 22 135
5.360000 19 135
5.400000 18 134
5.440000 14 134
