2.200000 304 92
2.240000 299 92
2.280000 295 93
2.320000 293 91
2.360000 292 91
2.400000 289 91
2.440000 288 91
2.480000 290 93
2.520000 288 93
2.560000 288 93
2.600000 287 93
2.640000 285 92
2.680000 283 91
2.720000 280 90
2.760000 277 89
2.800000 271 91
2.840000 262 91
2.880000 255 90
2.920000 247 89
2.960000 238 92
3.000000 232 93
3.040000 226 95
3.080000 221 96
3.120000 216 96
3.160000 214 93
3.200000 210 88
3.240000 205 87
3.280000 202 87
3.320000 198 87
3.360000 194 87
3.400000 189 87
3.440000 186 87
3.480000 184 87
3.520000 184 87
3.560000 184 89
3.600000 183 90
3.640000 182 89
3.680000 180 88
3.720000 179 87
3.760000 177 86
3.800000 173 86
3.840000 170 86
3.880000 164 87
3.920000 157 87
3.960000 147 87
4.000000 137 87
4.040000 129 87
4.080000 121 90
4.120000 114 91
4.160000 109 93
4.200000 105 93
4.240000 101 92
4.280000 97 88
4.320000 95 88
4.360000 90 87
4.400000 86 87
4.440000 81 87
4.480000 75 87
4.520000 74 89
4.560000 71 87
4.600000 70 87
4.640000 70 89
4.680000 70 91
4.720000 69 89
4.760000 69 87
4.800000 68 87
4.840000 66 87
4.880000 64 86
4.920000 60 86
4.960000 58 86
5.000000 51 87
5.040000 43 89
5.080000 35 88
5.120000 28 88
5.160000 23 88
5.200000 18 88
5.240000 12 92
5.280000 12 91
5.320000 1 91
5.360000 2 87
5.400000 8 87
5.440000 7 87
5.480000 1 87
