2.200000 314 156
2.240000 310 158
2.280000 307 158
2.320000 303 158
2.360000 299 159
2.400000 295 159
2.440000 293 159
2.480000 288 159
2.520000 284 159
2.560000 282 160
2.600000 277 159
2.640000 275 159
2.680000 271 158
2.720000 267 156
2.760000 262 156
2.800000 260 158
2.840000 256 158
2.880000 251 158
2.920000 245 159
2.960000 242 161
3.000000 241 161
3.040000 236 164
3.080000 233 163
3.120000 230 163
3.160000 226 161
3.200000 221 161
3.240000 216 160
3.280000 212 159
3.320000 208 159
3.360000 205 159
3.400000 199 159
3.440000 195 160
3.480000 190 160
3.520000 186 160
3.560000 184 161
3.600000 179 161
3.640000 173 161
3.680000 169 161
3.720000 164 160
3.760000 162 160
3.800000 157 159
3.840000 153 159
3.880000 147 158
3.920000 142 159
3.960000 138 159
4.000000 133 158
4.040000 131 159
4.080000 127 160
4.120000 124 160
4.160000 123 161
4.200000 117 160
4.240000 112 160
4.280000 114 160
4.320000 112 159
4.360000 108 159
4.400000 105 156
4.440000 101 156
4.480000 96 156
4.520000 92 156
4.560000 89 156
4.600000 82 159
4.640000 79 159
4.680000 75 159
4.720000 69 160
4.760000 64 159
4.800000 57 159
4.840000 52 159
4.880000 48 158
4.920000 43 156
4.960000 41 156
5.000000 38 156
5.040000 38 155
5.080000 34 156
5.120000 32 155
5.160000 29 156
5.200000 27 156
5.240000 23 158
5.280000 21 156
5.320000 18 156
5.360000 14 156
5.400000 12 154
5.440000 7 154
