1.600000 312 149
1.640000 309 149
1.680000 304 149
1.720000 300 149
1.760000 297 150
1.800000 294 150
1.840000 292 152
1.880000 289 153
1.920000 288 154
1.960000 283 151
2.000000 287 150
2.040000 280 150
2.080000 273 150
2.120000 270 150
2.160000 266 150
2.200000 261 152
2.240000 257 154
2.280000 251 153
2.320000 248 152
2.360000 242 152
2.400000 238 150
2.440000 234 150
2.480000 231 149
2.520000 226 149
2.560000 222 150
2.600000 220 150
2.640000 214 150
2.680000 212 153
2.720000 207 153
2.760000 205 154
2.800000 201 154
2.840000 200 154
2.880000 194 154
2.920000 193 153
2.960000 190 151
3.000000 185 150
3.040000 180 150
3.080000 175 151
3.120000 168 152
3.160000 164 154
3.200000 162 154
3.240000 158 154
3.280000 153 154
3.320000 147 153
3.360000 143 152
3.400000 138 150
3.440000 133 150
3.480000 131 150
3.520000 127 150
3.560000 121 151
3.600000 116 152
3.640000 112 154
3.680000 109 154
3.720000 105 154
3.760000 101 154
3.800000 101 154
3.840000 96 153
3.880000 93 150
3.920000 90 149
3.960000 85 150
4.000000 82 150
4.040000 75 150
4.080000 69 154
4.120000 69 154
4.160000 66 153
4.200000 60 153
4.240000 55 152
4.280000 49 150
4.320000 49 149
4.360000 44 149
4.400000 44 149
4.440000 38 149
4.480000 34 149
4.520000 28 150
4.560000 25 150
4.600000 22 150
4.640000 19 150
4.680000 19 150
4.720000 14 149
4.760000 13 148
4.800000 8 149
