0.000000 304 61
0.040000 304 61
0.080000 304 61
0.120000 304 61
0.160000 304 61
0.200000 304 61
0.240000 304 61
0.280000 304 61
0.320000 304 61
0.360000 304 61
0.400000 304 61
0.440000 304 61
0.480000 304 61
0.520000 304 61
0.560000 304 61
0.600000 304 61
0.640000 304 61
0.680000 304 61
0.720000 304 61
0.760000 304 61
0.800000 304 61
0.840000 304 61
0.880000 304 61
0.920000 304 61
0.960000 304 61
1.000000 304 61
1.040000 304 61
1.080000 304 61
1.120000 304 61
1.160000 304 61
1.200000 304 61
1.240000 304 61
1.280000 304 61
1.320000 304 61
1.360000 304 61
1.400000 304 61
1.440000 304 61
1.480000 304 61
1.520000 304 61
1.560000 304 61
1.600000 304 61
1.640000 304 61
1.680000 304 61
1.720000 304 61
1.760000 304 61
1.800000 304 61
1.840000 304 61
1.880000 304 61
1.920000 303 61
1.960000 301 57
2.000000 288 57
2.040000 273 61
2.080000 262 65
2.120000 257 66
2.160000 251 61
2.200000 251 58
2.240000 250 56
2.280000 250 56
2.320000 250 56
2.360000 249 56
2.400000 249 56
2.440000 247 56
2.480000 249 56
2.520000 247 56
2.560000 248 55
2.600000 247 54
2.640000 247 54
2.680000 247 52
2.720000 247 53
2.760000 241 55
2.800000 231 55
2.840000 218 54
2.880000 199 52
2.920000 184 52
2.960000 168 54
3.000000 152 56
3.040000 138 60
3.080000 131 61
3.120000 127 61
3.160000 123 56
3.200000 121 55
3.240000 121 53
3.280000 121 52
3.320000 121 52
3.360000 122 52
3.400000 121 52
3.440000 121 52
3.480000 121 52
3.520000 121 52
3.560000 121 51
3.600000 121 51
3.640000 120 50
3.680000 64 59
3.720000 116 51
3.760000 106 54
3.800000 92 54
3.840000 73 56
3.880000 64 56
3.920000 49 54
3.960000 34 56
4.000000 21 59
4.040000 14 63
4.080000 12 61
4.120000 11 58
4.160000 8 56
4.200000 8 55
4.240000 8 55
4.280000 8 54
4.320000 8 54
4.360000 7 54
4.400000 7 54
4.440000 7 53
4.480000 7 53
4.520000 8 53
4.560000 8 52
4.600000 8 52
4.640000 8 52
4.680000 8 52
4.720000 8 52
4.760000 8 52
4.800000 8 52
