0.000000 314 94
0.040000 314 94
0.080000 314 94
0.120000 314 94
0.160000 314 94
0.200000 314 94
0.240000 314 94
0.280000 314 94
0.320000 314 94
0.360000 314 94
0.400000 314 94
0.440000 314 94
0.480000 314 94
0.520000 314 94
0.560000 314 94
0.600000 314 94
0.640000 314 94
0.680000 314 94
0.720000 314 94
0.760000 314 94
0.800000 314 94
0.840000 314 94
0.880000 314 94
0.920000 314 94
0.960000 314 94
1.000000 314 94
1.040000 314 94
1.080000 314 94
1.120000 314 94
1.160000 314 94
1.200000 314 94
1.240000 314 94
1.280000 314 94
1.320000 314 94
1.360000 314 94
1.400000 314 94
1.440000 314 94
1.480000 314 94
1.520000 314 94
1.560000 314 94
1.600000 314 94
1.640000 314 94
1.680000 314 94
1.720000 314 94
1.760000 314 94
1.800000 314 94
1.840000 314 94
1.880000 314 94
1.920000 312 93
1.960000 306 95
2.000000 309 94
2.040000 308 94
2.080000 305 93
2.120000 302 93
2.160000 297 92
2.200000 292 92
2.240000 283 90
2.280000 273 89
2.320000 264 89
2.360000 256 92
2.400000 248 93
2.440000 242 96
2.480000 236 93
2.520000 232 92
2.560000 227 89
2.600000 221 87
2.640000 216 86
2.680000 211 87
2.720000 206 83
2.760000 204 87
2.800000 200 87
2.840000 199 87
2.880000 196 90
2.920000 195 91
2.960000 195 88
3.000000 194 87
3.040000 190 85
3.080000 188 86
3.120000 182 87
3.160000 177 86
3.200000 167 87
3.240000 157 87
3.280000 147 87
3.320000 138 87
3.360000 131 89
3.400000 120 92
3.440000 113 93
3.480000 108 92
3.520000 105 91
3.560000 99 88
3.600000 92 87
3.640000 86 87
3.680000 101 86
3.720000 76 87
3.760000 73 87
3.800000 70 87
3.840000 70 89
3.880000 70 89
3.920000 69 90
3.960000 66 89
4.000000 65 87
4.040000 62 86
4.080000 58 87
4.120000 53 87
4.160000 44 87
4.200000 36 87
4.240000 27 87
4.280000 20 89
4.320000 16 89
4.360000 8 93
4.400000 2 88
4.440000 2 88
4.480000 2 88
4.520000 2 86
4.560000 2 84
4.600000 2 82
4.640000 2 79
4.680000 2 79
4.720000 2 79
4.760000 2 79
4.800000 2 79
