1.520000 320 124
1.560000 315 123
1.600000 310 122
1.640000 304 122
1.680000 299 124
1.720000 297 124
1.760000 294 125
1.800000 290 126
1.840000 288 128
1.880000 284 126
1.920000 283 125
1.960000 279 124
2.000000 275 124
2.040000 271 123
2.080000 267 124
2.120000 262 124
2.160000 258 124
2.200000 254 124
2.240000 250 124
2.280000 246 124
2.320000 242 124
2.360000 240 124
2.400000 236 123
2.440000 232 122
2.480000 229 122
2.520000 225 122
2.560000 220 122
2.600000 212 120
2.640000 208 122
2.680000 203 122
2.720000 199 124
2.760000 195 126
2.800000 190 126
2.840000 184 124
2.880000 183 124
2.920000 179 124
2.960000 174 123
3.000000 170 123
3.040000 164 122
3.080000 159 122
3.120000 153 123
3.160000 148 121
3.200000 143 122
3.240000 138 123
3.280000 136 124
3.320000 132 123
3.360000 127 123
3.400000 125 122
3.440000 121 120
3.480000 116 119
3.520000 112 119
3.560000 106 119
3.600000 101 119
3.640000 97 120
3.680000 92 120
3.720000 89 122
3.760000 85 123
3.800000 81 124
3.840000 77 124
3.880000 74 124
3.920000 69 122
3.960000 65 119
4.000000 62 119
4.040000 57 119
4.080000 53 118
4.120000 45 118
4.160000 43 120
4.200000 38 123
4.240000 36 122
4.280000 33 122
4.320000 29 121
4.360000 27 123
4.400000 23 122
4.440000 20 122
4.480000 18 120
4.520000 13 120
4.560000 7 119
4.600000 2 119
4.640000 2 119
