1.640000 320 66
1.680000 304 61
1.720000 310 71
1.760000 303 66
1.800000 289 65
1.840000 277 61
1.880000 267 60
1.920000 262 61
1.960000 258 59
2.000000 257 59
2.040000 257 59
2.080000 257 59
2.120000 257 59
2.160000 257 59
2.200000 258 61
2.240000 257 60
2.280000 257 60
2.320000 257 61
2.360000 257 61
2.400000 257 61
2.440000 255 61
2.480000 253 61
2.520000 251 65
2.560000 243 70
2.600000 236 71
2.640000 227 70
2.680000 216 70
2.720000 206 67
2.760000 195 62
2.800000 179 59
2.840000 166 56
2.880000 155 57
2.920000 152 57
2.960000 148 56
3.000000 147 56
3.040000 147 56
3.080000 147 56
3.120000 148 56
3.160000 148 56
3.200000 153 69
3.240000 147 56
3.280000 147 56
3.320000 147 56
3.360000 147 56
3.400000 147 56
3.440000 146 56
3.480000 143 59
3.520000 137 63
3.560000 129 67
3.600000 121 67
3.640000 111 67
3.680000 99 68
3.720000 75 61
3.760000 64 58
3.800000 53 60
3.840000 46 61
3.880000 93 59
3.920000 44 57
3.960000 86 65
4.000000 43 57
4.040000 43 56
4.080000 64 72
4.120000 43 57
4.160000 42 58
4.200000 42 58
4.240000 42 57
4.280000 42 57
4.320000 40 58
4.360000 39 59
4.400000 38 60
4.440000 33 63
4.520000 19 67
