1.600000 320 124
1.640000 313 122
1.680000 309 121
1.720000 305 122
1.760000 302 119
1.800000 299 120
1.840000 296 119
1.880000 292 119
1.920000 288 118
1.960000 283 118
2.000000 278 119
2.040000 273 119
2.080000 269 119
2.120000 263 120
2.160000 261 120
2.200000 257 122
2.240000 253 122
2.280000 250 120
2.320000 245 120
2.360000 242 119
2.400000 236 118
2.440000 232 117
2.480000 226 118
2.520000 221 119
2.560000 216 119
2.600000 213 119
2.640000 208 119
2.680000 205 119
2.720000 199 120
2.760000 195 120
2.800000 191 119
2.840000 188 119
2.880000 184 119
2.920000 179 117
2.960000 173 116
3.000000 168 117
3.040000 162 118
3.080000 157 118
3.120000 152 119
3.160000 148 121
3.200000 147 121
3.240000 142 121
3.280000 137 119
3.320000 132 118
3.360000 127 117
3.400000 123 117
3.440000 119 116
3.480000 115 117
3.520000 110 118
3.560000 105 118
3.600000 101 119
3.640000 96 120
3.680000 93 121
3.720000 84 121
3.760000 81 121
3.800000 75 119
3.840000 70 118
3.880000 64 117
3.920000 59 117
3.960000 54 117
4.000000 50 118
4.040000 47 119
4.080000 44 119
4.120000 41 119
4.160000 38 119
4.200000 33 119
4.240000 29 119
4.280000 26 117
4.320000 23 118
4.360000 18 118
4.400000 13 118
4.440000 8 118
4.520000 2 117
