1.560000 305 63
1.600000 304 63
1.640000 304 62
1.680000 305 63
1.720000 304 61
1.760000 304 67
1.800000 305 66
1.840000 304 63
1.880000 304 63
1.920000 303 62
1.960000 303 65
2.000000 299 67
2.040000 294 70
2.080000 288 72
2.120000 281 73
2.160000 271 75
2.200000 262 72
2.240000 252 66
2.280000 240 65
2.320000 226 61
2.360000 216 61
2.400000 208 61
2.440000 206 59
2.480000 205 57
2.520000 205 57
2.560000 205 57
2.600000 205 56
2.640000 205 56
2.680000 205 57
2.720000 205 57
2.760000 205 59
2.800000 205 58
2.840000 205 57
2.880000 204 58
2.920000 203 57
2.960000 201 61
3.000000 199 65
3.040000 192 67
3.080000 184 71
3.120000 174 72
3.160000 164 71
3.200000 148 59
3.240000 144 62
3.280000 131 62
3.320000 116 60
3.360000 106 61
3.400000 100 61
3.440000 96 58
3.480000 95 58
3.520000 95 57
3.560000 95 56
3.600000 95 56
3.640000 95 56
3.680000 95 56
3.720000 95 59
3.760000 95 57
3.800000 95 57
3.840000 95 58
3.880000 44 59
3.920000 91 61
3.960000 43 58
4.000000 79 69
4.040000 71 72
4.080000 43 57
4.120000 55 70
4.160000 44 66
4.200000 33 65
4.240000 22 61
4.280000 10 61
4.360000 2 61
4.400000 2 60
4.440000 2 60
4.520000 19 67
