1.760000 308 119
2.040000 278 117
2.120000 270 117
2.160000 264 118
2.200000 257 118
2.240000 250 115
2.280000 245 116
2.320000 241 117
2.360000 237 115
2.400000 236 118
2.440000 236 117
2.480000 231 117
3.040000 174 114
3.080000 169 114
3.120000 163 115
3.160000 157 115
3.200000 151 115
3.560000 137 114
3.600000 132 113
3.640000 127 113
3.680000 121 113
3.720000 116 113
3.960000 71 108
4.040000 62 113
4.080000 58 113
4.400000 46 113
4.440000 44 113
4.480000 40 113
4.520000 37 113
4.560000 32 113
4.600000 28 113
4.640000 23 111
