2.440000 275 157
2.480000 271 158
2.520000 267 159
2.560000 263 159
2.600000 260 160
2.640000 257 160
2.680000 251 160
2.720000 247 160
2.760000 243 160
2.800000 240 159
2.840000 235 159
2.880000 231 159
2.920000 226 159
2.960000 221 159
3.000000 217 159
3.040000 212 160
3.080000 208 160
3.120000 205 161
3.160000 201 161
3.200000 197 162
3.240000 193 161
3.280000 189 161
3.320000 184 160
3.360000 179 159
3.400000 175 159
3.440000 170 158
3.480000 165 156
3.520000 160 156
3.560000 155 158
3.600000 151 159
3.640000 147 159
3.680000 143 160
3.720000 138 160
3.760000 133 160
3.800000 129 160
3.840000 125 159
3.880000 121 159
3.920000 116 159
3.960000 111 158
4.000000 106 158
4.040000 101 159
4.080000 96 159
4.120000 92 159
4.160000 88 159
4.200000 84 160
4.240000 80 161
4.280000 75 161
4.320000 71 160
4.360000 68 159
4.400000 64 158
4.440000 59 157
4.480000 55 156
4.520000 50 155
