2.440000 268 120
2.480000 262 121
2.520000 258 121
2.560000 255 122
2.600000 251 123
2.640000 247 124
2.680000 243 123
2.720000 239 122
2.760000 236 120
2.800000 234 119
2.840000 230 118
2.880000 225 118
2.920000 220 118
2.960000 214 118
3.000000 209 119
3.040000 203 120
3.080000 200 121
3.120000 197 122
3.160000 195 123
3.200000 192 124
3.240000 189 123
3.280000 186 121
3.320000 183 119
3.360000 178 118
3.400000 174 118
3.440000 170 117
3.480000 163 116
3.520000 157 117
3.560000 150 118
3.600000 144 119
3.640000 139 120
3.680000 136 121
3.720000 132 122
3.760000 128 120
3.800000 125 120
3.840000 122 119
3.880000 119 117
3.920000 115 116
3.960000 109 114
4.000000 102 114
4.040000 96 116
4.080000 91 117
4.120000 86 118
4.160000 83 119
4.200000 80 120
4.240000 78 121
4.280000 75 121
4.320000 71 120
4.360000 68 119
4.400000 65 117
4.440000 61 116
4.480000 58 115
4.520000 52 114
