1.240000 315 59
1.280000 314 59
1.320000 314 59
1.360000 314 61
1.400000 314 59
1.440000 307 60
1.480000 299 61
1.520000 287 60
1.560000 269 58
1.600000 258 56
1.640000 245 56
1.680000 233 60
1.720000 225 61
1.760000 223 57
1.800000 221 56
1.840000 221 55
1.880000 221 55
1.920000 220 54
1.960000 220 54
2.000000 220 55
2.040000 220 54
2.080000 220 54
2.120000 220 54
2.160000 220 54
2.200000 220 53
2.240000 220 52
2.280000 218 54
2.320000 210 56
2.360000 199 57
2.400000 184 56
2.440000 168 56
2.480000 155 56
2.520000 140 56
2.560000 127 58
2.600000 117 61
2.640000 113 59
2.680000 111 56
2.720000 111 54
2.760000 111 53
2.800000 111 52
2.840000 111 52
2.880000 111 52
2.920000 110 52
2.960000 110 52
3.000000 110 52
3.040000 110 51
3.080000 110 51
3.120000 110 51
3.160000 108 50
3.200000 106 52
3.240000 95 54
3.280000 84 54
3.320000 66 56
3.360000 58 53
3.400000 44 53
3.440000 30 56
3.480000 21 61
3.520000 14 63
3.560000 13 61
3.600000 12 57
3.640000 12 56
3.680000 12 56
3.720000 11 56
3.760000 12 56
3.800000 11 56
3.840000 9 56
3.880000 9 56
3.960000 9 55
