1.200000 314 119
1.240000 310 117
1.280000 307 113
1.320000 302 113
1.360000 296 114
1.400000 292 114
1.440000 287 115
1.480000 283 117
1.520000 279 117
1.560000 276 116
1.600000 272 115
1.640000 268 114
1.680000 263 114
1.720000 260 113
1.760000 256 113
1.800000 249 113
1.840000 245 113
1.880000 239 113
1.920000 234 114
1.960000 230 115
2.000000 225 115
2.040000 220 114
2.080000 216 113
2.120000 211 113
2.160000 206 113
2.200000 201 113
2.240000 195 112
2.280000 190 112
2.320000 184 112
2.360000 183 113
2.400000 179 114
2.440000 178 115
2.480000 173 116
2.520000 168 114
2.560000 163 113
2.600000 158 111
2.640000 153 109
2.680000 147 109
2.720000 138 109
2.760000 132 111
2.800000 125 113
2.840000 121 113
2.880000 117 113
2.920000 112 113
2.960000 107 113
3.000000 104 113
3.040000 101 111
3.080000 98 112
3.120000 91 111
3.160000 85 111
3.200000 82 113
3.240000 79 113
3.280000 70 113
3.320000 72 113
3.360000 68 113
3.400000 64 113
3.440000 60 113
3.480000 55 113
3.520000 51 113
3.560000 47 113
3.600000 40 113
3.640000 36 113
3.680000 31 113
3.720000 25 113
3.760000 19 113
3.800000 18 115
3.840000 16 114
3.880000 12 113
3.960000 1 113
