0.000000 314 150
0.040000 314 150
0.080000 314 150
0.120000 314 150
0.160000 314 150
0.200000 314 150
0.240000 314 150
0.280000 314 150
0.320000 314 150
0.360000 314 150
0.400000 314 150
0.440000 314 150
0.480000 314 150
0.520000 314 150
0.560000 314 150
0.600000 314 150
0.640000 314 150
0.680000 314 150
0.720000 314 150
0.760000 314 150
0.800000 314 150
0.840000 314 150
0.880000 314 150
0.920000 314 150
0.960000 314 150
1.000000 314 150
1.040000 314 150
1.080000 314 150
1.120000 314 150
1.160000 314 150
1.200000 314 150
1.240000 314 150
1.280000 314 150
1.320000 314 150
1.360000 310 148
1.400000 305 149
1.440000 301 149
1.480000 297 146
1.520000 292 148
1.560000 288 147
1.600000 282 146
1.640000 275 145
1.680000 262 144
1.720000 259 145
1.760000 256 145
1.800000 253 145
1.840000 246 148
1.880000 241 149
1.920000 236 148
1.960000 231 149
2.000000 225 146
2.040000 220 146
2.080000 211 145
2.120000 206 145
2.160000 200 145
2.200000 197 146
2.240000 184 145
2.280000 181 145
2.320000 178 145
2.360000 175 145
2.400000 168 145
2.440000 163 145
2.480000 155 146
2.520000 151 148
2.560000 143 145
2.600000 137 144
2.640000 132 145
2.680000 118 143
2.720000 115 144
2.760000 109 145
2.800000 105 145
2.840000 101 145
2.880000 97 145
2.920000 93 144
2.960000 89 144
3.000000 85 144
3.040000 81 144
3.080000 66 141
3.120000 66 142
3.160000 66 143
3.200000 60 144
3.240000 55 144
3.280000 50 145
3.320000 44 145
3.360000 34 146
3.400000 33 146
3.440000 33 146
3.480000 33 146
3.520000 33 146
3.560000 30 146
3.600000 25 146
3.640000 20 144
3.680000 17 143
3.720000 12 141
3.760000 12 141
3.800000 12 141
3.840000 12 141
3.880000 12 141
3.920000 12 141
3.960000 12 141
4.000000 12 141
4.040000 12 141
4.080000 12 141
4.120000 12 141
4.160000 12 141
4.200000 12 141
4.240000 12 141
4.280000 12 141
4.320000 12 141
4.360000 12 141
4.400000 12 141
4.440000 12 141
4.480000 12 141
4.520000 12 141
4.560000 12 141
