0.000000 314 171
0.040000 314 171
0.080000 314 171
0.120000 314 171
0.160000 314 171
0.200000 314 171
0.240000 314 171
0.280000 314 171
0.320000 314 171
0.360000 314 171
0.400000 314 171
0.440000 314 171
0.480000 314 171
0.520000 314 171
0.560000 314 171
0.600000 314 171
0.640000 314 171
0.680000 314 171
0.720000 314 171
0.760000 314 171
0.800000 314 171
0.840000 314 171
0.880000 314 171
0.920000 314 171
0.960000 314 171
1.000000 314 171
1.040000 314 171
1.080000 314 171
1.120000 314 171
1.160000 314 171
1.200000 314 171
1.240000 314 171
1.280000 314 171
1.320000 314 171
1.360000 309 172
1.400000 305 171
1.440000 301 171
1.480000 297 170
1.520000 292 170
1.560000 287 170
1.600000 282 169
1.640000 275 169
1.680000 268 169
1.720000 262 169
1.760000 258 170
1.800000 252 171
1.840000 247 171
1.880000 241 172
1.920000 236 172
1.960000 231 171
2.000000 225 171
2.040000 220 170
2.080000 215 170
2.120000 209 170
2.160000 201 170
2.200000 195 170
2.240000 190 170
2.280000 184 171
2.320000 179 171
2.360000 173 172
2.400000 168 175
2.440000 163 174
2.480000 157 174
2.520000 153 174
2.560000 144 171
2.600000 138 171
2.640000 133 170
2.680000 131 171
2.720000 122 171
2.760000 118 172
2.800000 108 171
2.840000 105 174
2.880000 102 175
2.920000 96 175
2.960000 90 174
3.000000 86 174
3.040000 80 171
3.080000 75 170
3.120000 69 170
3.160000 62 170
3.200000 59 170
3.240000 54 170
3.280000 47 170
3.320000 40 170
3.360000 42 171
3.400000 36 171
3.440000 34 171
3.480000 29 171
3.520000 27 170
3.560000 23 170
3.600000 18 169
3.640000 7 166
3.680000 9 165
3.720000 6 165
3.760000 6 165
3.800000 6 165
3.840000 6 165
3.880000 6 165
3.920000 6 165
3.960000 6 165
4.000000 6 165
4.040000 6 165
4.080000 6 165
4.120000 6 165
4.160000 6 165
4.200000 6 165
4.240000 6 165
4.280000 6 165
4.320000 6 165
4.360000 6 165
4.400000 6 165
4.440000 6 165
4.480000 6 165
4.520000 6 165
4.560000 6 165
