0.000000 310 135
0.040000 310 135
0.080000 310 135
0.120000 310 135
0.160000 310 135
0.200000 310 135
0.240000 310 135
0.280000 310 135
0.320000 310 135
0.360000 310 135
0.400000 310 135
0.440000 310 135
0.480000 310 135
0.520000 310 135
0.560000 310 135
0.600000 310 135
0.640000 310 135
0.680000 310 135
0.720000 310 135
0.760000 310 135
0.800000 310 135
0.840000 310 135
0.880000 310 135
0.920000 310 135
0.960000 310 135
1.000000 310 135
1.040000 310 135
1.080000 310 135
1.120000 310 135
1.160000 310 135
1.200000 310 135
1.240000 310 135
1.280000 310 135
1.320000 310 135
1.360000 308 129
1.400000 303 129
1.440000 298 130
1.480000 292 130
1.520000 288 132
1.560000 282 131
1.600000 275 130
1.640000 262 126
1.680000 258 127
1.720000 255 128
1.760000 251 128
1.800000 248 129
1.840000 240 130
1.880000 232 133
1.920000 225 134
1.960000 219 134
2.000000 211 134
2.040000 205 134
2.080000 199 133
2.120000 195 132
2.160000 190 131
2.200000 188 131
2.240000 180 130
2.280000 177 129
2.320000 175 128
2.360000 172 127
2.400000 163 127
2.440000 157 129
2.480000 148 132
2.520000 142 135
2.560000 135 135
2.600000 127 134
2.640000 122 134
2.680000 111 132
2.720000 108 132
2.760000 104 130
2.800000 99 130
2.840000 95 130
2.880000 90 130
2.920000 86 130
2.960000 82 130
3.000000 77 130
3.040000 73 130
3.080000 58 129
3.120000 61 129
3.160000 67 127
3.200000 60 127
3.240000 53 127
3.280000 47 127
3.320000 40 127
3.360000 27 127
3.400000 28 128
3.440000 29 128
3.480000 30 128
3.520000 31 128
3.560000 32 128
3.600000 29 128
3.640000 24 126
3.680000 19 124
3.720000 14 124
3.760000 14 124
3.800000 14 124
3.840000 14 124
3.880000 14 124
3.920000 14 124
3.960000 14 124
4.000000 14 124
4.040000 14 124
4.080000 14 124
4.120000 14 124
4.160000 14 124
4.200000 14 124
4.240000 14 124
4.280000 14 124
4.320000 14 124
4.360000 14 124
4.400000 14 124
4.440000 14 124
4.480000 14 124
4.520000 14 124
4.560000 14 124
