2.080000 296 65
2.160000 288 63
2.200000 288 63
2.240000 288 62
2.280000 288 62
2.320000 287 62
2.360000 286 62
2.400000 286 63
2.440000 287 61
2.480000 287 63
2.520000 286 63
2.560000 286 61
2.600000 287 61
2.640000 287 61
2.680000 286 61
2.720000 285 63
2.760000 283 64
2.800000 279 67
2.840000 273 66
2.880000 267 71
2.920000 260 71
2.960000 251 69
3.000000 241 67
3.040000 231 61
3.080000 221 61
3.120000 208 61
3.160000 198 59
3.200000 192 61
3.240000 190 59
3.280000 189 59
3.320000 188 58
3.360000 188 58
3.400000 188 57
3.440000 188 57
3.480000 188 57
3.520000 186 59
3.560000 188 58
3.600000 188 58
3.640000 188 57
3.680000 188 56
3.720000 188 57
3.760000 186 58
3.800000 185 59
3.840000 183 61
3.880000 178 63
3.920000 170 66
3.960000 163 67
4.000000 153 67
4.040000 142 67
4.080000 132 61
4.120000 121 59
4.160000 107 59
4.200000 96 59
4.240000 86 61
4.280000 82 59
4.320000 81 58
4.360000 81 57
4.400000 81 57
4.440000 81 58
4.480000 81 57
4.520000 81 59
4.560000 81 61
4.600000 80 61
4.640000 81 59
4.680000 81 57
4.720000 81 59
4.760000 80 59
4.800000 79 59
4.840000 75 61
4.880000 70 66
4.920000 65 67
4.960000 56 67
5.000000 49 69
5.040000 38 69
5.080000 33 64
5.120000 23 61
5.160000 12 62
5.200000 2 60
5.400000 27 68
5.480000 16 72
5.520000 9 73
