2.040000 320 161
2.080000 320 160
2.120000 316 160
2.160000 314 160
2.200000 309 160
2.240000 306 160
2.280000 303 160
2.320000 299 161
2.360000 295 163
2.400000 293 164
2.440000 290 165
2.480000 288 165
2.520000 283 165
2.560000 280 165
2.600000 277 165
2.640000 273 164
2.680000 268 164
2.720000 264 164
2.760000 260 163
2.800000 257 163
2.840000 251 164
2.880000 248 165
2.920000 245 165
2.960000 242 165
3.000000 238 166
3.040000 235 165
3.080000 231 165
3.120000 227 165
3.160000 224 165
3.200000 220 165
3.240000 216 164
3.280000 211 164
3.320000 207 165
3.360000 203 165
3.400000 199 165
3.440000 195 165
3.480000 190 165
3.520000 186 165
3.560000 183 165
3.600000 179 165
3.640000 174 165
3.680000 170 165
3.720000 166 165
3.760000 162 165
3.800000 157 165
3.840000 153 165
3.880000 147 165
3.920000 143 165
3.960000 138 165
4.000000 136 165
4.040000 132 167
4.080000 128 166
4.120000 125 166
4.160000 121 165
4.200000 117 165
4.240000 112 165
4.280000 108 164
4.320000 104 163
4.360000 99 162
4.400000 95 162
4.440000 85 163
4.480000 81 164
4.520000 77 165
4.560000 75 165
4.600000 70 165
4.640000 66 164
4.680000 64 163
4.720000 60 163
4.760000 55 161
4.800000 52 160
4.840000 48 160
4.880000 44 160
4.920000 40 160
4.960000 38 160
5.000000 34 161
5.040000 31 161
5.080000 28 162
5.120000 23 163
5.160000 21 161
5.200000 18 161
5.240000 13 159
5.280000 8 160
5.320000 6 159
5.360000 2 158
5.400000 2 159
