0.000000 320 135
0.040000 320 135
0.080000 320 135
0.120000 320 135
0.160000 320 135
0.200000 320 135
0.240000 320 135
0.280000 320 135
0.320000 320 135
0.360000 320 135
0.400000 320 135
0.440000 320 135
0.480000 320 135
0.520000 320 135
0.560000 320 135
0.600000 320 135
0.640000 320 135
0.680000 320 135
0.720000 320 135
0.760000 320 135
0.800000 320 135
0.840000 320 135
0.880000 320 135
0.920000 320 135
0.960000 320 135
1.000000 320 135
1.040000 320 135
1.080000 320 135
1.120000 320 135
1.160000 320 135
1.200000 320 135
1.240000 320 135
1.280000 320 135
1.320000 320 135
1.360000 320 135
1.400000 320 135
1.440000 320 135
1.480000 320 135
1.520000 320 135
1.560000 320 135
1.600000 320 135
1.640000 320 135
1.680000 320 135
1.720000 320 135
1.760000 320 135
1.800000 320 135
1.840000 320 135
1.880000 320 135
1.920000 320 135
1.960000 320 134
2.000000 320 133
2.040000 314 129
2.080000 312 129
2.120000 309 128
2.160000 303 128
2.200000 299 128
2.240000 293 128
2.280000 288 128
2.320000 282 130
2.360000 274 129
2.400000 270 129
2.440000 264 129
2.480000 259 128
2.520000 252 128
2.560000 247 128
2.600000 242 128
2.640000 236 128
2.680000 232 128
2.720000 231 128
2.760000 226 130
2.800000 222 131
2.840000 221 131
2.880000 217 132
2.920000 214 132
2.960000 210 130
3.000000 205 129
3.040000 200 129
3.080000 195 129
3.120000 190 128
3.160000 182 128
3.200000 175 129
3.240000 169 130
3.280000 163 129
3.320000 158 130
3.360000 148 129
3.400000 140 129
3.440000 133 129
3.480000 127 128
3.520000 121 128
3.560000 116 128
3.600000 111 129
3.640000 106 129
3.680000 101 129
3.720000 99 130
3.760000 96 132
3.800000 93 131
3.840000 92 129
3.880000 89 128
3.920000 84 128
3.960000 80 125
4.000000 75 124
4.040000 69 126
4.080000 63 124
4.120000 57 125
4.160000 51 127
4.200000 42 128
4.240000 36 128
4.280000 31 128
4.320000 25 128
4.360000 19 128
4.400000 16 128
4.440000 11 128
4.480000 6 128
4.520000 2 128
4.560000 2 128
4.600000 2 128
4.640000 2 128
4.680000 2 128
4.720000 2 128
4.760000 2 128
4.800000 2 128
4.840000 2 128
4.880000 2 128
4.920000 2 128
4.960000 2 128
5.000000 2 128
5.040000 2 128
5.080000 2 128
5.120000 2 128
5.160000 2 128
5.200000 2 128
5.240000 2 128
5.280000 2 128
