2.080000 320 51
2.120000 320 61
2.160000 320 60
2.200000 281 59
2.240000 289 57
2.280000 279 56
2.320000 268 57
2.360000 256 57
2.400000 246 62
2.440000 241 63
2.480000 236 61
2.520000 231 57
2.560000 231 54
2.600000 230 53
2.640000 231 52
2.680000 230 52
2.720000 230 52
2.760000 231 52
2.800000 230 51
2.840000 229 52
2.880000 190 63
2.920000 183 66
2.960000 229 51
3.000000 174 61
3.040000 170 58
3.080000 169 56
3.120000 223 51
3.160000 168 55
3.200000 197 52
3.240000 177 53
3.280000 167 51
3.320000 152 55
3.360000 137 56
3.400000 127 61
3.440000 120 61
3.480000 116 61
3.520000 114 56
3.560000 112 54
3.600000 110 52
3.640000 110 51
3.680000 110 51
3.720000 111 51
3.760000 111 51
3.800000 110 53
3.840000 110 51
3.880000 110 51
3.920000 111 51
3.960000 110 51
4.000000 109 50
4.040000 110 50
4.080000 108 50
4.120000 106 50
4.160000 95 51
4.200000 55 56
4.240000 58 56
4.280000 53 53
4.320000 40 56
4.360000 28 57
4.400000 21 61
4.440000 13 64
4.480000 12 63
4.520000 9 60
4.560000 8 56
4.600000 7 56
4.640000 7 56
4.680000 7 56
4.720000 7 56
4.760000 7 56
4.800000 7 55
4.920000 7 55
4.960000 7 54
5.000000 7 52
