2.040000 314 150
2.080000 309 152
2.120000 304 153
2.160000 300 154
2.200000 297 154
2.240000 293 154
2.280000 288 154
2.320000 284 154
2.360000 281 154
2.400000 277 153
2.440000 272 151
2.480000 268 150
2.520000 263 150
2.560000 259 150
2.600000 256 152
2.640000 251 153
2.680000 246 154
2.720000 242 154
2.760000 238 155
2.800000 233 155
2.840000 229 154
2.880000 225 154
2.920000 220 152
2.960000 216 151
3.000000 213 152
3.040000 208 152
3.080000 205 153
3.120000 197 154
3.160000 192 154
3.200000 188 154
3.240000 184 155
3.280000 181 155
3.320000 179 155
3.360000 173 154
3.400000 170 154
3.440000 164 153
3.480000 158 150
3.520000 153 150
3.560000 147 150
3.600000 140 150
3.640000 136 151
3.680000 132 154
3.720000 127 155
3.760000 125 155
3.800000 121 155
3.840000 116 155
3.880000 111 154
3.920000 106 152
3.960000 101 150
4.000000 97 150
4.040000 92 150
4.080000 87 150
4.120000 84 150
4.160000 79 151
4.200000 75 153
4.240000 71 154
4.280000 66 154
4.320000 64 154
4.360000 59 154
4.400000 55 152
4.440000 50 150
4.480000 45 150
4.520000 42 149
4.560000 38 148
4.600000 33 149
4.640000 28 149
4.680000 23 150
4.720000 21 150
4.760000 18 150
4.800000 14 150
4.840000 11 150
4.880000 7 150
4.920000 1 149
