1.160000 312 68
1.200000 299 65
1.240000 288 65
1.280000 278 62
1.320000 277 61
1.360000 274 61
1.400000 273 60
1.440000 273 59
1.480000 273 60
1.520000 273 62
1.560000 273 58
1.600000 273 61
1.640000 272 61
1.680000 271 61
1.720000 269 64
1.760000 266 66
1.800000 257 67
1.840000 247 70
1.880000 236 67
1.920000 221 66
1.960000 205 61
2.000000 190 60
2.040000 174 58
2.080000 161 58
2.120000 153 57
2.160000 151 56
2.200000 148 56
2.240000 147 56
2.280000 147 56
2.320000 147 56
2.360000 148 57
2.400000 148 56
2.440000 147 56
2.480000 147 56
2.520000 145 56
2.560000 144 57
2.600000 142 61
2.640000 134 65
2.680000 125 67
2.720000 112 67
2.760000 100 67
2.800000 86 66
2.840000 70 62
2.880000 58 61
2.920000 46 61
2.960000 38 61
3.000000 34 61
3.040000 32 60
3.080000 31 60
3.120000 31 61
3.160000 30 60
3.200000 31 62
3.240000 32 61
3.280000 31 61
3.320000 29 61
3.360000 29 61
3.480000 21 67
