0.000000 293 60
0.040000 293 60
0.080000 293 60
0.120000 293 60
0.160000 293 60
0.200000 293 60
0.240000 293 60
0.280000 293 60
0.320000 293 60
0.360000 293 60
0.400000 293 60
0.440000 293 60
0.480000 293 60
0.520000 293 60
0.560000 293 60
0.600000 293 60
0.640000 293 60
0.680000 293 60
0.720000 293 60
0.760000 293 60
0.800000 293 60
0.840000 293 60
0.880000 293 60
0.920000 293 60
0.960000 293 60
1.000000 293 60
1.040000 293 60
1.080000 293 60
1.120000 293 60
1.160000 293 60
1.200000 293 60
1.240000 293 60
1.280000 293 60
1.320000 293 60
1.360000 293 60
1.400000 293 60
1.440000 293 60
1.480000 293 60
1.520000 293 60
1.560000 293 60
1.600000 293 60
1.640000 293 60
1.680000 293 60
1.720000 293 60
1.760000 293 60
1.800000 293 60
1.840000 293 60
1.880000 293 60
1.920000 293 60
1.960000 293 60
2.000000 293 60
2.040000 296 61
2.080000 300 62
2.120000 304 63
2.160000 308 64
2.200000 312 65
2.240000 316 66
2.280000 314 61
2.320000 311 61
2.360000 304 61
2.400000 296 64
2.440000 292 66
2.480000 271 61
2.520000 261 61
2.560000 247 63
2.600000 237 65
2.640000 231 67
2.680000 230 65
2.720000 227 61
2.760000 225 57
2.800000 225 56
2.840000 225 56
2.880000 225 56
2.920000 225 56
2.960000 225 56
3.000000 226 57
3.040000 225 58
3.080000 230 59
3.120000 225 56
3.160000 225 56
3.200000 225 56
3.240000 225 56
3.280000 225 56
3.320000 225 56
3.360000 222 56
3.400000 218 57
3.440000 209 57
3.480000 197 58
3.520000 188 61
3.560000 172 56
3.600000 159 56
3.640000 145 58
3.680000 134 61
3.720000 127 63
3.760000 127 61
3.800000 125 56
3.840000 123 56
3.880000 123 55
3.920000 122 55
3.960000 122 55
4.000000 122 55
4.040000 123 56
4.080000 125 56
4.120000 131 58
4.160000 122 56
4.200000 122 56
4.240000 122 55
4.280000 121 55
4.320000 121 54
4.360000 121 55
4.400000 121 54
4.440000 111 56
4.480000 101 58
4.520000 89 59
4.560000 68 65
4.600000 63 57
4.640000 52 57
4.680000 39 61
4.720000 31 65
4.760000 27 65
4.800000 25 61
4.840000 25 58
4.880000 23 57
4.920000 23 58
4.960000 23 58
5.000000 23 57
5.040000 23 58
5.080000 23 55
5.120000 29 59
5.160000 23 59
5.200000 23 57
5.240000 23 57
5.280000 23 57
5.320000 23 56
5.360000 23 56
5.400000 23 56
5.440000 23 56
5.480000 23 56
5.520000 23 56
5.560000 23 56
5.600000 23 56
5.640000 23 56
5.680000 23 56
5.720000 23 56
5.760000 23 56
5.800000 23 56
5.840000 23 56
5.880000 23 56
5.920000 23 56
5.960000 23 56
6.000000 23 56
