0.000000 314 141
0.040000 314 141
0.080000 314 141
0.120000 314 141
0.160000 314 141
0.200000 314 141
0.240000 314 141
0.280000 314 141
0.320000 314 141
0.360000 314 141
0.400000 314 141
0.440000 314 141
0.480000 314 141
0.520000 314 141
0.560000 314 141
0.600000 314 141
0.640000 314 141
0.680000 314 141
0.720000 314 141
0.760000 314 141
0.800000 314 141
0.840000 314 141
0.880000 314 141
0.920000 314 141
0.960000 314 141
1.000000 314 141
1.040000 314 141
1.080000 314 141
1.120000 314 141
1.160000 314 141
1.200000 314 141
1.240000 314 141
1.280000 314 141
1.320000 314 141
1.360000 314 141
1.400000 314 141
1.440000 314 141
1.480000 314 141
1.520000 314 141
1.560000 314 141
1.600000 314 141
1.640000 314 141
1.680000 314 141
1.720000 314 141
1.760000 314 141
1.800000 314 141
1.840000 314 141
1.880000 314 141
1.920000 314 141
1.960000 314 141
2.000000 314 141
2.040000 314 141
2.080000 308 141
2.120000 304 140
2.160000 301 139
2.200000 297 139
2.240000 294 140
2.280000 292 140
2.320000 288 140
2.360000 287 142
2.400000 283 143
2.440000 280 143
2.480000 278 143
2.520000 275 143
2.560000 273 143
2.600000 270 143
2.640000 265 143
2.680000 262 143
2.720000 259 142
2.760000 256 141
2.800000 245 139
2.840000 242 140
2.880000 240 141
2.920000 238 141
2.960000 235 142
3.000000 233 142
3.040000 231 143
3.080000 225 142
3.120000 220 143
3.160000 215 143
3.200000 210 141
3.240000 205 140
3.280000 203 140
3.320000 199 142
3.360000 195 141
3.400000 190 139
3.440000 186 140
3.480000 183 140
3.520000 180 140
3.560000 177 140
3.600000 174 140
3.640000 168 140
3.680000 167 140
3.720000 166 140
3.760000 165 140
3.800000 164 140
3.840000 163 140
3.880000 143 142
3.920000 141 142
3.960000 139 142
4.000000 137 142
4.040000 136 142
4.080000 134 142
4.120000 132 142
4.160000 130 142
4.200000 126 141
4.240000 119 139
4.280000 116 139
4.320000 101 139
4.360000 97 136
4.400000 80 139
4.440000 78 140
4.480000 76 141
4.520000 74 142
4.560000 65 143
4.600000 66 143
4.640000 67 142
4.680000 68 142
4.720000 69 141
4.760000 68 139
4.800000 64 139
4.840000 60 139
4.880000 57 139
4.920000 53 139
4.960000 44 139
5.000000 41 139
5.040000 38 139
5.080000 35 139
5.120000 32 139
5.160000 29 139
5.200000 26 139
5.240000 20 139
5.280000 18 139
5.320000 16 139
5.360000 14 139
5.400000 12 139
5.440000 12 139
5.480000 12 139
5.520000 12 139
5.560000 12 139
5.600000 12 139
5.640000 12 139
5.680000 12 139
5.720000 12 139
5.760000 12 139
5.800000 12 139
5.840000 12 139
5.880000 12 139
5.920000 12 139
5.960000 12 139
6.000000 12 139
