0.000000 312 72
0.040000 312 72
0.080000 312 72
0.120000 312 72
0.160000 312 72
0.200000 312 72
0.240000 312 72
0.280000 312 72
0.320000 312 72
0.360000 312 72
0.400000 312 72
0.440000 312 72
0.480000 312 72
0.520000 312 72
0.560000 312 72
0.600000 312 72
0.640000 312 72
0.680000 312 72
0.720000 312 72
0.760000 312 72
0.800000 312 72
0.840000 312 72
0.880000 312 72
0.920000 312 72
0.960000 312 72
1.000000 312 72
1.040000 312 72
1.080000 312 72
1.120000 312 72
1.160000 312 72
1.200000 312 72
1.240000 312 72
1.280000 312 72
1.320000 312 72
1.360000 312 72
1.400000 312 72
1.440000 312 72
1.480000 314 71
1.520000 313 71
1.560000 312 71
1.600000 311 72
1.640000 309 74
1.680000 304 74
1.720000 299 76
1.760000 292 76
1.800000 278 77
1.840000 273 67
1.880000 273 67
1.920000 273 67
1.960000 273 67
2.000000 273 67
2.040000 272 69
2.080000 268 71
2.120000 264 71
2.160000 257 72
2.200000 249 72
2.240000 234 71
2.280000 226 72
2.320000 230 67
2.360000 230 67
2.400000 229 66
2.440000 185 63
2.480000 184 63
2.520000 182 63
2.560000 182 63
2.600000 210 72
2.640000 183 63
2.680000 184 68
2.720000 183 66
2.760000 183 65
2.800000 183 65
2.840000 182 63
2.880000 181 65
2.920000 179 66
2.960000 175 67
3.000000 168 70
3.040000 159 71
3.080000 149 71
3.120000 138 67
3.160000 136 65
3.200000 136 65
3.240000 136 63
3.280000 135 64
3.320000 133 65
3.360000 132 67
3.400000 127 67
3.440000 121 70
3.480000 112 71
3.520000 86 63
3.560000 88 64
3.600000 81 65
3.640000 86 63
3.680000 86 65
3.720000 86 63
3.760000 85 65
3.800000 83 66
3.840000 77 68
3.880000 71 69
3.920000 64 72
3.960000 55 71
4.000000 45 70
4.040000 44 66
4.080000 44 66
4.120000 44 66
4.160000 44 66
4.200000 44 66
4.240000 42 67
4.280000 39 68
4.320000 34 71
4.360000 28 72
4.400000 28 72
4.440000 28 72
4.480000 28 72
4.520000 28 72
4.560000 28 72
4.600000 28 72
4.640000 28 72
4.680000 28 72
4.720000 28 72
4.760000 28 72
4.800000 28 72
4.840000 28 72
4.880000 28 72
4.920000 28 72
4.960000 28 72
5.000000 28 72
5.040000 28 72
