0.000000 312 71
0.040000 312 71
0.080000 312 71
0.120000 312 71
0.160000 312 71
0.200000 312 71
0.240000 312 71
0.280000 312 71
0.320000 312 71
0.360000 312 71
0.400000 312 71
0.440000 312 71
0.480000 312 71
0.520000 312 71
0.560000 312 71
0.600000 312 71
0.640000 312 71
0.680000 312 71
0.720000 312 71
0.760000 312 71
0.800000 312 71
0.840000 312 71
0.880000 312 71
0.920000 312 71
0.960000 312 71
1.000000 312 71
1.040000 312 71
1.080000 312 71
1.120000 312 71
1.160000 312 71
1.200000 312 71
1.240000 312 71
1.280000 312 71
1.320000 312 71
1.360000 311 72
1.400000 310 72
1.440000 309 73
1.480000 295 72
1.520000 284 67
1.560000 278 68
1.600000 277 67
1.640000 274 67
1.680000 273 67
1.720000 273 67
1.760000 273 67
1.800000 277 77
1.840000 272 74
1.880000 262 72
1.920000 251 67
1.960000 240 67
2.000000 234 67
2.040000 231 67
2.080000 230 66
2.120000 230 66
2.160000 230 66
2.200000 230 66
2.240000 234 70
2.280000 230 66
2.320000 214 67
2.360000 201 65
2.400000 190 64
2.440000 228 67
2.480000 226 69
2.520000 222 70
2.560000 216 71
2.600000 183 63
2.640000 199 72
2.680000 185 72
2.720000 177 71
2.760000 165 67
2.800000 153 66
2.840000 143 65
2.880000 138 65
2.920000 137 63
2.960000 136 62
3.000000 136 62
3.040000 136 63
3.080000 136 64
3.120000 137 67
3.160000 127 67
3.200000 112 65
3.240000 101 62
3.280000 93 63
3.320000 90 62
3.360000 88 63
3.400000 127 67
3.440000 86 62
3.480000 86 63
3.520000 101 72
3.560000 89 71
3.600000 87 64
3.640000 69 67
3.680000 58 66
3.720000 50 67
3.760000 47 66
3.800000 45 65
3.840000 44 65
3.880000 44 66
3.920000 44 66
3.960000 44 66
4.000000 44 70
4.040000 37 68
4.080000 25 67
4.120000 17 66
4.160000 9 66
4.200000 7 66
4.240000 6 66
4.280000 5 66
4.320000 5 66
4.360000 5 66
4.400000 5 66
4.440000 5 66
4.480000 5 66
4.520000 5 66
4.560000 5 66
4.600000 5 66
4.640000 5 66
4.680000 5 66
4.720000 5 66
4.760000 5 66
4.800000 5 66
4.840000 5 66
4.880000 5 66
4.920000 5 66
4.960000 5 66
5.000000 5 66
5.040000 5 66
