0.000000 303 66
0.040000 303 66
0.080000 303 66
0.120000 303 66
0.160000 303 66
0.200000 303 66
0.240000 303 66
0.280000 303 66
0.320000 303 66
0.360000 303 66
0.400000 303 66
0.440000 303 66
0.480000 303 66
0.520000 303 66
0.560000 303 66
0.600000 303 66
0.640000 303 66
0.680000 303 66
0.720000 303 66
0.760000 303 66
0.800000 303 66
0.840000 303 66
0.880000 303 66
0.920000 303 66
0.960000 303 66
1.000000 303 66
1.040000 303 66
1.080000 303 66
1.120000 303 66
1.160000 303 66
1.200000 303 66
1.240000 303 66
1.280000 303 66
1.320000 303 66
1.360000 302 65
1.400000 301 64
1.440000 300 63
1.480000 288 62
1.520000 273 63
1.560000 268 65
1.600000 266 63
1.640000 266 61
1.680000 263 61
1.720000 264 62
1.760000 264 63
1.800000 265 64
1.840000 265 65
1.880000 252 65
1.920000 239 63
1.960000 229 65
2.000000 221 67
2.040000 220 62
2.080000 219 61
2.120000 218 61
2.160000 218 61
2.200000 217 61
2.240000 219 61
2.280000 219 60
2.320000 205 57
2.360000 189 59
2.400000 178 61
2.440000 218 61
2.480000 217 61
2.520000 216 61
2.560000 216 59
2.600000 170 56
2.640000 195 61
2.680000 173 59
2.720000 170 61
2.760000 157 61
2.800000 143 61
2.840000 132 63
2.880000 127 61
2.920000 125 59
2.960000 124 58
3.000000 124 59
3.040000 125 59
3.080000 123 59
3.120000 126 59
3.160000 117 56
3.200000 102 56
3.240000 90 58
3.280000 82 61
3.320000 79 59
3.360000 76 57
3.400000 123 57
3.440000 76 56
3.480000 75 57
3.520000 98 61
3.560000 79 60
3.600000 75 59
3.640000 60 61
3.680000 49 62
3.720000 40 65
3.760000 37 64
3.800000 38 61
3.840000 36 60
3.880000 35 61
3.920000 34 61
3.960000 35 61
4.000000 36 60
4.040000 29 59
4.080000 8 61
4.120000 6 62
4.160000 2 63
4.200000 1 63
4.240000 1 63
4.280000 1 62
4.320000 1 62
4.360000 1 62
4.400000 1 61
4.440000 1 61
4.480000 1 61
4.520000 1 61
4.560000 1 61
4.600000 1 61
4.640000 1 61
4.680000 1 61
4.720000 1 61
4.760000 1 61
4.800000 1 61
4.840000 1 61
4.880000 1 61
4.920000 1 61
4.960000 1 61
5.000000 1 61
5.040000 1 61
