2.440000 320 91
2.480000 320 89
2.520000 320 92
2.560000 304 93
2.600000 296 96
2.640000 288 96
2.680000 284 96
2.720000 281 93
2.760000 278 93
2.800000 298 89
2.840000 272 92
2.880000 268 92
2.920000 288 89
2.960000 259 91
3.000000 256 90
3.040000 267 87
3.080000 258 88
3.120000 252 91
3.160000 246 91
3.200000 240 93
3.240000 236 93
3.280000 231 92
3.320000 227 92
3.360000 225 92
3.400000 220 88
3.440000 215 89
3.480000 210 89
3.520000 205 89
3.560000 215 88
3.600000 203 89
3.640000 197 89
3.680000 195 90
3.720000 190 92
3.760000 194 92
3.800000 194 88
3.840000 192 87
3.880000 189 87
3.920000 187 87
3.960000 184 87
4.000000 179 87
4.040000 174 87
4.080000 143 89
4.120000 158 86
4.160000 148 87
4.200000 137 87
4.240000 133 87
4.280000 128 89
4.320000 121 90
4.360000 116 91
4.400000 111 91
4.440000 107 87
4.480000 105 88
4.520000 101 88
4.560000 95 87
4.600000 91 89
4.640000 88 88
4.680000 98 87
4.720000 89 88
4.760000 81 88
4.800000 75 91
4.840000 70 92
4.880000 74 92
4.920000 75 89
4.960000 74 87
5.000000 71 87
5.040000 70 87
5.080000 48 90
5.120000 43 89
5.160000 58 87
5.200000 34 89
5.240000 44 87
5.280000 34 87
5.320000 29 87
5.360000 24 88
5.400000 19 92
5.440000 13 92
5.480000 27 91
5.520000 7 89
5.560000 5 88
5.600000 23 88
5.640000 18 87
5.680000 14 89
5.720000 10 89
