0.000000 284 59
0.040000 284 59
0.080000 284 59
0.120000 284 59
0.160000 284 59
0.200000 284 59
0.240000 284 59
0.280000 284 59
0.320000 284 59
0.360000 284 59
0.400000 284 59
0.440000 284 59
0.480000 284 59
0.520000 284 59
0.560000 284 59
0.600000 284 59
0.640000 284 59
0.680000 284 59
0.720000 284 59
0.760000 284 59
0.800000 284 59
0.840000 284 59
0.880000 284 59
0.920000 284 59
0.960000 284 59
1.000000 284 59
1.040000 284 59
1.080000 284 59
1.120000 284 59
1.160000 284 59
1.200000 284 59
1.240000 284 59
1.280000 284 59
1.320000 284 59
1.360000 284 59
1.400000 284 59
1.440000 284 59
1.480000 284 59
1.520000 284 59
1.560000 284 59
1.600000 284 59
1.640000 284 59
1.680000 284 59
1.720000 284 59
1.760000 284 59
1.800000 284 59
1.840000 284 59
1.880000 284 59
1.920000 284 59
1.960000 284 59
2.000000 284 59
2.040000 284 59
2.080000 286 59
2.120000 287 59
2.160000 286 59
2.200000 286 59
2.240000 287 59
2.280000 285 59
2.320000 284 58
2.360000 284 58
2.400000 285 57
2.440000 284 56
2.480000 283 56
2.520000 283 56
2.560000 283 56
2.600000 276 58
2.640000 266 59
2.680000 253 58
2.720000 232 57
2.760000 221 54
2.800000 205 54
2.840000 189 55
2.880000 175 61
2.920000 167 63
2.960000 163 60
3.000000 161 56
3.040000 159 54
3.080000 159 53
3.120000 159 53
3.160000 159 52
3.200000 159 52
3.240000 159 52
3.280000 158 54
3.320000 159 52
3.360000 158 52
3.400000 158 52
3.440000 158 51
3.480000 158 51
3.520000 158 50
3.560000 158 52
3.600000 153 54
3.640000 142 56
3.680000 129 56
3.720000 112 56
3.760000 96 54
3.800000 85 51
3.840000 69 51
3.880000 55 56
3.920000 44 61
3.960000 38 63
4.000000 36 59
4.040000 36 56
4.080000 34 56
4.120000 34 56
4.160000 34 55
4.200000 34 56
4.240000 34 55
4.280000 33 54
4.320000 32 56
4.360000 33 55
4.400000 34 55
4.440000 33 54
4.480000 33 53
4.520000 31 54
4.560000 30 54
4.600000 28 55
4.640000 27 55
4.680000 27 55
4.720000 27 55
4.760000 27 55
4.800000 27 55
4.840000 27 55
4.880000 27 55
4.920000 27 55
4.960000 27 55
5.000000 27 55
5.040000 27 55
5.080000 27 55
