0.000000 310 180
0.040000 310 180
0.080000 310 180
0.120000 310 180
0.160000 310 180
0.200000 310 180
0.240000 310 180
0.280000 310 180
0.320000 310 180
0.360000 310 180
0.400000 310 180
0.440000 310 180
0.480000 310 180
0.520000 310 180
0.560000 310 180
0.600000 310 180
0.640000 310 180
0.680000 310 180
0.720000 310 180
0.760000 310 180
0.800000 310 180
0.840000 310 180
0.880000 310 180
0.920000 310 180
0.960000 310 180
1.000000 310 180
1.040000 310 180
1.080000 310 180
1.120000 310 180
1.160000 310 180
1.200000 310 180
1.240000 310 180
1.280000 310 180
1.320000 310 180
1.360000 310 180
1.400000 310 180
1.440000 310 180
1.480000 310 180
1.520000 310 180
1.560000 310 180
1.600000 310 180
1.640000 310 180
1.680000 310 180
1.720000 310 180
1.760000 310 180
1.800000 310 180
1.840000 310 180
1.880000 310 180
1.920000 310 180
1.960000 310 180
2.000000 310 180
2.040000 306 180
2.080000 303 181
2.120000 299 182
2.160000 294 184
2.200000 290 184
2.240000 287 185
2.280000 282 185
2.320000 277 184
2.360000 273 183
2.400000 268 182
2.440000 263 181
2.480000 257 181
2.520000 252 181
2.560000 247 182
2.600000 242 184
2.640000 238 185
2.680000 232 185
2.720000 227 185
2.760000 222 185
2.800000 217 185
2.840000 211 185
2.880000 207 185
2.920000 201 183
2.960000 195 183
3.000000 190 183
3.040000 184 183
3.080000 179 183
3.120000 173 184
3.160000 168 185
3.200000 162 185
3.240000 157 185
3.280000 152 185
3.320000 147 185
3.360000 142 183
3.400000 136 182
3.440000 131 182
3.480000 125 181
3.520000 120 181
3.560000 114 181
3.600000 108 181
3.640000 104 182
3.680000 99 184
3.720000 94 184
3.760000 89 184
3.800000 84 184
3.840000 79 182
3.880000 73 181
3.920000 68 180
3.960000 64 180
4.000000 58 180
4.040000 53 178
4.080000 48 178
4.120000 43 178
4.160000 38 179
4.200000 33 179
4.240000 29 180
4.280000 24 180
4.320000 22 180
4.360000 18 178
4.400000 13 176
4.440000 10 176
4.480000 2 175
4.520000 2 176
4.560000 2 176
4.600000 2 176
4.640000 2 176
4.680000 2 176
4.720000 2 176
4.760000 2 176
4.800000 2 176
4.840000 2 176
4.880000 2 176
4.920000 2 176
4.960000 2 176
5.000000 2 176
5.040000 2 176
5.080000 2 176
