0.000000 309 145
0.040000 309 145
0.080000 309 145
0.120000 309 145
0.160000 309 145
0.200000 309 145
0.240000 309 145
0.280000 309 145
0.320000 309 145
0.360000 309 145
0.400000 309 145
0.440000 309 145
0.480000 309 145
0.520000 309 145
0.560000 309 145
0.600000 309 145
0.640000 309 145
0.680000 309 145
0.720000 309 145
0.760000 309 145
0.800000 309 145
0.840000 309 145
0.880000 309 145
0.920000 309 145
0.960000 309 145
1.000000 309 145
1.040000 309 145
1.080000 309 145
1.120000 309 145
1.160000 309 145
1.200000 309 145
1.240000 309 145
1.280000 309 145
1.320000 309 145
1.360000 309 145
1.400000 309 145
1.440000 309 145
1.480000 309 145
1.520000 309 145
1.560000 309 145
1.600000 309 145
1.640000 309 145
1.680000 309 145
1.720000 309 145
1.760000 309 145
1.800000 309 145
1.840000 309 145
1.880000 309 145
1.920000 309 145
1.960000 309 145
2.000000 307 145
2.040000 305 145
2.080000 303 145
2.120000 296 145
2.160000 293 145
2.200000 291 145
2.240000 289 145
2.280000 286 145
2.320000 284 145
2.360000 277 144
2.400000 272 141
2.440000 267 141
2.480000 263 141
2.520000 258 143
2.560000 253 145
2.600000 242 145
2.640000 239 145
2.680000 236 145
2.720000 233 145
2.760000 226 145
2.800000 221 145
2.840000 215 145
2.880000 210 145
2.920000 205 144
2.960000 199 143
3.000000 194 142
3.040000 189 143
3.080000 184 144
3.120000 173 145
3.160000 169 145
3.200000 166 145
3.240000 163 145
3.280000 160 145
3.320000 157 145
3.360000 164 144
3.400000 160 145
3.440000 154 145
3.480000 149 145
3.520000 143 145
3.560000 138 144
3.600000 131 143
3.640000 104 143
3.680000 101 143
3.720000 98 143
3.760000 95 143
3.800000 92 143
3.840000 89 143
3.880000 81 139
3.920000 75 140
3.960000 70 141
4.000000 68 140
4.040000 63 139
4.080000 47 139
4.120000 47 140
4.160000 47 141
4.200000 48 142
4.240000 48 143
4.280000 48 144
4.320000 23 140
4.360000 42 144
4.400000 38 143
4.440000 34 143
4.480000 28 139
4.520000 23 139
4.560000 18 139
4.600000 12 139
4.640000 5 139
4.680000 5 139
4.720000 5 139
4.760000 5 139
4.800000 5 139
4.840000 5 139
4.880000 5 139
4.920000 5 139
4.960000 5 139
5.000000 5 139
5.040000 5 139
5.080000 5 139
