2.160000 294 61
2.200000 292 56
2.280000 293 56
2.320000 292 56
2.360000 292 56
2.400000 291 56
2.440000 292 56
2.480000 291 56
2.520000 290 56
2.560000 290 56
2.600000 291 56
2.640000 292 56
2.680000 290 56
2.720000 290 55
2.760000 289 55
2.800000 288 55
2.840000 279 56
2.880000 272 56
2.920000 252 58
2.960000 247 58
3.000000 238 52
3.040000 225 52
3.080000 214 54
3.120000 205 55
3.160000 205 52
3.200000 204 52
3.240000 204 52
3.280000 204 52
3.320000 203 52
3.360000 204 52
3.400000 203 52
3.440000 204 52
3.480000 204 52
3.520000 203 52
3.560000 205 52
3.600000 203 52
3.640000 203 51
3.680000 203 51
3.720000 203 50
3.760000 201 51
3.800000 153 57
3.840000 184 54
3.880000 169 56
3.920000 154 56
3.960000 147 52
4.000000 132 51
4.040000 119 51
4.080000 108 54
4.120000 105 55
4.160000 104 52
4.200000 103 52
4.240000 103 52
4.280000 103 52
4.320000 104 52
4.360000 103 52
4.400000 102 51
4.440000 103 51
4.480000 103 52
4.520000 105 52
4.560000 104 51
4.600000 103 51
4.640000 102 51
4.680000 104 50
4.720000 103 50
4.760000 99 51
4.800000 90 54
4.840000 80 56
4.880000 64 57
4.920000 57 56
4.960000 45 57
5.000000 34 58
5.040000 23 61
5.080000 18 61
5.120000 18 59
5.160000 18 57
5.200000 18 56
5.240000 18 56
5.280000 18 56
5.320000 18 56
5.360000 17 56
5.400000 16 55
5.440000 16 56
5.480000 15 56
5.520000 16 56
5.560000 16 56
5.600000 16 56
5.640000 16 55
