2.240000 320 139
2.280000 320 145
2.320000 320 148
2.360000 317 145
2.400000 314 145
2.440000 310 145
2.480000 307 145
2.520000 301 145
2.560000 297 145
2.600000 293 144
2.640000 288 144
2.680000 283 144
2.720000 281 145
2.760000 278 145
2.800000 274 145
2.840000 272 145
2.880000 270 145
2.920000 268 146
2.960000 266 146
3.000000 263 145
3.040000 262 145
3.080000 258 144
3.120000 257 144
3.160000 252 143
3.200000 247 144
3.240000 242 143
3.280000 236 143
3.320000 231 145
3.360000 226 144
3.400000 220 145
3.440000 215 145
3.480000 209 145
3.520000 204 145
3.560000 198 145
3.600000 192 145
3.640000 188 144
3.680000 184 143
3.720000 180 144
3.760000 177 145
3.800000 174 145
3.840000 172 145
3.880000 169 145
3.920000 166 145
3.960000 163 145
4.000000 160 145
4.040000 158 145
4.080000 153 145
4.120000 149 144
4.160000 144 143
4.200000 138 144
4.240000 133 144
4.280000 127 144
4.320000 121 144
4.360000 115 144
4.400000 108 145
4.440000 101 144
4.480000 96 143
4.520000 90 141
4.560000 86 143
4.600000 81 143
4.640000 78 143
4.680000 75 141
4.720000 72 143
4.760000 70 144
4.800000 69 144
4.840000 66 144
4.880000 65 144
4.920000 64 144
4.960000 61 145
5.000000 59 144
5.040000 55 144
5.080000 53 143
5.120000 49 143
5.160000 44 141
5.200000 38 140
5.240000 33 140
5.280000 27 141
5.320000 23 141
5.360000 18 143
5.400000 12 142
5.440000 7 141
5.520000 2 143
5.600000 2 139
5.680000 11 140
