0.000000 309 114
0.040000 309 114
0.080000 309 114
0.120000 309 114
0.160000 309 114
0.200000 309 114
0.240000 309 114
0.280000 309 114
0.320000 309 114
0.360000 309 114
0.400000 309 114
0.440000 309 114
0.480000 309 114
0.520000 309 114
0.560000 309 114
0.600000 309 114
0.640000 309 114
0.680000 309 114
0.720000 309 114
0.760000 309 114
0.800000 309 114
0.840000 309 114
0.880000 309 114
0.920000 309 114
0.960000 309 114
1.000000 309 114
1.040000 309 114
1.080000 309 114
1.120000 309 114
1.160000 309 114
1.200000 309 114
1.240000 309 114
1.280000 309 114
1.320000 309 114
1.360000 309 114
1.400000 309 114
1.440000 309 114
1.480000 309 114
1.520000 309 114
1.560000 309 114
1.600000 309 114
1.640000 309 114
1.680000 309 114
1.720000 309 114
1.760000 309 114
1.800000 309 114
1.840000 309 114
1.880000 309 114
1.920000 309 114
1.960000 309 114
2.000000 309 114
2.040000 305 115
2.080000 299 114
2.120000 294 113
2.160000 288 113
2.200000 284 113
2.240000 281 113
2.280000 278 114
2.320000 272 115
2.360000 269 115
2.400000 267 115
2.440000 264 114
2.480000 259 114
2.520000 255 115
2.560000 252 115
2.600000 241 116
2.640000 238 116
2.680000 236 115
2.720000 229 113
2.760000 226 113
2.800000 223 113
2.840000 220 113
2.880000 218 113
2.920000 215 113
2.960000 212 113
3.000000 205 114
3.040000 199 113
3.080000 192 112
3.120000 188 113
3.160000 184 113
3.200000 180 113
3.240000 173 113
3.280000 169 114
3.320000 165 115
3.360000 162 115
3.400000 158 116
3.440000 151 117
3.480000 150 117
3.520000 150 116
3.560000 150 115
3.600000 149 114
3.640000 149 112
3.680000 143 113
3.720000 137 113
3.760000 132 113
3.800000 126 113
3.840000 120 113
3.880000 115 113
3.920000 109 113
3.960000 103 113
4.000000 93 113
4.040000 84 111
4.080000 82 111
4.120000 80 111
4.160000 79 111
4.200000 77 111
4.240000 76 111
4.280000 74 110
4.320000 72 110
4.360000 71 110
4.400000 69 110
4.440000 68 110
4.480000 66 110
4.520000 62 109
4.560000 59 108
4.600000 54 109
4.640000 49 108
4.680000 49 108
4.720000 49 108
4.760000 49 108
4.800000 49 108
4.840000 49 108
4.880000 49 108
4.920000 49 108
4.960000 49 108
5.000000 49 108
5.040000 49 108
5.080000 49 108
5.120000 49 108
5.160000 49 108
5.200000 49 108
5.240000 49 108
5.280000 49 108
5.320000 49 108
5.360000 49 108
5.400000 49 108
5.440000 49 108
5.480000 49 108
5.520000 49 108
5.560000 49 108
5.600000 49 108
5.640000 49 108
