0.000000 316 150
0.040000 316 150
0.080000 316 150
0.120000 316 150
0.160000 316 150
0.200000 316 150
0.240000 316 150
0.280000 316 150
0.320000 316 150
0.360000 316 150
0.400000 316 150
0.440000 316 150
0.480000 316 150
0.520000 316 150
0.560000 316 150
0.600000 316 150
0.640000 316 150
0.680000 316 150
0.720000 316 150
0.760000 316 150
0.800000 316 150
0.840000 316 150
0.880000 316 150
0.920000 316 150
0.960000 316 150
1.000000 316 150
1.040000 316 150
1.080000 316 150
1.120000 316 150
1.160000 316 150
1.200000 316 150
1.240000 316 150
1.280000 316 150
1.320000 316 150
1.360000 316 150
1.400000 316 150
1.440000 316 150
1.480000 316 150
1.520000 316 150
1.560000 316 150
1.600000 316 150
1.640000 316 150
1.680000 316 150
1.720000 316 150
1.760000 316 150
1.800000 314 149
1.840000 310 149
1.880000 307 148
1.920000 302 149
1.960000 298 150
2.000000 294 150
2.040000 291 150
2.080000 288 150
2.120000 283 150
2.160000 279 150
2.200000 276 150
2.240000 272 149
2.280000 268 149
2.320000 263 149
2.360000 258 149
2.400000 253 149
2.440000 250 150
2.480000 246 150
2.520000 241 150
2.560000 236 150
2.600000 233 150
2.640000 229 150
2.680000 225 150
2.720000 220 150
2.760000 215 150
2.800000 210 150
2.840000 205 150
2.880000 200 150
2.920000 195 150
2.960000 192 150
3.000000 189 150
3.040000 184 151
3.080000 179 150
3.120000 174 150
3.160000 170 150
3.200000 164 150
3.240000 160 150
3.280000 157 149
3.320000 153 149
3.360000 147 150
3.400000 142 150
3.440000 138 150
3.480000 135 150
3.520000 131 150
3.560000 126 149
3.600000 121 148
3.640000 116 148
3.680000 110 149
3.720000 107 148
3.760000 101 149
3.800000 98 150
3.840000 95 150
3.880000 90 150
3.920000 86 150
3.960000 81 149
4.000000 76 149
4.040000 73 148
4.080000 69 147
4.120000 64 148
4.160000 60 148
4.200000 55 148
4.240000 51 147
4.280000 49 149
4.320000 43 148
4.360000 38 148
4.400000 34 146
4.440000 30 146
4.480000 26 145
4.520000 22 145
4.560000 18 145
4.600000 13 145
4.640000 11 145
4.680000 8 145
4.720000 5 145
4.760000 2 145
4.800000 2 145
4.840000 2 145
4.880000 2 145
4.920000 2 145
4.960000 2 145
5.000000 2 145
5.040000 2 145
5.080000 2 145
5.120000 2 145
5.160000 2 145
5.200000 2 145
5.240000 2 145
5.280000 2 145
5.320000 2 145
5.360000 2 145
5.400000 2 145
5.440000 2 145
5.480000 2 145
5.520000 2 145
5.560000 2 145
5.600000 2 145
5.640000 2 145
5.680000 2 145
5.720000 2 145
5.760000 2 145
5.800000 2 145
5.840000 2 145
5.880000 2 145
5.920000 2 145
5.960000 2 145
6.000000 2 145
6.040000 2 145
6.080000 2 145
6.120000 2 145
6.160000 2 145
6.200000 2 145
6.240000 2 145
6.280000 2 145
6.320000 2 145
6.360000 2 145
6.400000 2 145
6.440000 2 145
6.480000 2 145
6.520000 2 145
6.560000 2 145
6.600000 2 145
6.640000 2 145
