0.000000 299 119
0.040000 299 119
0.080000 299 119
0.120000 299 119
0.160000 299 119
0.200000 299 119
0.240000 299 119
0.280000 299 119
0.320000 299 119
0.360000 299 119
0.400000 299 119
0.440000 299 119
0.480000 299 119
0.520000 299 119
0.560000 299 119
0.600000 299 119
0.640000 299 119
0.680000 299 119
0.720000 299 119
0.760000 299 119
0.800000 299 119
0.840000 299 119
0.880000 299 119
0.920000 299 119
0.960000 299 119
1.000000 299 119
1.040000 299 119
1.080000 299 119
1.120000 299 119
1.160000 299 119
1.200000 299 119
1.240000 299 119
1.280000 299 119
1.320000 299 119
1.360000 299 119
1.400000 299 119
1.440000 299 119
1.480000 299 119
1.520000 299 119
1.560000 299 119
1.600000 299 119
1.640000 299 119
1.680000 299 119
1.720000 299 119
1.760000 299 120
1.800000 298 119
1.840000 293 118
1.880000 288 119
1.920000 278 122
1.960000 294 119
2.000000 293 119
2.040000 290 119
2.080000 288 118
2.120000 283 118
2.160000 279 118
2.200000 273 118
2.240000 267 118
2.280000 258 117
2.320000 244 118
2.360000 241 119
2.400000 232 120
2.440000 225 119
2.480000 216 119
2.520000 209 121
2.560000 200 119
2.600000 195 120
2.640000 191 120
2.680000 189 120
2.720000 188 119
2.760000 186 118
2.800000 185 118
2.840000 184 118
2.880000 184 119
2.920000 184 117
2.960000 182 115
3.000000 179 116
3.040000 175 117
3.080000 171 117
3.120000 166 116
3.160000 159 115
3.200000 153 114
3.240000 144 114
3.280000 131 118
3.320000 132 120
3.360000 119 116
3.400000 109 117
3.440000 101 118
3.480000 95 118
3.520000 90 119
3.560000 84 118
3.600000 81 118
3.640000 80 119
3.680000 79 118
3.720000 76 115
3.760000 75 116
3.800000 75 117
3.840000 66 118
3.880000 60 119
3.920000 51 119
3.960000 65 113
4.000000 60 113
4.040000 55 113
4.080000 49 113
4.120000 40 113
4.160000 33 118
4.200000 28 113
4.240000 23 114
4.280000 8 116
4.320000 6 117
4.360000 5 118
4.400000 2 119
4.440000 5 119
4.480000 9 119
4.520000 13 119
4.560000 17 118
4.600000 17 118
4.640000 17 118
4.680000 17 118
4.720000 17 118
4.760000 17 118
4.800000 17 118
4.840000 17 118
4.880000 17 118
4.920000 17 118
4.960000 17 118
5.000000 17 118
5.040000 17 118
