0.000000 314 118
0.040000 314 118
0.080000 314 118
0.120000 314 118
0.160000 314 118
0.200000 314 118
0.240000 314 118
0.280000 314 118
0.320000 314 118
0.360000 314 118
0.400000 314 118
0.440000 314 118
0.480000 314 118
0.520000 314 118
0.560000 314 118
0.600000 314 118
0.640000 314 118
0.680000 314 118
0.720000 314 118
0.760000 314 118
0.800000 314 118
0.840000 314 118
0.880000 314 118
0.920000 314 118
0.960000 314 118
1.000000 314 118
1.040000 314 118
1.080000 314 118
1.120000 314 118
1.160000 314 118
1.200000 314 118
1.240000 314 118
1.280000 314 118
1.320000 314 118
1.360000 314 118
1.400000 314 118
1.440000 314 118
1.480000 314 118
1.520000 314 118
1.560000 314 118
1.600000 314 118
1.640000 314 118
1.680000 314 118
1.720000 311 117
1.760000 305 118
1.800000 302 119
1.840000 298 119
1.880000 294 120
1.920000 289 119
1.960000 284 119
2.000000 282 118
2.040000 277 118
2.080000 273 117
2.120000 268 117
2.160000 262 116
2.200000 257 116
2.240000 252 118
2.280000 247 118
2.320000 242 118
2.360000 239 119
2.400000 235 120
2.440000 231 118
2.480000 227 117
2.520000 223 117
2.560000 218 118
2.600000 212 117
2.640000 207 117
2.680000 203 117
2.720000 197 117
2.760000 195 118
2.800000 190 119
2.840000 186 119
2.880000 180 119
2.920000 176 117
2.960000 172 115
3.000000 168 115
3.040000 163 114
3.080000 158 114
3.120000 151 114
3.160000 146 115
3.200000 141 116
3.240000 133 116
3.280000 132 118
3.320000 128 119
3.360000 123 118
3.400000 121 117
3.440000 116 117
3.480000 112 115
3.520000 107 114
3.560000 101 114
3.600000 96 114
3.640000 93 118
3.680000 88 117
3.720000 84 118
3.760000 81 119
3.800000 75 119
3.840000 71 118
3.880000 69 117
3.920000 64 113
3.960000 58 113
4.000000 54 113
4.040000 48 113
4.080000 43 114
4.120000 39 117
4.160000 34 118
4.200000 33 118
4.240000 29 117
4.280000 27 115
4.320000 23 117
4.360000 18 114
4.400000 15 113
4.440000 12 114
4.480000 6 113
4.520000 2 113
4.560000 2 115
4.600000 2 115
4.640000 2 115
4.680000 2 115
4.720000 2 115
4.760000 2 115
4.800000 2 115
4.840000 2 115
4.880000 2 115
4.920000 2 115
4.960000 2 115
5.000000 2 115
5.040000 2 115
