0.000000 314 133
0.040000 314 133
0.080000 314 133
0.120000 314 133
0.160000 314 133
0.200000 314 133
0.240000 314 133
0.280000 314 133
0.320000 314 133
0.360000 314 133
0.400000 314 133
0.440000 314 133
0.480000 314 133
0.520000 314 133
0.560000 314 133
0.600000 314 133
0.640000 314 133
0.680000 314 133
0.720000 314 133
0.760000 314 133
0.800000 314 133
0.840000 314 133
0.880000 314 133
0.920000 314 133
0.960000 314 133
1.000000 314 133
1.040000 314 133
1.080000 314 133
1.120000 314 133
1.160000 314 133
1.200000 314 133
1.240000 314 133
1.280000 314 133
1.320000 314 133
1.360000 314 133
1.400000 314 133
1.440000 314 133
1.480000 314 133
1.520000 314 133
1.560000 314 133
1.600000 314 133
1.640000 314 133
1.680000 311 134
1.720000 308 135
1.760000 299 137
1.800000 297 137
1.840000 296 137
1.880000 294 137
1.920000 284 136
1.960000 278 136
2.000000 273 136
2.040000 268 135
2.080000 262 135
2.120000 258 134
2.160000 253 134
2.200000 251 134
2.240000 245 135
2.280000 242 136
2.320000 240 136
2.360000 237 136
2.400000 235 136
2.440000 232 137
2.480000 230 137
2.520000 227 137
2.560000 225 137
2.600000 220 136
2.640000 207 135
2.680000 202 135
2.720000 198 135
2.760000 194 135
2.800000 190 135
2.840000 186 135
2.880000 182 135
2.920000 173 136
2.960000 168 135
3.000000 162 134
3.040000 157 134
3.080000 153 134
3.120000 147 133
3.160000 138 134
3.200000 135 135
3.240000 133 135
3.280000 131 136
3.320000 129 136
3.360000 127 136
3.400000 125 137
3.440000 123 137
3.480000 117 135
3.520000 114 134
3.560000 105 134
3.600000 101 140
3.640000 98 145
3.680000 95 151
3.720000 88 162
3.760000 83 157
3.800000 78 151
3.840000 73 145
3.880000 68 139
3.920000 68 132
3.960000 55 129
4.000000 49 132
4.040000 46 133
4.080000 44 133
4.120000 42 133
4.160000 40 133
4.200000 38 134
4.240000 36 134
4.280000 34 134
4.320000 32 134
4.360000 27 133
4.400000 23 133
4.440000 21 130
4.480000 17 132
4.520000 12 131
4.560000 12 131
4.600000 12 131
4.640000 12 131
4.680000 12 131
4.720000 12 131
4.760000 12 131
4.800000 12 131
4.840000 12 131
4.880000 12 131
4.920000 12 131
4.960000 12 131
5.000000 12 131
5.040000 12 131
