0.000000 312 119
0.040000 312 119
0.080000 312 119
0.120000 312 119
0.160000 312 119
0.200000 312 119
0.240000 312 119
0.280000 312 119
0.320000 312 119
0.360000 312 119
0.400000 312 119
0.440000 312 119
0.480000 312 119
0.520000 312 119
0.560000 312 119
0.600000 312 119
0.640000 312 119
0.680000 312 119
0.720000 312 119
0.760000 312 119
0.800000 312 119
0.840000 312 119
0.880000 312 119
0.920000 312 119
0.960000 312 119
1.000000 312 119
1.040000 312 119
1.080000 312 119
1.120000 312 119
1.160000 312 119
1.200000 312 119
1.240000 312 119
1.280000 312 119
1.320000 312 119
1.360000 312 119
1.400000 312 119
1.440000 312 119
1.480000 312 119
1.520000 312 119
1.560000 312 119
1.600000 312 119
1.640000 312 119
1.680000 312 119
1.720000 308 118
1.760000 301 118
1.800000 299 119
1.840000 294 120
1.880000 293 120
1.920000 288 120
1.960000 283 119
2.000000 278 118
2.040000 273 118
2.080000 269 117
2.120000 264 117
2.160000 260 117
2.200000 255 116
2.240000 252 118
2.280000 245 118
2.320000 240 118
2.360000 236 119
2.400000 231 120
2.440000 227 118
2.480000 225 118
2.520000 220 117
2.560000 215 118
2.600000 210 117
2.640000 204 117
2.680000 200 117
2.720000 195 118
2.760000 195 118
2.800000 190 119
2.840000 188 120
2.880000 179 119
2.920000 175 118
2.960000 170 116
3.000000 166 116
3.040000 162 115
3.080000 158 114
3.120000 151 114
3.160000 145 115
3.200000 139 117
3.240000 132 117
3.280000 131 119
3.320000 127 119
3.360000 121 119
3.400000 118 117
3.440000 115 117
3.480000 112 115
3.520000 106 113
3.560000 101 114
3.600000 96 114
3.640000 95 118
3.680000 88 118
3.720000 86 119
3.760000 84 119
3.800000 78 119
3.840000 75 118
3.880000 70 117
3.920000 68 113
3.960000 61 113
4.000000 57 113
4.040000 50 113
4.080000 45 114
4.120000 42 117
4.160000 34 118
4.200000 34 118
4.240000 29 117
4.280000 28 116
4.320000 26 117
4.360000 22 115
4.400000 18 114
4.440000 7 113
4.480000 5 114
4.520000 4 115
4.560000 2 116
4.600000 1 117
4.640000 1 117
4.680000 1 117
4.720000 1 117
4.760000 1 117
4.800000 1 117
4.840000 1 117
4.880000 1 117
4.920000 1 117
4.960000 1 117
5.000000 1 117
5.040000 1 117
