0.000000 299 92
0.040000 299 92
0.080000 299 92
0.120000 299 92
0.160000 299 92
0.200000 299 92
0.240000 299 92
0.280000 299 92
0.320000 299 92
0.360000 299 92
0.400000 299 92
0.440000 299 92
0.480000 299 92
0.520000 299 92
0.560000 299 92
0.600000 299 92
0.640000 299 92
0.680000 299 92
0.720000 299 92
0.760000 299 92
0.800000 299 92
0.840000 299 92
0.880000 299 92
0.920000 299 92
0.960000 299 92
1.000000 299 92
1.040000 299 92
1.080000 299 92
1.120000 299 92
1.160000 299 92
1.200000 299 92
1.240000 299 92
1.280000 299 92
1.320000 299 92
1.360000 299 92
1.400000 299 92
1.440000 299 92
1.480000 299 92
1.520000 299 92
1.560000 299 92
1.600000 299 92
1.640000 299 92
1.680000 299 92
1.720000 295 92
1.760000 293 91
1.800000 290 91
1.840000 288 91
1.880000 288 92
1.920000 288 92
1.960000 287 91
2.000000 285 89
2.040000 283 89
2.080000 279 88
2.120000 275 88
2.160000 268 87
2.200000 258 87
2.240000 250 87
2.280000 242 87
2.320000 233 89
2.360000 226 92
2.400000 221 92
2.440000 216 91
2.480000 211 90
2.520000 207 89
2.560000 202 88
2.600000 199 88
2.640000 194 88
2.680000 190 89
2.720000 189 87
2.760000 187 87
2.800000 186 89
2.840000 184 88
2.880000 184 87
2.920000 182 87
2.960000 179 87
3.000000 176 87
3.040000 172 87
3.080000 165 86
3.120000 158 85
3.160000 148 85
3.200000 138 86
3.240000 130 87
3.280000 122 87
3.320000 116 90
3.360000 111 90
3.400000 106 89
3.440000 101 87
3.480000 97 87
3.520000 93 87
3.560000 88 87
3.600000 86 87
3.640000 85 87
3.680000 81 86
3.720000 81 87
3.760000 81 87
3.800000 80 87
3.840000 78 87
3.880000 75 87
3.920000 73 85
3.960000 69 86
4.000000 64 85
4.040000 55 85
4.080000 48 84
4.120000 39 86
4.160000 32 87
4.200000 27 87
4.240000 19 90
4.280000 15 91
4.320000 12 90
4.360000 8 87
4.400000 7 87
4.440000 2 85
4.480000 2 85
4.520000 2 84
4.560000 2 83
4.600000 2 82
4.640000 2 82
4.680000 2 82
4.720000 2 82
4.760000 2 82
4.800000 2 82
4.840000 2 82
4.880000 2 82
4.920000 2 82
4.960000 2 82
5.000000 2 82
5.040000 2 82
