1.640000 309 124
1.720000 302 124
1.800000 289 126
1.840000 283 128
1.880000 275 128
1.920000 268 128
1.960000 262 128
2.000000 256 127
2.040000 253 128
2.080000 251 128
2.120000 249 127
2.160000 247 125
2.320000 228 124
2.520000 225 120
2.760000 170 124
2.800000 164 128
2.840000 157 129
2.880000 150 130
2.920000 146 131
2.960000 141 130
3.000000 136 130
3.040000 132 128
3.080000 127 124
3.280000 122 124
3.320000 120 122
3.360000 117 122
3.400000 112 120
3.440000 108 119
3.480000 101 119
3.520000 95 119
3.560000 86 119
3.800000 39 126
3.840000 54 117
3.880000 29 128
3.920000 44 117
4.200000 13 120
