1.800000 320 119
1.840000 315 118
1.880000 310 117
1.920000 305 118
1.960000 300 119
2.000000 298 119
2.040000 294 120
2.080000 293 120
2.120000 288 121
2.160000 286 120
2.200000 284 120
2.240000 283 119
2.280000 279 119
2.320000 277 118
2.360000 272 118
2.400000 268 118
2.440000 264 118
2.480000 259 118
2.520000 257 119
2.560000 252 119
2.600000 249 119
2.640000 247 119
2.680000 243 120
2.720000 241 119
2.760000 239 118
2.800000 235 117
2.840000 231 117
2.880000 228 115
2.920000 221 117
2.960000 216 116
3.000000 214 117
3.040000 211 117
3.080000 207 117
3.120000 204 119
3.160000 199 119
3.200000 195 119
3.240000 194 119
3.280000 190 118
3.320000 188 118
3.360000 184 117
3.400000 180 117
3.440000 175 115
3.480000 171 116
3.520000 166 117
3.560000 164 117
3.600000 158 118
3.640000 157 119
3.680000 153 119
3.720000 152 119
3.760000 147 119
3.800000 143 119
3.840000 140 118
3.880000 136 117
3.920000 132 116
3.960000 128 116
4.000000 123 115
4.040000 119 117
4.080000 117 117
4.120000 115 118
4.160000 111 118
4.200000 106 118
4.240000 102 119
4.280000 99 119
4.320000 95 119
4.360000 92 119
4.400000 90 118
4.440000 90 115
4.480000 84 115
4.520000 77 117
4.560000 73 117
4.600000 70 118
4.640000 68 118
4.680000 65 119
4.720000 64 119
4.760000 59 118
4.800000 55 119
4.840000 54 118
4.880000 50 118
4.920000 49 117
4.960000 44 116
5.000000 39 116
5.040000 36 116
5.080000 32 116
5.120000 29 117
5.160000 27 118
5.200000 23 118
5.240000 22 118
5.280000 18 118
5.320000 14 119
5.360000 12 117
5.400000 10 117
5.440000 8 117
5.520000 1 114
5.560000 2 116
