1.800000 312 139
1.840000 309 134
1.920000 301 134
2.200000 281 138
2.240000 277 138
2.280000 273 136
2.320000 270 134
2.360000 266 134
2.400000 262 134
2.440000 260 135
2.480000 257 135
2.520000 253 135
2.560000 249 137
2.800000 231 134
3.280000 189 135
3.320000 184 134
3.360000 182 134
3.400000 178 134
3.440000 173 134
3.480000 168 134
3.520000 164 134
3.560000 160 134
3.840000 147 138
3.880000 147 138
3.920000 143 134
3.960000 138 134
4.000000 136 135
4.040000 132 137
4.080000 127 135
4.120000 122 135
4.240000 108 138
4.320000 106 139
4.400000 90 133
4.440000 86 132
4.480000 82 130
4.520000 79 131
4.720000 62 135
4.840000 63 134
4.880000 60 135
4.920000 58 135
4.960000 55 134
5.000000 51 134
5.040000 49 133
5.080000 44 134
5.120000 40 134
5.160000 38 134
5.400000 13 135
