0.000000 320 118
0.040000 320 118
0.080000 320 118
0.120000 320 118
0.160000 320 118
0.200000 320 118
0.240000 320 118
0.280000 320 118
0.320000 320 118
0.360000 320 118
0.400000 320 118
0.440000 320 118
0.480000 320 118
0.520000 320 118
0.560000 320 118
0.600000 320 118
0.640000 320 118
0.680000 320 118
0.720000 320 118
0.760000 320 118
0.800000 320 118
0.840000 320 118
0.880000 320 118
0.920000 320 118
0.960000 320 118
1.000000 320 118
1.040000 320 118
1.080000 320 118
1.120000 320 118
1.160000 320 118
1.200000 320 118
1.240000 320 118
1.280000 320 118
1.320000 320 118
1.360000 320 118
1.400000 320 118
1.440000 320 118
1.480000 320 118
1.520000 320 118
1.560000 320 118
1.600000 320 118
1.640000 320 118
1.680000 320 118
1.720000 320 118
1.760000 320 118
1.800000 320 118
1.840000 320 118
1.880000 320 118
1.920000 320 118
1.960000 317 116
2.000000 309 117
2.040000 300 117
2.080000 290 118
2.120000 282 119
2.160000 272 118
2.200000 266 119
2.240000 259 120
2.280000 255 121
2.320000 252 120
2.360000 251 120
2.400000 249 118
2.440000 251 117
2.480000 251 116
2.520000 251 114
2.560000 252 113
2.600000 251 113
2.640000 251 113
2.680000 247 113
2.720000 242 113
2.760000 235 114
2.800000 226 113
2.840000 216 113
2.880000 205 115
2.920000 195 114
2.960000 184 113
3.000000 171 115
3.040000 162 115
3.080000 153 118
3.120000 147 119
3.160000 142 119
3.200000 137 119
3.240000 132 119
3.280000 131 117
3.320000 130 115
3.360000 131 114
3.400000 131 113
3.440000 128 116
3.480000 131 113
3.520000 128 113
3.560000 127 112
3.600000 123 113
3.640000 118 113
3.680000 112 112
3.720000 104 112
3.760000 95 113
3.800000 86 113
3.840000 75 112
3.880000 64 113
3.920000 55 113
3.960000 46 115
4.000000 39 118
4.040000 34 118
4.080000 29 119
4.120000 27 119
4.160000 23 119
4.200000 22 118
4.240000 20 117
4.280000 18 115
4.320000 18 113
4.360000 18 112
4.400000 18 112
4.440000 13 113
4.480000 14 113
4.520000 14 113
4.560000 14 113
4.600000 14 113
4.640000 14 113
4.680000 14 113
4.720000 14 113
4.760000 14 113
4.800000 14 113
4.840000 14 113
4.880000 14 113
4.920000 14 113
4.960000 14 113
5.000000 14 113
5.040000 14 113
5.080000 14 113
5.120000 14 113
5.160000 14 113
5.200000 14 113
5.240000 14 113
5.280000 14 113
5.320000 14 113
5.360000 14 113
5.400000 14 113
5.440000 14 113
