0.000000 320 113
0.040000 320 113
0.080000 320 113
0.120000 320 113
0.160000 320 113
0.200000 320 113
0.240000 320 113
0.280000 320 113
0.320000 320 113
0.360000 320 113
0.400000 320 113
0.440000 320 113
0.480000 320 113
0.520000 320 113
0.560000 320 113
0.600000 320 113
0.640000 320 113
0.680000 320 113
0.720000 320 113
0.760000 320 113
0.800000 320 113
0.840000 320 113
0.880000 320 113
0.920000 320 113
0.960000 320 113
1.000000 320 113
1.040000 320 113
1.080000 320 113
1.120000 320 113
1.160000 320 113
1.200000 320 113
1.240000 320 113
1.280000 320 113
1.320000 320 113
1.360000 320 113
1.400000 320 113
1.440000 320 113
1.480000 320 113
1.520000 320 113
1.560000 320 113
1.600000 320 113
1.640000 320 113
1.680000 320 113
1.720000 320 113
1.760000 320 113
1.800000 320 113
1.840000 320 113
1.880000 316 117
1.920000 310 118
1.960000 307 118
2.000000 303 118
2.040000 299 118
2.080000 296 117
2.120000 292 116
2.160000 288 115
2.200000 283 113
2.240000 277 114
2.280000 271 114
2.320000 266 117
2.360000 262 118
2.400000 257 118
2.440000 254 118
2.480000 249 118
2.520000 245 117
2.560000 240 115
2.600000 236 114
2.640000 231 113
2.680000 225 113
2.720000 220 113
2.760000 215 113
2.800000 210 115
2.840000 205 114
2.880000 199 115
2.920000 195 117
2.960000 192 117
3.000000 186 115
3.040000 183 113
3.080000 178 113
3.120000 173 111
3.160000 166 113
3.200000 160 113
3.240000 155 113
3.280000 150 114
3.320000 147 117
3.360000 142 117
3.400000 138 117
3.440000 133 117
3.480000 127 115
3.520000 122 114
3.560000 118 112
3.600000 112 112
3.640000 107 112
3.680000 101 113
3.720000 94 113
3.760000 90 115
3.800000 86 117
3.840000 84 118
3.880000 79 118
3.920000 75 117
3.960000 70 114
4.000000 67 113
4.040000 61 113
4.080000 56 113
4.120000 51 113
4.160000 47 114
4.200000 43 116
4.240000 38 118
4.280000 34 117
4.320000 31 117
4.360000 28 117
4.400000 23 117
4.440000 19 117
4.480000 9 113
4.520000 7 114
4.560000 5 115
4.600000 3 116
4.640000 2 117
4.680000 2 117
4.720000 2 117
4.760000 2 117
4.800000 2 117
4.840000 2 117
4.880000 2 117
4.920000 2 117
4.960000 2 117
5.000000 2 117
5.040000 2 117
5.080000 2 117
5.120000 2 117
5.160000 2 117
5.200000 2 117
5.240000 2 117
5.280000 2 117
5.320000 2 117
5.360000 2 117
5.400000 2 117
5.440000 2 117
