0.000000 305 58
0.040000 305 58
0.080000 305 58
0.120000 305 58
0.160000 305 58
0.200000 305 58
0.240000 305 58
0.280000 305 58
0.320000 305 58
0.360000 305 58
0.400000 305 58
0.440000 305 58
0.480000 305 58
0.520000 305 58
0.560000 305 58
0.600000 305 58
0.640000 305 58
0.680000 305 58
0.720000 305 58
0.760000 305 58
0.800000 305 58
0.840000 305 58
0.880000 305 58
0.920000 305 58
0.960000 305 58
1.000000 305 58
1.040000 305 58
1.080000 305 58
1.120000 305 58
1.160000 305 58
1.200000 305 58
1.240000 305 58
1.280000 305 58
1.320000 305 58
1.360000 305 58
1.400000 305 58
1.440000 305 58
1.480000 305 58
1.520000 305 58
1.560000 305 58
1.600000 305 58
1.640000 305 58
1.680000 305 58
1.720000 305 58
1.760000 305 58
1.800000 305 58
1.840000 305 58
1.880000 305 58
1.920000 305 57
1.960000 314 72
2.000000 301 65
2.040000 291 65
2.080000 277 61
2.120000 263 58
2.160000 258 58
2.200000 257 56
2.240000 255 55
2.280000 255 56
2.320000 255 55
2.360000 256 56
2.400000 255 56
2.440000 255 57
2.480000 257 57
2.520000 257 57
2.560000 257 56
2.600000 257 56
2.640000 257 59
2.680000 256 60
2.720000 251 63
2.760000 246 69
2.800000 236 70
2.840000 225 71
2.880000 215 67
2.920000 200 61
2.960000 186 61
3.000000 171 57
3.040000 158 56
3.080000 148 56
3.120000 147 56
3.160000 144 52
3.200000 144 54
3.240000 144 54
3.280000 144 53
3.320000 144 54
3.360000 144 54
3.400000 146 56
3.440000 145 55
3.480000 145 54
3.520000 145 55
3.560000 144 56
3.600000 144 56
3.640000 142 61
3.680000 136 66
3.720000 127 70
3.760000 116 71
3.800000 106 67
3.840000 94 66
3.880000 77 61
3.920000 65 58
3.960000 55 58
4.000000 44 59
4.040000 40 58
4.080000 39 56
4.120000 39 56
4.160000 38 56
4.200000 39 56
4.240000 38 56
4.280000 38 58
4.320000 40 57
4.360000 38 58
4.400000 38 57
4.440000 38 57
4.480000 38 59
4.520000 37 61
4.560000 36 62
4.600000 35 64
4.640000 34 65
4.680000 34 65
4.720000 34 65
4.760000 34 65
4.800000 34 65
4.840000 34 65
4.880000 34 65
4.920000 34 65
4.960000 34 65
5.000000 34 65
5.040000 34 65
5.080000 34 65
5.120000 34 65
5.160000 34 65
5.200000 34 65
5.240000 34 65
5.280000 34 65
5.320000 34 65
5.360000 34 65
5.400000 34 65
5.440000 34 65
