1.720000 305 126
1.760000 320 122
1.800000 320 120
1.840000 320 111
1.880000 314 112
1.920000 309 112
1.960000 304 113
2.000000 297 112
2.040000 288 112
2.080000 283 113
2.120000 273 113
2.160000 267 114
2.200000 257 114
2.240000 251 115
2.280000 243 116
2.320000 238 117
2.360000 233 115
2.400000 231 115
2.440000 228 114
2.480000 227 113
2.520000 226 114
2.560000 225 115
2.600000 223 113
2.640000 221 113
2.680000 220 113
2.720000 217 113
2.760000 214 111
2.800000 210 111
2.840000 205 109
2.880000 198 108
2.920000 190 108
2.960000 183 109
3.000000 175 112
3.040000 165 112
3.080000 158 113
3.120000 149 113
3.160000 141 113
3.200000 132 114
3.240000 125 113
3.280000 118 113
3.320000 115 113
3.360000 111 113
3.400000 109 113
3.440000 107 113
3.480000 106 112
3.520000 104 113
3.560000 101 113
3.600000 101 113
3.640000 98 113
3.680000 95 112
3.720000 91 109
3.760000 86 108
3.800000 81 108
3.840000 75 108
3.880000 66 106
3.920000 60 108
3.960000 53 113
4.000000 44 109
4.040000 38 113
4.080000 31 113
4.120000 24 113
4.160000 18 114
4.200000 14 115
4.240000 10 115
4.280000 7 114
4.360000 2 113
4.400000 2 115
4.440000 2 115
4.480000 2 117
