1.680000 315 122
1.720000 314 119
1.760000 309 119
1.800000 304 119
1.840000 301 118
1.880000 297 117
1.920000 292 118
1.960000 288 119
2.000000 283 119
2.040000 279 118
2.080000 274 118
2.120000 271 119
2.160000 267 117
2.200000 263 117
2.240000 259 117
2.280000 256 115
2.320000 251 115
2.360000 246 114
2.400000 241 115
2.440000 236 115
2.480000 230 115
2.520000 227 117
2.560000 221 117
2.600000 218 117
2.640000 215 117
2.680000 210 119
2.720000 206 118
2.760000 201 117
2.800000 196 115
2.840000 190 113
2.880000 184 115
2.920000 179 115
2.960000 173 114
3.000000 168 115
3.040000 164 115
3.080000 161 114
3.120000 157 114
3.160000 153 114
3.200000 148 115
3.240000 145 115
3.280000 142 115
3.320000 136 115
3.360000 129 116
3.400000 122 115
3.440000 118 116
3.480000 116 117
3.520000 111 118
3.560000 106 118
3.600000 101 117
3.640000 97 116
3.680000 92 114
3.720000 87 115
3.760000 82 114
3.800000 77 113
3.840000 71 114
3.880000 66 113
3.920000 60 115
3.960000 58 117
4.000000 55 118
4.040000 52 118
4.080000 47 118
4.120000 44 117
4.160000 39 117
4.200000 34 117
4.240000 31 115
4.280000 27 115
4.320000 23 116
4.360000 18 117
4.400000 14 117
4.440000 12 118
4.480000 8 118
4.520000 5 117
4.560000 2 117
