0.000000 282 60
0.040000 282 60
0.080000 282 60
0.120000 282 60
0.160000 282 60
0.200000 282 60
0.240000 282 60
0.280000 282 60
0.320000 282 60
0.360000 282 60
0.400000 282 60
0.440000 282 60
0.480000 282 60
0.520000 282 60
0.560000 282 60
0.600000 282 60
0.640000 282 60
0.680000 282 60
0.720000 282 60
0.760000 282 60
0.800000 282 60
0.840000 282 60
0.880000 282 60
0.920000 282 60
0.960000 282 60
1.000000 282 60
1.040000 282 60
1.080000 282 60
1.120000 282 60
1.160000 282 60
1.200000 282 60
1.240000 282 60
1.280000 282 60
1.320000 282 60
1.360000 282 60
1.400000 282 60
1.440000 282 60
1.480000 282 60
1.520000 282 60
1.560000 279 58
1.600000 279 58
1.640000 279 58
1.680000 279 58
1.720000 279 58
1.760000 280 57
1.800000 283 57
1.840000 281 56
1.880000 268 56
1.920000 253 56
1.960000 241 59
2.000000 234 61
2.040000 231 58
2.080000 230 54
2.120000 229 54
2.160000 229 53
2.200000 229 53
2.240000 229 52
2.280000 230 52
2.320000 230 52
2.360000 229 52
2.400000 229 52
2.440000 230 52
2.480000 230 52
2.520000 229 52
2.560000 228 51
2.600000 229 51
2.640000 229 54
2.680000 220 56
2.720000 210 56
2.760000 195 54
2.800000 182 56
2.840000 169 52
2.880000 152 51
2.920000 138 53
2.960000 127 57
3.000000 121 60
3.040000 120 55
3.080000 118 53
3.120000 118 52
3.160000 118 52
3.200000 119 52
3.240000 118 52
3.280000 119 52
3.320000 118 52
3.360000 118 51
3.400000 118 51
3.440000 118 51
3.480000 117 50
3.520000 117 50
3.560000 117 50
3.600000 117 51
3.640000 116 54
3.680000 106 55
3.720000 95 55
3.760000 77 55
3.800000 68 52
3.840000 56 51
3.880000 43 52
3.920000 29 56
3.960000 21 61
4.000000 18 61
4.040000 17 56
4.080000 17 55
4.120000 17 55
4.160000 17 55
4.200000 17 54
4.240000 16 55
4.280000 16 54
4.320000 16 55
4.360000 15 54
4.400000 14 54
4.440000 14 54
4.480000 14 54
4.520000 16 52
4.560000 16 52
4.600000 16 52
4.640000 16 52
4.680000 16 52
4.720000 16 52
4.760000 16 52
4.800000 16 52
4.840000 16 52
4.880000 16 52
4.920000 16 52
4.960000 16 52
5.000000 16 52
5.040000 16 52
5.080000 16 52
5.120000 16 52
