0.000000 310 169
0.040000 310 169
0.080000 310 169
0.120000 310 169
0.160000 310 169
0.200000 310 169
0.240000 310 169
0.280000 310 169
0.320000 310 169
0.360000 310 169
0.400000 310 169
0.440000 310 169
0.480000 310 169
0.520000 310 169
0.560000 310 169
0.600000 310 169
0.640000 310 169
0.680000 310 169
0.720000 310 169
0.760000 310 169
0.800000 310 169
0.840000 310 169
0.880000 310 169
0.920000 310 169
0.960000 310 169
1.000000 310 169
1.040000 310 169
1.080000 310 169
1.120000 310 169
1.160000 310 169
1.200000 310 169
1.240000 310 169
1.280000 310 169
1.320000 310 169
1.360000 310 169
1.400000 310 169
1.440000 310 169
1.480000 310 169
1.520000 310 169
1.560000 310 169
1.600000 305 170
1.640000 301 171
1.680000 298 174
1.720000 293 174
1.760000 289 174
1.800000 287 175
1.840000 283 174
1.880000 278 174
1.920000 273 174
1.960000 271 174
2.000000 267 172
2.040000 262 171
2.080000 257 172
2.120000 253 174
2.160000 249 175
2.200000 244 175
2.240000 240 175
2.280000 236 175
2.320000 231 176
2.360000 226 176
2.400000 221 175
2.440000 218 174
2.480000 214 174
2.520000 209 173
2.560000 204 173
2.600000 199 174
2.640000 194 174
2.680000 189 175
2.720000 184 176
2.760000 179 176
2.800000 175 176
2.840000 171 176
2.880000 166 175
2.920000 162 175
2.960000 157 173
3.000000 153 172
3.040000 147 172
3.080000 142 172
3.120000 137 172
3.160000 132 174
3.200000 127 174
3.240000 123 174
3.280000 119 175
3.320000 114 174
3.360000 110 174
3.400000 106 172
3.440000 101 171
3.480000 96 171
3.520000 91 170
3.560000 87 170
3.600000 82 171
3.640000 79 172
3.680000 75 172
3.720000 70 172
3.760000 65 173
3.800000 61 172
3.840000 58 172
3.880000 54 171
3.920000 49 171
3.960000 44 170
4.000000 40 169
4.040000 36 169
4.080000 31 169
4.120000 27 169
4.160000 23 170
4.200000 18 169
4.240000 16 169
4.280000 12 170
4.320000 8 170
4.360000 6 168
4.400000 2 167
4.440000 2 167
4.480000 2 166
4.520000 2 166
4.560000 2 165
4.600000 2 164
4.640000 2 164
4.680000 2 164
4.720000 2 164
4.760000 2 164
4.800000 2 164
4.840000 2 164
4.880000 2 164
4.920000 2 164
4.960000 2 164
5.000000 2 164
5.040000 2 164
5.080000 2 164
5.120000 2 164
