0.000000 283 63
0.040000 283 63
0.080000 283 63
0.120000 283 63
0.160000 283 63
0.200000 283 63
0.240000 283 63
0.280000 283 63
0.320000 283 63
0.360000 283 63
0.400000 283 63
0.440000 283 63
0.480000 283 63
0.520000 283 63
0.560000 283 63
0.600000 283 63
0.640000 283 63
0.680000 283 63
0.720000 283 63
0.760000 283 63
0.800000 283 63
0.840000 283 63
0.880000 283 63
0.920000 283 63
0.960000 283 63
1.000000 283 63
1.040000 283 63
1.080000 283 63
1.120000 283 63
1.160000 283 63
1.200000 283 63
1.240000 283 63
1.280000 283 63
1.320000 283 63
1.360000 283 63
1.400000 283 63
1.440000 283 63
1.480000 283 63
1.520000 283 63
1.560000 281 59
1.600000 281 58
1.640000 281 57
1.680000 280 57
1.720000 314 62
1.760000 305 60
1.800000 281 57
1.840000 282 56
1.880000 284 58
1.920000 278 56
1.960000 279 56
2.000000 278 56
2.040000 279 56
2.080000 279 56
2.120000 279 56
2.160000 277 56
2.200000 268 59
2.240000 257 57
2.280000 247 61
2.320000 231 56
2.360000 219 55
2.400000 202 55
2.440000 188 58
2.480000 180 61
2.520000 177 60
2.560000 175 56
2.600000 173 52
2.640000 173 52
2.680000 173 52
2.720000 173 53
2.760000 173 54
2.800000 174 53
2.840000 178 52
2.880000 175 54
2.920000 174 54
2.960000 174 54
3.000000 173 52
3.040000 173 53
3.080000 173 53
3.120000 173 52
3.160000 168 55
3.200000 158 56
3.240000 145 56
3.280000 136 59
3.320000 117 55
3.360000 105 53
3.400000 89 56
3.440000 77 61
3.480000 70 65
3.520000 68 60
3.560000 67 55
3.600000 66 53
3.640000 65 52
3.680000 64 52
3.720000 64 53
3.760000 66 53
3.800000 66 54
3.840000 70 55
3.880000 66 54
3.920000 66 54
3.960000 65 54
4.000000 64 53
4.040000 65 54
4.080000 65 56
4.120000 65 54
4.160000 59 56
4.200000 49 56
4.240000 37 59
4.280000 17 56
4.320000 14 59
4.360000 2 56
4.400000 5 56
4.440000 9 56
4.480000 12 56
4.520000 16 56
4.560000 16 56
4.600000 16 56
4.640000 16 56
4.680000 16 56
4.720000 16 56
4.760000 16 56
4.800000 16 56
4.840000 16 56
4.880000 16 56
4.920000 16 56
4.960000 16 56
5.000000 16 56
5.040000 16 56
5.080000 16 56
5.120000 16 56
