1.920000 314 57
1.960000 320 59
2.040000 315 59
2.080000 314 60
2.120000 314 60
2.160000 312 59
2.200000 305 60
2.240000 294 59
2.280000 281 57
2.320000 262 58
2.360000 253 58
2.400000 238 56
2.440000 225 59
2.480000 215 63
2.520000 210 61
2.560000 207 57
2.600000 206 56
2.640000 205 56
2.680000 205 56
2.720000 205 56
2.760000 205 55
2.800000 205 55
2.840000 204 55
2.880000 205 55
2.920000 205 54
2.960000 205 54
3.000000 205 54
3.040000 205 54
3.080000 204 54
3.120000 199 56
3.160000 190 56
3.200000 177 56
3.240000 159 54
3.280000 143 54
3.320000 128 55
3.360000 112 56
3.400000 97 58
3.440000 89 62
3.480000 86 61
3.520000 85 56
3.560000 84 54
3.600000 84 54
3.640000 126 57
3.680000 84 53
3.720000 84 54
3.760000 84 55
3.800000 84 54
3.840000 84 53
3.880000 84 52
3.920000 84 52
3.960000 84 52
4.000000 84 52
4.040000 82 52
4.080000 76 55
4.120000 65 56
4.160000 51 54
4.200000 29 55
4.240000 23 55
4.280000 11 56
4.320000 5 58
4.360000 2 57
4.400000 32 56
4.440000 31 56
4.520000 31 56
4.560000 25 57
