1.920000 320 138
2.000000 309 137
2.040000 305 134
2.080000 302 132
2.120000 298 131
2.160000 294 133
2.200000 288 133
2.240000 283 135
2.280000 279 135
2.320000 274 139
2.360000 271 136
2.400000 271 137
2.440000 268 135
2.480000 263 134
2.520000 259 134
2.560000 255 135
2.600000 249 135
2.640000 242 135
2.680000 237 134
2.720000 231 134
2.760000 224 136
2.800000 218 138
2.840000 210 137
2.880000 205 134
2.920000 198 134
2.960000 190 130
3.000000 184 133
3.040000 179 133
3.080000 173 133
3.120000 167 132
3.160000 164 133
3.200000 158 132
3.240000 153 133
3.280000 148 136
3.320000 145 136
3.360000 140 135
3.400000 138 134
3.440000 134 134
3.480000 129 133
3.520000 122 133
3.560000 117 133
3.600000 112 133
3.640000 106 133
3.680000 101 134
3.720000 96 135
3.760000 90 135
3.800000 81 134
3.840000 74 131
3.880000 69 133
3.920000 64 133
3.960000 55 130
4.000000 49 130
4.040000 64 133
4.080000 42 130
4.120000 51 133
4.160000 34 130
4.200000 32 130
4.240000 29 130
4.280000 25 133
4.320000 23 133
4.360000 19 132
4.400000 18 130
4.440000 12 130
4.480000 6 134
