1.920000 320 123
2.000000 303 121
2.040000 294 122
2.080000 288 123
2.120000 284 123
2.160000 281 123
2.200000 277 123
2.240000 273 122
2.280000 273 119
2.320000 270 122
2.360000 267 121
2.400000 270 119
2.440000 268 118
2.480000 268 117
2.520000 267 117
2.560000 262 118
2.600000 258 118
2.640000 253 119
2.680000 246 118
2.720000 240 117
2.760000 229 118
2.800000 220 119
2.840000 210 118
2.880000 200 118
2.920000 189 119
2.960000 177 118
3.000000 168 119
3.040000 161 121
3.080000 155 122
3.120000 151 122
3.160000 147 121
3.200000 143 119
3.240000 142 119
3.280000 142 119
3.320000 142 119
3.360000 138 118
3.400000 138 116
3.440000 137 116
3.480000 136 117
3.520000 132 117
3.560000 127 117
3.600000 121 118
3.640000 114 118
3.680000 106 117
3.720000 97 118
3.760000 86 117
3.800000 76 117
3.840000 65 115
3.880000 58 117
3.920000 49 118
3.960000 40 118
4.000000 34 119
4.040000 70 118
4.080000 28 119
4.120000 58 118
4.160000 23 118
4.200000 23 117
4.240000 23 117
4.280000 23 118
4.320000 19 117
4.360000 18 114
4.400000 18 113
4.440000 17 114
4.480000 12 117
