3.800000 134 55
3.840000 134 53
3.880000 132 51
3.920000 132 51
3.960000 131 51
4.000000 130 50
4.040000 132 50
4.080000 130 50
4.120000 126 50
4.160000 122 52
4.200000 112 54
4.240000 116 53
4.280000 112 54
4.320000 122 51
4.360000 123 50
4.400000 125 50
4.440000 120 51
4.480000 109 52
4.520000 95 52
4.560000 82 51
4.600000 70 51
4.640000 53 54
4.680000 43 56
4.720000 35 57
4.760000 34 56
4.800000 34 56
4.840000 33 53
4.880000 33 52
4.920000 34 52
4.960000 33 51
5.000000 35 51
5.040000 32 50
5.080000 33 50
