3.800000 149 119
3.840000 147 119
3.880000 144 117
3.920000 141 117
3.960000 138 117
4.000000 135 116
4.040000 133 116
4.080000 128 117
4.120000 121 119
4.160000 116 120
4.200000 111 121
4.240000 107 121
4.280000 103 121
4.320000 100 120
4.360000 94 120
4.400000 91 120
4.440000 87 118
4.480000 83 118
4.520000 80 118
4.560000 76 118
4.600000 72 118
4.640000 65 119
4.680000 60 120
4.720000 55 121
4.760000 51 120
4.800000 48 119
4.840000 44 116
4.880000 42 115
4.920000 42 115
4.960000 41 115
5.000000 41 115
5.040000 40 114
5.080000 40 114
