0.000000 309 139
0.040000 309 139
0.080000 309 139
0.120000 309 139
0.160000 309 139
0.200000 309 139
0.240000 309 139
0.280000 309 139
0.320000 309 139
0.360000 309 139
0.400000 309 139
0.440000 309 139
0.480000 309 139
0.520000 309 139
0.560000 309 139
0.600000 309 139
0.640000 309 139
0.680000 309 139
0.720000 309 139
0.760000 309 139
0.800000 309 139
0.840000 309 139
0.880000 309 139
0.920000 309 139
0.960000 309 139
1.000000 309 139
1.040000 309 139
1.080000 309 139
1.120000 309 139
1.160000 309 139
1.200000 309 139
1.240000 309 139
1.280000 309 139
1.320000 309 139
1.360000 309 139
1.400000 309 139
1.440000 305 139
1.480000 314 141
1.520000 310 141
1.560000 308 140
1.600000 283 138
1.640000 299 139
1.680000 293 139
1.720000 287 139
1.760000 278 139
1.800000 271 138
1.840000 265 137
1.880000 259 136
1.920000 251 135
1.960000 243 134
2.000000 237 134
2.040000 231 135
2.080000 227 135
2.120000 226 137
2.160000 225 136
2.200000 210 139
2.240000 220 135
2.280000 216 137
2.320000 215 138
2.360000 210 139
2.400000 207 137
2.440000 203 137
2.480000 197 138
2.520000 191 135
2.560000 184 136
2.600000 179 134
2.640000 168 135
2.680000 152 134
2.720000 150 134
2.760000 143 133
2.800000 136 133
2.840000 128 134
2.880000 121 134
2.920000 116 134
2.960000 111 134
3.000000 107 134
3.040000 105 134
3.080000 105 137
3.120000 101 134
3.160000 97 137
3.200000 95 135
3.240000 90 135
3.280000 90 134
3.320000 86 134
3.360000 82 134
3.400000 76 133
3.440000 68 133
3.480000 64 132
3.520000 54 133
3.560000 51 133
3.600000 43 134
3.640000 37 133
3.680000 28 130
3.720000 23 133
3.760000 18 132
3.800000 12 134
3.840000 8 135
3.880000 6 135
3.920000 2 135
3.960000 2 135
4.000000 2 135
4.040000 2 135
4.080000 2 135
4.120000 2 135
4.160000 2 135
4.200000 2 135
4.240000 2 135
4.280000 2 135
4.320000 2 135
4.360000 2 135
