0.000000 308 121
0.040000 308 121
0.080000 308 121
0.120000 308 121
0.160000 308 121
0.200000 308 121
0.240000 308 121
0.280000 308 121
0.320000 308 121
0.360000 308 121
0.400000 308 121
0.440000 308 121
0.480000 308 121
0.520000 308 121
0.560000 308 121
0.600000 308 121
0.640000 308 121
0.680000 308 121
0.720000 308 121
0.760000 308 121
0.800000 308 121
0.840000 308 121
0.880000 308 121
0.920000 308 121
0.960000 308 121
1.000000 308 121
1.040000 308 121
1.080000 308 121
1.120000 308 121
1.160000 308 121
1.200000 308 121
1.240000 308 121
1.280000 308 121
1.320000 308 121
1.360000 308 121
1.400000 308 121
1.440000 304 124
1.480000 299 124
1.520000 294 122
1.560000 291 122
1.600000 286 123
1.640000 283 121
1.680000 277 122
1.720000 272 124
1.760000 268 124
1.800000 264 123
1.840000 262 124
1.880000 257 122
1.920000 252 121
1.960000 247 119
2.000000 242 119
2.040000 236 120
2.080000 231 121
2.120000 225 121
2.160000 221 123
2.200000 216 123
2.240000 210 122
2.280000 208 123
2.320000 204 123
2.360000 199 121
2.400000 194 119
2.440000 188 117
2.480000 182 118
2.520000 176 119
2.560000 170 119
2.600000 166 119
2.640000 162 120
2.680000 157 121
2.720000 153 122
2.760000 147 118
2.800000 144 119
2.840000 138 119
2.880000 132 119
2.920000 126 118
2.960000 121 119
3.000000 116 119
3.040000 110 119
3.080000 106 120
3.120000 101 119
3.160000 97 123
3.200000 91 119
3.240000 89 119
3.280000 84 121
3.320000 78 118
3.360000 72 117
3.400000 68 113
3.440000 62 115
3.480000 56 118
3.520000 51 119
3.560000 45 119
3.600000 44 121
3.640000 40 119
3.680000 38 118
3.720000 33 119
3.760000 29 118
3.800000 25 118
3.840000 20 119
3.880000 16 119
3.920000 12 119
3.960000 7 119
4.000000 2 121
4.040000 2 121
4.080000 2 121
4.120000 2 121
4.160000 2 121
4.200000 2 121
4.240000 2 121
4.280000 2 121
4.320000 2 121
4.360000 2 121
