0.000000 299 135
0.040000 299 135
0.080000 299 135
0.120000 299 135
0.160000 299 135
0.200000 299 135
0.240000 299 135
0.280000 299 135
0.320000 299 135
0.360000 299 135
0.400000 299 135
0.440000 299 135
0.480000 299 135
0.520000 299 135
0.560000 299 135
0.600000 299 135
0.640000 299 135
0.680000 299 135
0.720000 299 135
0.760000 299 135
0.800000 299 135
0.840000 299 135
0.880000 299 135
0.920000 299 135
0.960000 299 135
1.000000 299 135
1.040000 299 135
1.080000 299 135
1.120000 299 135
1.160000 299 135
1.200000 299 135
1.240000 299 135
1.280000 299 135
1.320000 299 135
1.360000 299 135
1.400000 299 135
1.440000 293 138
1.480000 287 139
1.520000 281 139
1.560000 278 139
1.600000 274 139
1.640000 272 137
1.680000 268 137
1.720000 267 137
1.760000 258 140
1.800000 256 139
1.840000 254 138
1.880000 252 137
1.920000 244 139
1.960000 238 139
2.000000 231 139
2.040000 226 139
2.080000 221 139
2.120000 216 140
2.160000 214 139
2.200000 210 139
2.240000 205 137
2.280000 199 137
2.320000 192 138
2.360000 184 139
2.400000 178 139
2.440000 173 139
2.480000 168 139
2.520000 163 139
2.560000 161 137
2.600000 157 135
2.640000 153 135
2.680000 149 134
2.720000 143 134
2.760000 138 133
2.800000 149 139
2.840000 144 139
2.880000 139 140
2.920000 136 139
2.960000 129 140
3.000000 123 140
3.040000 118 139
3.080000 112 138
3.120000 101 135
3.160000 96 139
3.200000 91 139
3.240000 81 133
3.280000 75 134
3.320000 69 133
3.360000 62 133
3.400000 57 133
3.440000 70 133
3.480000 51 134
3.520000 58 132
3.560000 40 134
3.600000 39 139
3.640000 34 133
3.680000 44 135
3.720000 43 135
3.760000 39 136
3.800000 34 138
3.840000 29 138
3.880000 27 138
3.920000 22 138
3.960000 18 137
4.000000 18 137
4.040000 18 137
4.080000 18 137
4.120000 18 137
4.160000 18 137
4.200000 18 137
4.240000 18 137
4.280000 18 137
4.320000 18 137
4.360000 18 137
