1.240000 292 64
1.280000 292 64
1.320000 292 63
1.360000 292 64
1.400000 292 65
1.440000 291 63
1.480000 292 63
1.520000 292 63
1.560000 292 62
1.600000 291 61
1.640000 288 63
1.680000 278 64
1.720000 268 63
1.760000 257 62
1.800000 242 61
1.840000 228 60
1.880000 214 61
1.920000 203 66
1.960000 196 67
2.000000 192 67
2.040000 189 62
2.080000 188 59
2.120000 187 58
2.160000 188 58
2.200000 188 58
2.240000 187 57
2.280000 188 57
2.320000 188 59
2.360000 186 58
2.400000 188 58
2.440000 188 57
2.480000 188 56
2.520000 188 56
2.560000 184 60
2.600000 173 61
2.640000 158 59
2.680000 144 58
2.720000 129 58
2.760000 114 59
2.800000 101 61
2.840000 87 67
2.880000 84 67
2.920000 81 67
2.960000 79 63
3.000000 77 61
3.040000 76 61
3.080000 76 61
3.120000 75 61
3.160000 76 60
3.200000 75 59
3.240000 75 60
3.280000 75 59
3.320000 75 58
3.360000 76 58
3.400000 75 57
3.440000 75 56
3.480000 70 61
3.520000 60 61
3.560000 49 61
3.600000 36 62
3.640000 25 61
3.680000 13 61
3.720000 6 65
3.760000 2 65
3.840000 2 61
