1.240000 320 139
1.280000 312 139
1.320000 309 139
1.360000 299 141
1.400000 297 141
1.440000 291 139
1.480000 288 138
1.520000 279 139
1.560000 273 139
1.600000 273 137
1.640000 266 139
1.680000 261 139
1.720000 257 141
1.760000 252 142
1.800000 251 139
1.840000 246 139
1.880000 241 139
1.920000 236 138
1.960000 231 138
2.000000 227 135
2.040000 223 135
2.080000 218 135
2.120000 215 137
2.160000 210 139
2.200000 205 139
2.240000 203 139
2.280000 196 139
2.320000 190 139
2.360000 186 138
2.400000 183 137
2.440000 176 135
2.480000 171 135
2.520000 167 135
2.560000 160 137
2.600000 154 138
2.640000 150 138
2.680000 145 139
2.720000 142 139
2.760000 137 139
2.800000 132 139
2.840000 127 138
2.880000 122 135
2.920000 116 134
2.960000 112 134
3.000000 106 134
3.040000 101 135
3.080000 96 137
3.120000 90 139
3.160000 84 138
3.200000 80 139
3.240000 75 138
3.280000 70 137
3.320000 65 134
3.360000 60 134
3.400000 55 134
3.440000 51 134
3.480000 48 135
3.520000 42 135
3.560000 38 137
3.600000 34 137
3.640000 29 136
3.680000 27 136
3.720000 23 137
3.760000 18 135
3.800000 14 134
3.840000 4 132
