1.200000 309 125
1.240000 305 127
1.280000 302 132
1.320000 296 138
1.360000 288 144
1.400000 284 149
1.440000 279 154
1.480000 276 154
1.640000 260 151
1.680000 257 151
1.720000 251 152
1.760000 247 123
1.800000 242 124
1.840000 236 124
1.880000 234 154
1.920000 224 123
1.960000 219 123
2.000000 215 122
2.040000 210 122
2.080000 207 120
2.120000 205 138
2.160000 200 133
2.200000 196 128
2.240000 191 124
2.280000 187 125
2.400000 189 119
2.440000 184 118
2.480000 179 118
2.520000 173 118
2.880000 116 118
2.920000 110 118
3.120000 83 121
3.160000 78 122
3.200000 73 122
3.240000 67 121
3.280000 63 123
3.320000 58 122
3.360000 55 122
3.400000 64 117
3.440000 59 117
3.480000 40 122
3.520000 49 118
3.560000 32 123
3.600000 28 124
3.720000 15 123
3.760000 13 124
