2.320000 320 61
2.400000 283 57
2.440000 282 56
2.480000 282 56
2.520000 282 56
2.560000 282 56
2.600000 283 56
2.640000 283 56
2.680000 283 60
2.720000 274 61
2.760000 283 57
2.800000 247 57
2.840000 283 59
2.880000 283 57
2.920000 283 60
2.960000 282 61
3.000000 271 70
3.040000 263 69
3.080000 253 67
3.120000 242 62
3.160000 230 56
3.200000 215 56
3.240000 201 54
3.280000 191 53
3.320000 187 52
3.360000 186 51
3.400000 186 51
3.440000 186 51
3.480000 186 51
3.520000 186 51
3.560000 188 54
3.600000 184 55
3.640000 169 58
3.680000 157 56
3.720000 187 52
3.760000 187 53
3.800000 186 55
3.840000 185 56
3.880000 182 61
3.920000 134 52
3.960000 169 66
4.000000 158 66
4.040000 146 66
4.080000 136 56
4.120000 121 56
4.160000 107 54
4.200000 95 54
4.240000 86 54
4.280000 85 53
4.320000 85 52
4.360000 84 52
4.400000 85 51
4.440000 117 67
4.480000 107 67
4.520000 85 55
4.560000 86 54
4.600000 70 57
4.640000 59 57
4.680000 49 56
4.720000 44 56
4.760000 85 55
4.800000 39 56
4.840000 81 60
4.880000 75 65
4.920000 70 66
4.960000 61 66
5.000000 51 67
5.040000 41 59
5.080000 40 56
5.120000 19 56
5.160000 10 56
5.200000 2 56
5.240000 2 55
5.280000 2 56
5.360000 34 66
5.400000 27 69
