2.320000 320 88
2.400000 298 91
2.440000 293 90
2.480000 288 90
2.520000 284 90
2.560000 283 91
2.600000 282 89
2.640000 281 88
2.680000 281 93
2.720000 262 95
2.760000 278 88
2.800000 255 92
2.840000 274 87
2.880000 272 87
2.920000 267 87
2.960000 262 87
3.000000 245 87
3.040000 234 87
3.080000 229 89
3.120000 222 91
3.160000 216 91
3.200000 210 92
3.240000 205 91
3.280000 202 89
3.320000 197 87
3.360000 194 87
3.400000 188 87
3.440000 184 87
3.480000 184 87
3.520000 182 87
3.560000 177 88
3.600000 166 92
3.640000 159 92
3.680000 156 92
3.720000 175 86
3.760000 173 85
3.800000 169 86
3.840000 163 84
3.880000 155 83
3.920000 133 87
3.960000 136 87
4.000000 130 87
4.040000 122 89
4.080000 116 89
4.120000 110 91
4.160000 105 89
4.200000 101 87
4.240000 97 87
4.280000 92 87
4.320000 87 87
4.360000 84 87
4.400000 81 87
4.440000 85 87
4.480000 80 87
4.520000 75 88
4.560000 72 89
4.600000 62 91
4.640000 59 92
4.680000 55 91
4.720000 49 88
4.760000 66 86
4.800000 43 87
4.840000 55 85
4.880000 48 85
4.920000 38 87
4.960000 34 87
5.000000 28 88
5.040000 22 88
5.080000 32 87
5.120000 12 90
5.160000 8 89
5.200000 7 87
5.240000 2 86
5.280000 2 87
5.360000 8 87
5.400000 2 88
