2.320000 299 119
2.360000 294 120
2.400000 288 119
2.440000 283 118
2.480000 280 118
2.520000 278 118
2.560000 277 118
2.600000 277 119
2.640000 274 121
2.680000 273 123
2.840000 257 122
2.960000 242 123
3.000000 232 118
3.120000 225 119
3.160000 219 122
3.200000 210 119
3.240000 201 118
3.280000 195 118
3.320000 190 118
3.360000 184 118
3.400000 183 118
3.440000 181 118
3.480000 180 119
3.520000 179 119
3.680000 160 119
3.720000 179 118
3.760000 179 118
3.800000 174 118
3.840000 170 117
3.880000 164 117
3.920000 158 117
3.960000 149 117
4.120000 116 119
4.160000 107 119
4.200000 101 120
4.240000 94 120
4.280000 87 119
4.320000 84 119
4.360000 81 119
4.400000 81 119
4.440000 81 119
4.640000 81 118
4.680000 80 117
4.720000 79 115
4.760000 75 115
4.800000 71 115
4.840000 65 116
4.880000 60 116
4.920000 54 115
4.960000 47 117
5.160000 13 120
5.200000 8 119
5.320000 14 113
