0.000000 303 123
0.040000 303 123
0.080000 303 123
0.120000 303 123
0.160000 303 123
0.200000 303 123
0.240000 303 123
0.280000 303 123
0.320000 303 123
0.360000 303 123
0.400000 303 123
0.440000 303 123
0.480000 303 123
0.520000 303 123
0.560000 303 123
0.600000 303 123
0.640000 303 123
0.680000 303 123
0.720000 303 123
0.760000 303 123
0.800000 303 123
0.840000 303 123
0.880000 303 123
0.920000 303 123
0.960000 303 123
1.000000 303 123
1.040000 303 123
1.080000 303 123
1.120000 299 123
1.160000 296 123
1.200000 293 123
1.240000 286 123
1.280000 283 123
1.320000 279 123
1.360000 276 123
1.400000 274 122
1.440000 272 121
1.480000 270 120
1.520000 262 123
1.560000 253 123
1.600000 246 124
1.640000 240 126
1.680000 233 125
1.720000 227 124
1.760000 223 124
1.800000 220 123
1.840000 216 122
1.880000 215 121
1.920000 212 120
1.960000 208 121
2.000000 205 121
2.040000 202 121
2.080000 198 122
2.120000 195 122
2.160000 184 120
2.200000 188 120
2.240000 192 120
2.280000 196 120
2.320000 195 118
2.360000 183 118
2.400000 176 119
2.440000 169 119
2.480000 163 119
2.520000 156 119
2.560000 149 119
2.600000 143 119
2.640000 136 119
2.680000 121 123
2.720000 112 123
2.760000 107 124
2.800000 102 125
2.840000 97 124
2.880000 92 123
2.920000 88 119
2.960000 85 120
3.000000 82 121
3.040000 79 122
3.080000 76 123
3.120000 73 124
3.160000 67 126
3.200000 70 125
3.240000 74 123
3.280000 77 121
3.320000 80 118
3.360000 75 117
3.400000 70 117
3.440000 65 117
3.480000 60 115
3.520000 54 114
3.560000 48 114
3.600000 48 114
3.640000 48 114
3.680000 48 114
3.720000 48 114
3.760000 48 114
3.800000 48 114
3.840000 48 114
3.880000 48 114
3.920000 48 114
3.960000 48 114
4.000000 48 114
4.040000 48 114
4.080000 48 114
4.120000 48 114
4.160000 48 114
4.200000 48 114
4.240000 48 114
4.280000 48 114
4.320000 48 114
4.360000 48 114
4.400000 48 114
