0.000000 312 170
0.040000 312 170
0.080000 312 170
0.120000 312 170
0.160000 312 170
0.200000 312 170
0.240000 312 170
0.280000 312 170
0.320000 307 170
0.360000 304 171
0.400000 300 171
0.440000 297 172
0.480000 293 172
0.520000 288 171
0.560000 284 171
0.600000 282 171
0.640000 277 171
0.680000 273 171
0.720000 269 172
0.760000 266 173
0.800000 261 174
0.840000 257 174
0.880000 252 174
0.920000 248 174
0.960000 244 172
1.000000 240 172
1.040000 236 171
1.080000 231 171
1.120000 227 172
1.160000 222 172
1.200000 218 174
1.240000 214 174
1.280000 210 174
1.320000 205 174
1.360000 201 174
1.400000 196 172
1.440000 192 171
1.480000 187 171
1.520000 183 171
1.560000 179 172
1.600000 174 172
1.640000 169 173
1.680000 165 174
1.720000 160 174
1.760000 156 174
1.800000 152 173
1.840000 147 172
1.880000 142 171
1.920000 138 171
1.960000 133 171
2.000000 129 172
2.040000 125 173
2.080000 120 173
2.120000 116 174
2.160000 111 174
2.200000 107 174
2.240000 102 172
2.280000 98 171
2.320000 94 171
2.360000 90 170
2.400000 85 170
2.440000 81 170
2.480000 76 170
2.520000 71 171
2.560000 68 171
2.600000 64 172
2.640000 60 171
2.680000 58 170
2.720000 53 169
2.760000 49 169
2.800000 44 167
2.840000 40 167
2.880000 38 168
2.920000 33 169
2.960000 29 169
3.000000 27 169
3.040000 23 168
3.080000 18 169
3.120000 14 167
3.160000 12 166
3.200000 8 165
3.240000 6 165
3.280000 1 165
3.320000 2 161
3.360000 2 161
3.400000 2 161
3.440000 2 161
3.480000 2 161
3.520000 2 161
3.560000 2 161
3.600000 2 161
3.640000 2 161
3.680000 2 161
3.720000 2 161
3.760000 2 161
3.800000 2 161
3.840000 2 161
