0.000000 308 67
0.040000 308 67
0.080000 308 67
0.120000 308 67
0.160000 308 67
0.200000 308 67
0.240000 308 67
0.280000 308 67
0.320000 307 66
0.360000 311 72
0.400000 312 76
0.440000 299 72
0.480000 288 69
0.520000 277 67
0.560000 271 66
0.600000 268 66
0.640000 267 63
0.680000 267 64
0.720000 267 65
0.760000 267 65
0.800000 266 65
0.840000 267 61
0.880000 258 69
0.920000 245 66
0.960000 233 62
1.000000 225 62
1.040000 266 67
1.080000 221 61
1.120000 221 61
1.160000 251 74
1.200000 221 62
1.240000 231 74
1.280000 221 72
1.320000 210 70
1.360000 195 65
1.400000 184 65
1.440000 179 63
1.480000 175 63
1.520000 174 61
1.560000 175 61
1.600000 174 61
1.640000 174 63
1.680000 175 64
1.720000 175 61
1.760000 174 63
1.800000 149 65
1.840000 137 61
1.880000 129 61
1.920000 173 67
1.960000 127 61
2.000000 164 71
2.040000 127 61
2.080000 127 62
2.120000 137 72
2.160000 127 70
2.200000 112 67
2.240000 101 65
2.280000 90 65
2.320000 83 64
2.360000 81 62
2.400000 80 61
2.440000 80 61
2.480000 80 62
2.520000 80 63
2.560000 81 63
2.600000 81 65
2.640000 65 67
2.680000 55 64
2.720000 44 63
2.760000 39 63
2.800000 38 63
2.840000 38 64
2.880000 38 63
2.920000 38 64
2.960000 38 65
3.000000 36 65
3.040000 38 71
3.080000 28 71
3.120000 8 67
3.160000 6 67
3.200000 4 67
3.240000 2 67
3.280000 1 67
3.320000 1 67
3.360000 1 67
3.400000 1 67
3.440000 1 67
3.480000 1 67
3.520000 1 67
3.560000 1 67
3.600000 1 67
3.640000 1 67
3.680000 1 67
3.720000 1 67
3.760000 1 67
3.800000 1 67
3.840000 1 67
