0.000000 314 139
0.040000 314 139
0.080000 314 139
0.120000 314 139
0.160000 314 139
0.200000 314 139
0.240000 314 139
0.280000 314 139
0.320000 314 139
0.360000 314 139
0.400000 314 139
0.440000 314 139
0.480000 314 139
0.520000 314 139
0.560000 314 139
0.600000 314 139
0.640000 314 139
0.680000 314 139
0.720000 314 139
0.760000 314 139
0.800000 314 139
0.840000 314 139
0.880000 314 139
0.920000 314 139
0.960000 314 139
1.000000 314 139
1.040000 314 139
1.080000 314 139
1.120000 314 139
1.160000 314 139
1.200000 314 139
1.240000 314 139
1.280000 314 139
1.320000 314 139
1.360000 314 139
1.400000 314 139
1.440000 314 139
1.480000 314 139
1.520000 314 139
1.560000 314 139
1.600000 314 139
1.640000 314 139
1.680000 314 139
1.720000 314 139
1.760000 314 139
1.800000 314 139
1.840000 314 139
1.880000 314 139
1.920000 314 139
1.960000 314 139
2.000000 314 139
2.040000 314 139
2.080000 314 139
2.120000 314 139
2.160000 314 139
2.200000 314 139
2.240000 314 139
2.280000 314 139
2.320000 314 139
2.360000 314 139
2.400000 314 139
2.440000 314 139
2.480000 314 139
2.520000 314 139
2.560000 314 139
2.600000 314 139
2.640000 314 139
2.680000 314 139
2.720000 314 139
2.760000 314 139
2.800000 314 139
2.840000 314 139
2.880000 314 139
2.920000 314 139
2.960000 310 137
3.000000 307 138
3.040000 305 138
3.080000 301 139
3.120000 298 139
3.160000 296 139
3.200000 294 139
3.240000 288 140
3.280000 284 139
3.320000 281 139
3.360000 277 139
3.400000 272 139
3.440000 268 138
3.480000 266 138
3.520000 258 139
3.560000 254 139
3.600000 251 139
3.640000 248 139
3.680000 245 139
3.720000 241 139
3.760000 238 139
3.800000 235 139
3.840000 232 139
3.880000 225 139
3.920000 221 139
3.960000 211 135
4.000000 208 136
4.040000 205 136
4.080000 202 137
4.120000 200 137
4.160000 197 137
4.200000 194 138
4.240000 191 138
4.280000 184 138
4.320000 181 139
4.360000 177 139
4.400000 173 139
4.440000 164 134
4.480000 160 135
4.520000 156 135
4.560000 152 135
4.600000 148 136
4.640000 145 136
4.680000 141 136
4.720000 137 137
4.760000 133 137
4.800000 129 137
4.840000 122 137
4.880000 112 138
4.920000 110 138
4.960000 108 137
5.000000 106 136
5.040000 101 136
5.080000 92 137
5.120000 90 137
5.160000 88 137
5.200000 86 136
5.240000 84 136
5.280000 82 136
5.320000 80 135
5.360000 78 135
5.400000 76 135
5.440000 74 134
5.480000 70 134
5.520000 66 135
5.560000 63 135
5.600000 60 135
5.640000 57 135
5.680000 54 136
5.720000 51 136
5.760000 48 136
5.800000 45 136
5.840000 42 137
5.880000 39 137
5.920000 36 137
5.960000 32 136
6.000000 27 136
6.040000 24 136
6.080000 21 135
6.120000 18 134
6.160000 18 134
6.200000 18 134
6.240000 18 134
6.280000 18 134
6.320000 18 134
6.360000 18 134
6.400000 18 134
6.440000 18 134
6.480000 18 134
6.520000 18 134
6.560000 18 134
6.600000 18 134
6.640000 18 134
6.680000 18 134
6.720000 18 134
6.760000 18 134
6.800000 18 134
6.840000 18 134
