0.000000 314 156
0.040000 314 156
0.080000 314 156
0.120000 314 156
0.160000 314 156
0.200000 314 156
0.240000 314 156
0.280000 314 156
0.320000 314 156
0.360000 314 156
0.400000 314 156
0.440000 314 156
0.480000 314 156
0.520000 314 156
0.560000 314 156
0.600000 314 156
0.640000 314 156
0.680000 314 156
0.720000 314 156
0.760000 314 156
0.800000 314 156
0.840000 314 156
0.880000 314 156
0.920000 314 156
0.960000 314 156
1.000000 314 156
1.040000 314 156
1.080000 314 156
1.120000 314 156
1.160000 314 156
1.200000 314 156
1.240000 314 156
1.280000 314 156
1.320000 314 156
1.360000 314 156
1.400000 314 156
1.440000 314 156
1.480000 314 156
1.520000 314 156
1.560000 314 156
1.600000 314 156
1.640000 314 156
1.680000 314 156
1.720000 314 156
1.760000 314 156
1.800000 314 156
1.840000 314 156
1.880000 314 156
1.920000 314 156
1.960000 314 156
2.000000 314 156
2.040000 314 156
2.080000 314 156
2.120000 314 156
2.160000 314 156
2.200000 314 156
2.240000 314 156
2.280000 314 156
2.320000 314 156
2.360000 314 156
2.400000 314 156
2.440000 314 156
2.480000 314 156
2.520000 314 156
2.560000 314 156
2.600000 314 156
2.640000 314 156
2.680000 314 156
2.720000 314 156
2.760000 314 156
2.800000 314 156
2.840000 314 156
2.880000 314 156
2.920000 314 156
2.960000 314 156
3.000000 312 158
3.040000 308 159
3.080000 304 159
3.120000 300 159
3.160000 296 159
3.200000 293 159
3.240000 288 159
3.280000 284 159
3.320000 281 159
3.360000 277 158
3.400000 272 157
3.440000 268 156
3.480000 266 156
3.520000 262 158
3.560000 257 159
3.600000 257 159
3.640000 251 159
3.680000 246 159
3.720000 243 160
3.760000 240 160
3.800000 236 160
3.840000 231 159
3.880000 227 159
3.920000 224 159
3.960000 218 158
4.000000 214 158
4.040000 209 158
4.080000 205 159
4.120000 200 159
4.160000 197 159
4.200000 193 160
4.240000 189 160
4.280000 185 159
4.320000 180 159
4.360000 176 159
4.400000 173 159
4.440000 168 158
4.480000 164 156
4.520000 158 156
4.560000 153 158
4.600000 149 159
4.640000 144 159
4.680000 141 159
4.720000 137 160
4.760000 133 160
4.800000 131 160
4.840000 127 160
4.880000 123 160
4.920000 123 160
4.960000 119 160
5.000000 116 159
5.040000 110 159
5.080000 105 159
5.120000 97 159
5.160000 96 160
5.200000 95 160
5.240000 89 160
5.280000 86 160
5.320000 83 160
5.360000 71 159
5.400000 73 159
5.440000 69 159
5.480000 60 155
5.520000 62 156
5.560000 55 156
5.600000 55 158
5.640000 53 159
5.680000 49 159
5.720000 45 159
5.760000 44 159
5.800000 40 159
5.840000 36 159
5.880000 33 159
5.920000 29 157
5.960000 27 157
6.000000 23 156
6.040000 20 155
6.080000 17 155
6.120000 12 155
6.160000 11 155
6.200000 7 155
6.240000 7 155
6.280000 7 155
6.320000 7 155
6.360000 7 155
6.400000 7 155
6.440000 7 155
6.480000 7 155
6.520000 7 155
6.560000 7 155
6.600000 7 155
6.640000 7 155
6.680000 7 155
6.720000 7 155
6.760000 7 155
6.800000 7 155
6.840000 7 155
