0.000000 320 122
0.040000 320 122
0.080000 320 122
0.120000 320 122
0.160000 320 122
0.200000 320 122
0.240000 320 122
0.280000 320 122
0.320000 320 122
0.360000 320 122
0.400000 320 122
0.440000 320 122
0.480000 320 122
0.520000 320 122
0.560000 320 122
0.600000 320 122
0.640000 320 122
0.680000 320 122
0.720000 320 122
0.760000 320 122
0.800000 320 122
0.840000 320 122
0.880000 320 122
0.920000 320 122
0.960000 320 122
1.000000 320 122
1.040000 320 122
1.080000 320 122
1.120000 320 122
1.160000 320 122
1.200000 320 122
1.240000 320 122
1.280000 320 122
1.320000 320 122
1.360000 320 122
1.400000 320 122
1.440000 320 122
1.480000 320 122
1.520000 320 122
1.560000 320 122
1.600000 320 122
1.640000 320 122
1.680000 320 122
1.720000 320 122
1.760000 320 122
1.800000 320 122
1.840000 320 122
1.880000 320 122
1.920000 320 122
1.960000 320 122
2.000000 320 122
2.040000 320 122
2.080000 320 122
2.120000 320 122
2.160000 320 118
2.200000 310 119
2.240000 306 121
2.280000 303 122
2.320000 297 122
2.360000 294 124
2.400000 289 124
2.440000 287 124
2.480000 283 123
2.520000 277 122
2.560000 272 120
2.600000 267 121
2.640000 262 121
2.680000 257 121
2.720000 251 122
2.760000 245 121
2.800000 241 122
2.840000 236 121
2.880000 232 120
2.920000 223 119
2.960000 218 118
3.000000 211 118
3.040000 205 118
3.080000 199 118
3.120000 194 119
3.160000 186 119
3.200000 183 122
3.240000 176 123
3.280000 168 124
3.320000 164 123
3.360000 160 123
3.400000 153 119
3.440000 150 119
3.480000 145 118
3.520000 138 117
3.560000 132 117
3.600000 126 118
3.640000 117 121
3.680000 113 120
3.720000 110 121
3.760000 105 122
3.800000 101 123
3.840000 96 121
3.880000 91 119
3.920000 86 119
3.960000 81 117
4.000000 73 119
4.040000 67 119
4.080000 63 120
4.120000 56 120
4.160000 50 119
4.200000 47 121
4.240000 43 120
4.280000 38 120
4.320000 34 119
4.360000 30 118
4.400000 27 118
4.440000 21 118
4.480000 14 118
4.520000 6 117
4.560000 5 118
4.600000 4 119
4.640000 3 120
4.680000 2 120
4.720000 2 120
4.760000 2 120
4.800000 2 120
4.840000 2 120
4.880000 2 120
4.920000 2 120
4.960000 2 120
5.000000 2 120
5.040000 2 120
5.080000 2 120
5.120000 2 120
5.160000 2 120
5.200000 2 120
5.240000 2 120
5.280000 2 120
