1.680000 320 152
1.720000 314 151
1.760000 311 150
1.800000 307 150
1.840000 303 151
1.880000 299 152
1.920000 295 154
1.960000 292 154
2.000000 288 154
2.040000 283 154
2.080000 279 154
2.120000 277 154
2.160000 273 152
2.200000 268 152
2.240000 264 150
2.280000 260 150
2.320000 255 152
2.360000 251 153
2.400000 247 153
2.440000 242 154
2.480000 238 154
2.520000 235 154
2.560000 231 154
2.600000 226 154
2.640000 221 154
2.680000 216 153
2.720000 211 152
2.760000 206 152
2.800000 201 153
2.840000 196 154
2.880000 192 154
2.920000 188 155
2.960000 184 156
3.000000 179 155
3.040000 174 156
3.080000 169 155
3.120000 164 154
3.160000 159 154
3.200000 155 153
3.240000 150 153
3.280000 145 154
3.320000 140 154
3.360000 136 154
3.400000 131 154
3.440000 127 154
3.480000 122 154
3.520000 117 155
3.560000 114 154
3.600000 108 154
3.640000 104 153
3.680000 95 151
3.720000 90 151
3.760000 85 153
3.800000 80 153
3.840000 75 154
3.880000 72 154
3.920000 69 157
3.960000 64 154
4.000000 60 154
4.040000 55 153
4.080000 52 152
4.120000 48 150
4.160000 44 150
4.200000 39 150
4.240000 34 150
4.280000 31 151
4.320000 28 152
4.360000 19 152
4.400000 17 151
4.440000 13 150
4.480000 10 150
4.520000 5 149
4.560000 2 148
4.600000 2 146
