2.000000 262 88
2.040000 257 90
2.080000 256 91
2.120000 253 91
2.160000 251 90
2.200000 249 92
2.240000 247 93
2.280000 247 91
2.320000 245 89
2.360000 242 88
2.400000 240 88
2.440000 235 87
2.480000 227 87
2.520000 218 87
2.560000 208 87
2.600000 195 87
2.640000 190 87
2.680000 182 91
2.720000 173 92
2.760000 168 92
2.800000 163 91
2.840000 158 89
2.880000 153 87
2.920000 147 86
2.960000 143 87
3.000000 138 87
3.040000 139 88
3.080000 134 87
3.120000 131 88
3.160000 121 92
3.200000 112 93
3.240000 107 92
3.280000 105 92
3.320000 122 87
3.360000 118 87
3.400000 90 87
3.440000 105 86
3.480000 95 85
3.520000 81 86
3.560000 76 87
3.600000 69 89
3.640000 60 90
3.680000 55 92
3.720000 49 92
3.760000 48 92
3.800000 43 89
3.840000 38 87
3.880000 34 87
