2.120000 307 57
2.160000 299 59
2.200000 286 60
2.240000 273 61
2.280000 263 65
2.320000 257 67
2.360000 253 65
2.400000 253 58
2.440000 253 57
2.480000 252 57
2.520000 252 57
2.560000 252 59
2.600000 252 58
2.640000 257 59
2.720000 253 57
2.760000 252 56
2.800000 252 56
2.840000 252 56
2.880000 252 56
2.920000 251 56
2.960000 251 56
3.000000 242 57
3.040000 231 57
3.080000 221 61
3.120000 205 55
3.160000 190 56
3.200000 177 56
3.240000 162 60
3.280000 153 63
3.320000 151 61
3.360000 147 57
3.400000 147 56
3.440000 146 56
3.480000 194 52
3.520000 146 55
3.560000 146 55
3.600000 147 56
3.680000 147 56
3.720000 146 56
3.760000 145 55
3.800000 145 55
3.840000 145 55
3.880000 146 54
3.920000 146 52
3.960000 142 54
4.000000 132 56
4.040000 118 56
4.080000 107 61
4.120000 92 56
4.160000 82 56
4.200000 69 56
4.240000 55 63
4.280000 49 65
4.320000 48 61
4.360000 45 58
4.400000 45 57
4.440000 45 56
4.480000 45 56
4.520000 45 57
4.560000 45 56
4.600000 48 56
4.640000 53 56
4.680000 48 57
4.720000 44 56
4.760000 45 56
4.800000 45 56
4.840000 44 56
4.880000 44 56
4.920000 1 56
4.960000 44 56
5.000000 36 59
5.080000 18 61
5.160000 2 57
5.200000 1 56
