2.120000 303 94
2.160000 297 94
2.200000 293 94
2.240000 288 93
2.280000 288 89
2.320000 283 90
2.360000 279 88
2.400000 275 89
2.440000 271 89
2.480000 268 89
2.520000 266 89
2.560000 265 89
2.600000 261 89
2.640000 262 92
2.680000 260 89
2.720000 258 89
2.760000 257 88
2.800000 255 87
2.840000 251 88
2.880000 245 89
2.920000 236 89
2.960000 226 88
3.000000 219 87
3.040000 210 87
3.080000 203 91
3.120000 195 92
3.160000 190 93
3.200000 185 92
3.240000 183 89
3.280000 179 87
3.320000 174 85
3.360000 169 84
3.400000 165 87
3.440000 162 87
3.480000 161 87
3.520000 157 87
3.560000 154 87
3.600000 153 91
3.640000 153 88
3.680000 153 87
3.720000 152 87
3.760000 149 86
3.800000 145 87
3.840000 142 87
3.880000 134 87
3.920000 126 87
3.960000 116 87
4.000000 107 87
4.040000 101 87
4.080000 97 88
4.120000 92 91
4.160000 81 93
4.200000 79 91
4.240000 75 87
4.280000 74 87
4.320000 69 86
4.360000 64 86
4.400000 60 87
4.440000 58 87
4.480000 55 87
4.520000 55 87
4.560000 52 87
4.600000 51 91
4.640000 50 89
4.680000 49 87
4.720000 49 87
4.760000 47 87
4.800000 44 87
4.840000 40 88
4.880000 35 88
4.920000 10 87
4.960000 22 89
5.000000 15 91
5.040000 8 89
5.080000 6 91
5.160000 2 89
5.200000 2 89
