4.600000 234 137
4.640000 231 136
4.680000 226 135
4.720000 221 136
4.760000 216 135
4.800000 213 137
4.840000 208 137
4.880000 203 139
4.920000 197 139
4.960000 192 139
5.000000 188 139
5.040000 183 139
5.080000 179 137
5.120000 173 138
5.160000 169 137
5.200000 166 138
5.240000 163 136
5.280000 158 139
5.320000 157 139
5.360000 153 139
5.400000 153 139
5.440000 151 139
5.480000 147 139
5.520000 147 139
5.560000 144 139
5.600000 142 138
5.640000 138 137
5.680000 136 137
5.720000 132 135
5.760000 127 135
