0.960000 288 134
1.000000 283 134
1.040000 277 134
1.080000 272 135
1.120000 267 135
1.160000 260 136
1.200000 253 135
1.240000 247 138
1.280000 242 138
1.320000 236 137
1.360000 230 135
1.400000 225 135
1.440000 219 134
1.480000 215 135
1.520000 210 135
1.560000 205 136
1.600000 201 136
1.640000 199 137
1.680000 195 138
1.720000 190 135
1.760000 188 134
1.800000 183 134
1.840000 179 133
1.880000 173 133
1.920000 166 133
1.960000 160 134
2.000000 153 134
2.040000 148 135
2.080000 142 135
2.120000 135 134
2.160000 127 135
2.200000 121 134
2.240000 115 134
2.280000 109 134
2.320000 102 134
2.360000 97 133
2.400000 92 134
2.440000 90 135
2.480000 84 134
2.520000 81 135
2.560000 79 135
2.600000 75 135
2.640000 70 134
2.680000 68 134
2.720000 64 133
2.760000 60 132
2.800000 55 131
2.840000 51 130
