0.960000 255 125
1.000000 251 124
1.040000 249 124
1.080000 246 124
1.120000 242 124
1.160000 238 123
1.200000 235 122
1.240000 231 122
1.280000 228 121
1.320000 224 120
1.360000 211 122
1.400000 208 123
1.440000 203 123
1.480000 200 122
1.520000 197 121
1.560000 194 120
1.600000 190 122
1.640000 185 123
1.680000 179 124
1.720000 170 124
1.760000 163 124
1.800000 154 124
1.840000 149 125
1.880000 145 126
1.920000 140 124
1.960000 137 123
2.000000 134 123
2.040000 131 120
2.080000 127 121
2.120000 123 121
2.160000 119 122
2.200000 115 122
2.240000 111 123
2.280000 126 119
2.320000 122 120
2.360000 117 120
2.400000 112 120
2.440000 97 119
2.480000 91 120
2.520000 85 120
2.560000 79 121
2.600000 73 121
2.640000 67 122
2.680000 55 124
2.720000 49 123
2.760000 43 124
2.800000 38 124
2.840000 34 124
