0.000000 288 56
0.040000 288 56
0.080000 288 56
0.120000 288 56
0.160000 288 56
0.200000 288 56
0.240000 288 56
0.280000 288 56
0.320000 288 56
0.360000 288 56
0.400000 288 56
0.440000 288 56
0.480000 288 56
0.520000 288 56
0.560000 288 56
0.600000 288 56
0.640000 288 56
0.680000 288 56
0.720000 288 56
0.760000 288 56
0.800000 288 56
0.840000 288 56
0.880000 288 56
0.920000 288 56
0.960000 288 56
1.000000 288 56
1.040000 288 56
1.080000 288 56
1.120000 288 56
1.160000 288 56
1.200000 288 56
1.240000 288 56
1.280000 288 56
1.320000 288 56
1.360000 288 56
1.400000 288 56
1.440000 288 56
1.480000 288 56
1.520000 288 56
1.560000 288 56
1.600000 288 56
1.640000 288 56
1.680000 288 56
1.720000 288 56
1.760000 288 56
1.800000 288 56
1.840000 288 56
1.880000 288 56
1.920000 288 56
1.960000 288 56
2.000000 288 56
2.040000 288 56
2.080000 289 56
2.120000 288 56
2.160000 290 56
2.200000 289 56
2.240000 289 56
2.280000 289 56
2.320000 290 56
2.360000 290 56
2.400000 290 55
2.440000 289 55
2.480000 289 55
2.520000 287 55
2.560000 278 56
2.600000 268 56
2.640000 252 56
2.680000 238 54
2.720000 221 54
2.760000 209 56
2.800000 197 57
2.840000 194 57
2.880000 192 54
2.920000 191 54
2.960000 192 54
3.000000 192 54
3.040000 192 53
3.080000 192 52
3.120000 192 52
3.160000 191 53
3.200000 192 53
3.240000 192 53
3.280000 192 52
3.320000 193 51
3.360000 191 52
3.400000 184 53
3.440000 173 55
3.480000 157 54
3.520000 140 54
3.560000 127 52
3.600000 112 54
3.640000 98 56
3.680000 93 56
3.720000 91 53
3.760000 91 52
3.800000 91 52
3.840000 90 52
3.880000 90 52
3.920000 91 51
3.960000 92 52
4.000000 90 52
4.040000 91 52
4.080000 91 52
4.120000 91 51
4.160000 90 51
4.200000 90 50
4.240000 88 51
4.280000 80 51
4.320000 69 54
4.360000 57 53
4.400000 44 53
4.440000 31 54
4.480000 19 56
4.520000 11 58
4.560000 7 61
4.600000 7 57
4.640000 7 56
4.680000 7 56
4.720000 6 56
4.760000 6 56
4.800000 6 56
4.840000 6 56
4.880000 6 56
4.920000 6 56
4.960000 6 56
5.000000 6 56
5.040000 6 56
5.080000 6 56
5.120000 6 56
5.160000 6 56
5.200000 6 56
5.240000 6 56
5.280000 6 56
5.320000 6 56
