0.000000 291 55
0.040000 291 55
0.080000 291 55
0.120000 291 55
0.160000 291 55
0.200000 291 55
0.240000 291 55
0.280000 291 55
0.320000 291 55
0.360000 291 55
0.400000 291 55
0.440000 291 55
0.480000 291 55
0.520000 291 55
0.560000 291 55
0.600000 291 55
0.640000 291 55
0.680000 291 55
0.720000 291 55
0.760000 291 55
0.800000 291 55
0.840000 291 55
0.880000 291 55
0.920000 291 55
0.960000 291 55
1.000000 291 55
1.040000 291 55
1.080000 291 55
1.120000 291 55
1.160000 291 55
1.200000 291 55
1.240000 291 55
1.280000 291 55
1.320000 291 55
1.360000 291 55
1.400000 291 55
1.440000 291 55
1.480000 291 55
1.520000 291 55
1.560000 291 55
1.600000 291 55
1.640000 291 55
1.680000 291 55
1.720000 291 55
1.760000 291 55
1.800000 291 55
1.840000 291 55
1.880000 291 55
1.920000 291 55
1.960000 291 55
2.000000 294 56
2.040000 297 57
2.080000 300 58
2.120000 303 59
2.160000 306 60
2.200000 301 65
2.240000 284 58
2.280000 271 57
2.320000 255 61
2.360000 247 63
2.400000 242 61
2.440000 241 57
2.480000 241 56
2.520000 240 56
2.560000 240 56
2.600000 240 56
2.640000 241 56
2.680000 242 56
2.720000 243 56
2.760000 240 56
2.800000 240 56
2.840000 240 56
2.880000 241 56
2.920000 240 55
2.960000 236 56
3.000000 223 56
3.040000 212 56
3.080000 194 56
3.120000 184 56
3.160000 168 56
3.200000 153 58
3.240000 144 60
3.280000 141 57
3.320000 139 56
3.360000 138 55
3.400000 138 54
3.440000 138 54
3.480000 138 55
3.520000 142 55
3.560000 143 55
3.600000 138 55
3.640000 139 55
3.680000 139 54
3.720000 140 54
3.760000 139 53
3.800000 138 52
3.840000 128 55
3.880000 116 55
3.920000 107 59
3.960000 90 54
4.000000 79 56
4.040000 64 60
4.080000 51 61
4.120000 47 61
4.160000 46 58
4.200000 45 56
4.240000 45 56
4.280000 45 56
4.320000 45 56
4.360000 45 56
4.400000 49 52
4.440000 49 56
4.480000 45 56
4.520000 45 56
4.560000 46 56
4.600000 45 56
4.640000 45 53
4.680000 45 54
4.720000 40 56
4.760000 30 56
4.800000 6 56
4.840000 6 56
4.880000 6 56
4.920000 6 56
4.960000 6 55
5.000000 6 55
5.040000 6 54
5.080000 6 54
5.120000 6 54
5.160000 6 54
5.200000 6 54
5.240000 6 54
5.280000 6 54
5.320000 6 54
