1.680000 320 150
1.720000 320 150
1.760000 314 149
1.800000 310 149
1.840000 306 149
1.880000 302 149
1.920000 298 149
1.960000 294 150
2.000000 290 150
2.040000 288 152
2.080000 283 152
2.120000 279 152
2.160000 274 152
2.200000 270 151
2.240000 266 151
2.280000 261 151
2.320000 257 152
2.360000 251 151
2.400000 247 152
2.440000 242 152
2.480000 239 154
2.520000 236 152
2.560000 231 152
2.600000 226 152
2.640000 221 150
2.680000 216 150
2.720000 211 150
2.760000 206 150
2.800000 201 150
2.840000 197 150
2.880000 194 152
2.920000 190 154
2.960000 184 154
3.000000 180 154
3.040000 175 154
3.080000 171 154
3.120000 167 154
3.160000 162 153
3.200000 158 152
3.240000 152 151
3.280000 147 151
3.320000 142 151
3.360000 138 154
3.400000 133 154
3.440000 131 154
3.480000 126 154
3.520000 121 154
3.560000 116 153
3.600000 111 151
3.640000 106 150
3.680000 101 150
3.720000 96 150
3.760000 92 150
3.800000 87 150
3.840000 84 152
3.880000 81 152
3.920000 76 152
3.960000 73 150
4.000000 68 150
4.040000 64 149
4.080000 60 149
4.120000 56 149
4.160000 53 148
4.200000 49 148
4.240000 44 148
4.280000 39 148
4.320000 36 149
4.360000 33 149
4.400000 29 149
4.440000 26 149
4.480000 23 149
4.520000 18 149
4.560000 14 148
4.600000 10 148
4.680000 2 147
