1.680000 312 160
1.720000 308 159
1.760000 304 160
1.800000 299 160
1.840000 296 160
1.880000 293 161
1.920000 288 161
1.960000 284 163
2.000000 281 165
2.040000 277 165
2.080000 273 165
2.120000 268 165
2.160000 264 165
2.200000 260 165
2.240000 256 164
2.280000 251 163
2.320000 246 163
2.360000 242 164
2.400000 236 164
2.440000 232 164
2.480000 227 165
2.520000 225 165
2.560000 220 165
2.600000 215 165
2.640000 210 164
2.680000 205 163
2.720000 201 164
2.760000 196 165
2.800000 192 165
2.840000 188 165
2.880000 184 165
2.920000 179 165
2.960000 174 166
3.000000 170 167
3.040000 166 167
3.080000 162 166
3.120000 158 165
3.160000 153 165
3.200000 147 165
3.240000 142 165
3.280000 138 165
3.320000 132 165
3.360000 127 165
3.400000 124 166
3.440000 119 166
3.480000 115 166
3.520000 111 165
3.560000 106 165
3.600000 101 165
3.640000 96 163
3.680000 91 163
3.720000 86 163
3.760000 82 162
3.800000 79 164
3.840000 74 164
3.880000 70 164
3.920000 66 165
3.960000 62 165
4.000000 59 164
4.040000 54 163
4.080000 49 160
4.120000 45 160
4.160000 42 160
4.200000 38 160
4.240000 33 160
4.280000 29 160
4.320000 27 161
4.360000 23 161
4.400000 19 161
4.440000 15 161
4.480000 12 161
4.520000 8 160
4.600000 2 159
