2.520000 320 139
2.600000 320 137
2.640000 314 135
2.680000 314 134
2.720000 309 133
2.760000 304 132
2.800000 299 130
2.840000 293 132
2.880000 286 132
2.920000 279 132
2.960000 272 134
3.000000 267 134
3.040000 260 134
3.080000 253 134
3.120000 246 133
3.160000 239 132
3.200000 231 131
3.240000 223 131
3.280000 216 132
3.320000 210 133
3.360000 207 133
3.400000 203 134
3.440000 199 135
3.480000 195 137
3.520000 190 137
3.560000 185 135
3.600000 181 134
3.640000 175 133
3.680000 170 131
3.720000 164 130
3.760000 158 130
3.800000 150 129
3.840000 143 132
3.880000 137 133
3.920000 129 133
3.960000 120 134
4.000000 112 134
4.040000 106 132
4.080000 100 130
4.120000 93 129
4.160000 86 128
4.200000 80 129
4.240000 74 132
4.280000 68 130
4.320000 63 131
4.360000 58 131
4.400000 54 134
4.440000 49 134
4.480000 45 134
4.520000 43 133
4.560000 38 132
4.600000 33 130
4.640000 29 129
4.680000 23 129
4.720000 17 129
4.760000 10 129
4.840000 2 133
