2.560000 309 119
2.600000 304 119
2.640000 300 118
2.680000 297 116
2.720000 292 117
2.760000 286 116
2.800000 281 116
2.840000 274 115
2.880000 268 116
2.920000 262 117
2.960000 257 118
3.000000 253 119
3.040000 248 119
3.080000 244 118
3.120000 240 116
3.160000 235 115
3.200000 229 113
3.240000 221 113
3.280000 216 114
3.320000 208 113
3.360000 201 115
3.400000 199 117
3.440000 194 119
3.480000 190 119
3.520000 186 120
3.560000 181 119
3.600000 174 117
3.640000 169 115
3.680000 164 113
3.720000 156 113
3.760000 149 113
3.800000 142 113
3.840000 132 113
3.880000 127 118
3.920000 121 118
3.960000 118 119
4.000000 113 118
4.040000 108 117
4.080000 101 114
4.120000 100 113
4.160000 95 113
4.200000 92 115
4.240000 81 113
4.280000 71 113
4.320000 70 114
4.360000 69 117
4.400000 63 118
4.440000 59 119
4.480000 55 119
4.520000 50 118
4.560000 45 117
4.600000 42 115
4.640000 36 115
4.680000 29 114
4.720000 23 115
4.760000 18 115
4.800000 12 115
4.840000 7 118
