0.000000 308 122
0.040000 308 122
0.080000 308 122
0.120000 308 122
0.160000 308 122
0.200000 308 122
0.240000 308 122
0.280000 308 122
0.320000 308 122
0.360000 308 122
0.400000 308 122
0.440000 308 122
0.480000 308 122
0.520000 308 122
0.560000 308 122
0.600000 308 122
0.640000 308 122
0.680000 308 122
0.720000 308 122
0.760000 308 122
0.800000 308 122
0.840000 308 122
0.880000 308 122
0.920000 308 122
0.960000 308 122
1.000000 308 122
1.040000 308 122
1.080000 308 122
1.120000 308 122
1.160000 308 122
1.200000 308 122
1.240000 308 122
1.280000 308 122
1.320000 308 122
1.360000 308 122
1.400000 308 122
1.440000 308 122
1.480000 308 122
1.520000 308 122
1.560000 308 122
1.600000 308 122
1.640000 308 122
1.680000 308 122
1.720000 308 122
1.760000 308 122
1.800000 308 122
1.840000 308 122
1.880000 308 122
1.920000 308 122
1.960000 308 122
2.000000 308 122
2.040000 311 121
2.080000 314 119
2.120000 317 117
2.160000 314 114
2.200000 314 114
2.240000 314 113
2.280000 310 114
2.320000 307 114
2.360000 301 113
2.400000 294 118
2.440000 287 117
2.480000 279 117
2.520000 272 118
2.560000 262 117
2.600000 252 118
2.640000 244 117
2.680000 236 118
2.720000 231 118
2.760000 225 118
2.800000 221 118
2.840000 217 118
2.880000 216 118
2.920000 215 117
2.960000 214 118
3.000000 211 117
3.040000 210 117
3.080000 207 113
3.120000 205 113
3.160000 200 115
3.200000 195 115
3.240000 189 116
3.280000 182 115
3.320000 174 114
3.360000 164 113
3.400000 154 114
3.440000 146 115
3.480000 135 114
3.520000 127 117
3.560000 118 116
3.600000 112 118
3.640000 106 118
3.680000 101 118
3.720000 98 117
3.760000 96 117
3.800000 92 115
3.840000 91 115
3.880000 90 117
3.920000 90 113
3.960000 86 113
4.000000 86 113
4.040000 82 113
4.080000 78 112
4.120000 73 113
4.160000 67 113
4.200000 60 113
4.240000 50 113
4.280000 43 113
4.320000 34 113
4.360000 27 115
4.400000 19 115
4.440000 12 117
4.480000 8 117
4.520000 2 117
4.560000 2 119
4.600000 2 119
4.640000 2 119
4.680000 2 119
4.720000 2 119
4.760000 2 119
4.800000 2 119
4.840000 2 119
4.880000 2 119
4.920000 2 119
4.960000 2 119
5.000000 2 119
5.040000 2 119
5.080000 2 119
5.120000 2 119
5.160000 2 119
