0.000000 320 64
0.040000 320 64
0.080000 320 64
0.120000 320 64
0.160000 320 64
0.200000 320 64
0.240000 320 64
0.280000 320 64
0.320000 320 64
0.360000 320 64
0.400000 320 64
0.440000 320 64
0.480000 320 64
0.520000 320 64
0.560000 320 64
0.600000 320 64
0.640000 320 64
0.680000 320 64
0.720000 320 64
0.760000 320 64
0.800000 320 64
0.840000 320 64
0.880000 320 64
0.920000 320 64
0.960000 320 64
1.000000 320 64
1.040000 320 64
1.080000 320 64
1.120000 320 64
1.160000 320 64
1.200000 320 64
1.240000 320 64
1.280000 320 64
1.320000 320 64
1.360000 320 64
1.400000 320 64
1.440000 320 64
1.480000 320 64
1.520000 320 64
1.560000 320 64
1.600000 320 64
1.640000 320 64
1.680000 320 64
1.720000 320 64
1.760000 320 64
1.800000 320 64
1.840000 320 64
1.880000 320 64
1.920000 320 64
1.960000 320 64
2.000000 320 64
2.040000 320 64
2.080000 320 64
2.120000 314 66
2.160000 314 65
2.200000 314 66
2.240000 314 67
2.280000 314 67
2.320000 309 69
2.360000 302 72
2.400000 293 72
2.440000 283 71
2.480000 271 61
2.520000 257 61
2.560000 244 61
2.600000 231 61
2.640000 221 61
2.680000 218 61
2.720000 216 58
2.760000 215 57
2.800000 215 56
2.840000 247 67
2.880000 215 56
2.920000 215 61
2.960000 216 60
3.000000 215 59
3.040000 216 58
3.080000 215 59
3.120000 215 60
3.160000 213 61
3.200000 210 63
3.240000 205 66
3.280000 158 56
3.320000 186 68
3.360000 174 67
3.400000 162 66
3.440000 148 61
3.480000 132 61
3.520000 121 61
3.560000 111 61
3.600000 106 61
3.640000 105 58
3.680000 105 58
3.720000 105 59
3.760000 105 59
3.800000 105 61
3.840000 107 66
3.880000 106 61
3.920000 106 61
3.960000 105 60
4.000000 105 61
4.040000 104 61
4.080000 101 63
4.120000 97 65
4.160000 90 69
4.200000 80 71
4.240000 70 70
4.280000 58 67
4.320000 49 61
4.360000 36 64
4.400000 23 63
4.440000 16 66
4.480000 12 65
4.520000 8 61
4.560000 8 61
4.600000 8 61
4.640000 7 62
4.680000 7 62
4.720000 7 62
4.760000 6 63
4.800000 6 63
4.840000 6 63
4.880000 6 63
4.920000 6 63
4.960000 6 63
5.000000 6 63
5.040000 6 63
5.080000 6 63
5.120000 6 63
5.160000 6 63
