0.000000 320 151
0.040000 320 151
0.080000 320 151
0.120000 320 151
0.160000 320 151
0.200000 320 151
0.240000 320 151
0.280000 320 151
0.320000 320 151
0.360000 320 151
0.400000 320 151
0.440000 320 151
0.480000 320 151
0.520000 320 151
0.560000 320 151
0.600000 320 151
0.640000 320 151
0.680000 320 151
0.720000 320 151
0.760000 320 151
0.800000 320 151
0.840000 320 151
0.880000 320 151
0.920000 320 151
0.960000 320 151
1.000000 320 151
1.040000 320 151
1.080000 320 151
1.120000 320 151
1.160000 320 151
1.200000 320 151
1.240000 320 151
1.280000 320 151
1.320000 320 151
1.360000 320 151
1.400000 320 151
1.440000 320 151
1.480000 320 151
1.520000 320 151
1.560000 320 151
1.600000 320 151
1.640000 320 151
1.680000 320 151
1.720000 320 151
1.760000 320 151
1.800000 320 151
1.840000 320 151
1.880000 320 151
1.920000 320 151
1.960000 320 151
2.000000 320 151
2.040000 320 151
2.080000 320 151
2.120000 320 151
2.160000 320 151
2.200000 320 151
2.240000 320 151
2.280000 320 151
2.320000 320 152
2.360000 320 154
2.400000 314 154
2.440000 309 154
2.480000 305 154
2.520000 302 154
2.560000 298 154
2.600000 293 153
2.640000 288 152
2.680000 283 152
2.720000 278 153
2.760000 273 154
2.800000 270 154
2.840000 267 155
2.880000 262 155
2.920000 257 155
2.960000 252 154
3.000000 247 154
3.040000 244 153
3.080000 238 151
3.120000 233 150
3.160000 229 151
3.200000 223 152
3.240000 218 151
3.280000 213 152
3.320000 209 154
3.360000 204 154
3.400000 199 154
3.440000 194 154
3.480000 188 154
3.520000 182 154
3.560000 177 152
3.600000 170 152
3.640000 164 152
3.680000 159 154
3.720000 155 153
3.760000 151 154
3.800000 147 155
3.840000 142 155
3.880000 136 155
3.920000 132 154
3.960000 127 153
4.000000 121 150
4.040000 116 150
4.080000 111 150
4.120000 106 151
4.160000 101 153
4.200000 96 153
4.240000 91 154
4.280000 86 154
4.320000 82 154
4.360000 78 154
4.400000 73 154
4.440000 68 151
4.480000 64 150
4.520000 58 150
4.560000 53 150
4.600000 48 150
4.640000 44 151
4.680000 39 150
4.720000 36 153
4.760000 33 152
4.800000 28 151
4.840000 24 150
4.880000 21 150
4.920000 18 148
4.960000 8 148
5.000000 6 149
5.040000 5 149
5.080000 3 149
5.120000 2 149
5.160000 2 149
5.200000 2 149
5.240000 2 149
5.280000 2 149
5.320000 2 149
5.360000 2 149
5.400000 2 149
5.440000 2 149
5.480000 2 149
5.520000 2 149
