0.000000 320 114
0.040000 320 114
0.080000 320 114
0.120000 320 114
0.160000 320 114
0.200000 320 114
0.240000 320 114
0.280000 320 114
0.320000 320 114
0.360000 320 114
0.400000 320 114
0.440000 320 114
0.480000 320 114
0.520000 320 114
0.560000 320 114
0.600000 320 114
0.640000 320 114
0.680000 320 114
0.720000 320 114
0.760000 320 114
0.800000 320 114
0.840000 320 114
0.880000 320 114
0.920000 320 114
0.960000 320 114
1.000000 320 114
1.040000 320 114
1.080000 320 114
1.120000 320 114
1.160000 320 114
1.200000 320 114
1.240000 320 114
1.280000 320 114
1.320000 320 114
1.360000 320 114
1.400000 320 114
1.440000 320 114
1.480000 320 114
1.520000 320 114
1.560000 320 114
1.600000 320 114
1.640000 320 114
1.680000 320 114
1.720000 320 114
1.760000 320 114
1.800000 320 114
1.840000 320 114
1.880000 320 114
1.920000 320 114
1.960000 320 114
2.000000 320 114
2.040000 320 114
2.080000 320 114
2.120000 320 114
2.160000 320 114
2.200000 320 114
2.240000 320 114
2.280000 320 114
2.320000 320 113
2.360000 311 118
2.400000 306 117
2.440000 303 118
2.480000 299 118
2.520000 297 118
2.560000 293 116
2.600000 288 115
2.640000 283 115
2.680000 277 114
2.720000 272 116
2.760000 267 116
2.800000 262 117
2.840000 260 118
2.880000 253 119
2.920000 251 118
2.960000 247 118
3.000000 242 116
3.040000 237 114
3.080000 232 113
3.120000 227 114
3.160000 221 114
3.200000 216 114
3.240000 210 115
3.280000 205 115
3.320000 203 117
3.360000 199 116
3.400000 194 117
3.440000 190 115
3.480000 184 115
3.520000 179 114
3.560000 174 113
3.600000 168 113
3.640000 163 113
3.680000 158 113
3.720000 153 114
3.760000 149 116
3.800000 144 118
3.840000 138 114
3.880000 134 114
3.920000 132 113
3.960000 127 113
4.000000 122 113
4.040000 116 113
4.080000 110 112
4.120000 102 113
4.160000 100 115
4.200000 98 117
4.240000 94 117
4.280000 89 117
4.320000 84 115
4.360000 81 114
4.400000 75 113
4.440000 70 113
4.480000 65 112
4.520000 60 113
4.560000 55 113
4.600000 51 113
4.640000 48 115
4.680000 44 115
4.720000 40 117
4.760000 36 117
4.800000 31 114
4.840000 27 114
4.880000 23 113
4.920000 18 112
4.960000 13 112
5.000000 6 113
5.040000 5 114
5.080000 4 115
5.120000 3 116
5.160000 2 116
5.200000 2 116
5.240000 2 116
5.280000 2 116
5.320000 2 116
5.360000 2 116
5.400000 2 116
5.440000 2 116
5.480000 2 116
5.520000 2 116
