0.000000 314 152
0.040000 314 152
0.080000 314 152
0.120000 314 152
0.160000 314 152
0.200000 314 152
0.240000 314 152
0.280000 314 152
0.320000 314 152
0.360000 314 152
0.400000 314 152
0.440000 314 152
0.480000 314 152
0.520000 314 152
0.560000 314 152
0.600000 314 152
0.640000 314 152
0.680000 314 152
0.720000 314 152
0.760000 314 152
0.800000 314 152
0.840000 314 152
0.880000 314 152
0.920000 314 152
0.960000 314 152
1.000000 314 152
1.040000 314 152
1.080000 314 152
1.120000 314 152
1.160000 314 152
1.200000 314 152
1.240000 314 152
1.280000 314 152
1.320000 314 152
1.360000 314 152
1.400000 314 152
1.440000 314 152
1.480000 314 152
1.520000 314 152
1.560000 314 152
1.600000 314 152
1.640000 314 152
1.680000 314 152
1.720000 314 152
1.760000 314 152
1.800000 314 152
1.840000 314 152
1.880000 314 152
1.920000 314 152
1.960000 314 152
2.000000 314 152
2.040000 314 152
2.080000 314 152
2.120000 314 152
2.160000 314 152
2.200000 314 152
2.240000 314 152
2.280000 314 152
2.320000 310 151
2.360000 308 154
2.400000 304 154
2.440000 301 155
2.480000 298 155
2.520000 294 155
2.560000 288 154
2.600000 284 154
2.640000 280 154
2.680000 276 154
2.720000 272 154
2.760000 268 155
2.800000 262 155
2.840000 258 156
2.880000 253 156
2.920000 247 156
2.960000 244 155
3.000000 240 155
3.040000 236 154
3.080000 230 152
3.120000 225 152
3.160000 220 152
3.200000 215 154
3.240000 210 154
3.280000 205 154
3.320000 201 155
3.360000 197 155
3.400000 193 156
3.440000 189 155
3.480000 187 155
3.520000 180 154
3.560000 175 154
3.600000 171 154
3.640000 166 154
3.680000 164 155
3.720000 158 155
3.760000 148 156
3.800000 143 156
3.840000 144 156
3.880000 138 158
3.920000 131 156
3.960000 128 155
4.000000 121 154
4.040000 117 154
4.080000 112 154
4.120000 108 154
4.160000 104 155
4.200000 101 155
4.240000 99 156
4.280000 94 157
4.320000 90 155
4.360000 85 155
4.400000 80 154
4.440000 74 154
4.480000 69 151
4.520000 65 152
4.560000 60 153
4.600000 55 154
4.640000 53 154
4.680000 49 154
4.720000 44 155
4.760000 39 154
4.800000 34 154
4.840000 31 154
4.880000 27 151
4.920000 23 150
4.960000 18 150
5.000000 13 150
5.040000 10 150
5.080000 10 150
5.120000 10 150
5.160000 10 150
5.200000 10 150
5.240000 10 150
5.280000 10 150
5.320000 10 150
5.360000 10 150
5.400000 10 150
5.440000 10 150
5.480000 10 150
5.520000 10 150
