1.600000 309 118
1.640000 299 119
1.680000 292 122
1.720000 282 120
1.760000 275 121
1.800000 268 122
1.840000 263 121
1.880000 262 120
1.920000 262 119
1.960000 260 117
2.000000 262 116
2.040000 262 114
2.080000 262 114
2.120000 263 113
2.160000 263 113
2.200000 262 113
2.240000 258 113
2.280000 253 113
2.320000 247 109
2.360000 241 109
2.400000 231 113
2.440000 220 111
2.480000 209 113
2.520000 199 116
2.560000 188 118
2.600000 177 118
2.640000 164 118
2.680000 158 119
2.720000 153 120
2.760000 147 119
2.800000 143 118
2.840000 138 115
2.880000 138 113
2.920000 138 113
2.960000 139 113
3.000000 142 117
3.040000 142 115
3.080000 140 113
3.120000 141 109
3.160000 139 109
3.200000 136 113
3.240000 132 112
3.280000 125 111
3.320000 116 113
3.360000 107 109
3.400000 96 111
3.440000 86 113
3.480000 72 111
3.520000 64 116
3.560000 54 118
3.600000 44 119
3.640000 36 119
3.680000 32 119
3.720000 28 120
3.760000 23 119
3.800000 23 119
3.840000 19 114
3.880000 22 113
3.920000 23 113
3.960000 22 111
4.000000 23 113
4.040000 23 113
4.080000 23 111
4.120000 23 108
4.160000 21 108
4.200000 17 111
4.240000 12 111
