1.440000 304 57
1.480000 305 57
1.520000 304 58
1.560000 305 59
1.600000 294 61
1.640000 281 61
1.680000 267 63
1.720000 257 67
1.760000 249 67
1.800000 251 61
1.840000 251 59
1.880000 250 57
1.920000 251 57
1.960000 251 56
2.000000 251 57
2.040000 251 57
2.080000 252 57
2.120000 249 57
2.160000 249 57
2.200000 251 57
2.240000 249 56
2.280000 250 56
2.320000 247 56
2.360000 246 57
2.400000 236 58
2.440000 225 57
2.480000 212 61
2.520000 195 57
2.560000 183 56
2.600000 164 58
2.640000 152 61
2.680000 142 63
2.720000 140 61
2.760000 137 57
2.800000 136 56
2.840000 135 56
2.880000 136 55
2.920000 136 56
2.960000 137 55
3.000000 137 55
3.040000 139 56
3.080000 136 56
3.120000 136 56
3.160000 136 55
3.200000 136 54
3.240000 136 54
3.280000 136 52
3.320000 132 54
3.360000 122 55
3.400000 110 56
3.440000 97 57
3.480000 81 56
3.520000 70 56
3.560000 54 57
3.600000 43 61
3.640000 34 63
3.680000 32 61
3.720000 29 58
3.760000 29 56
3.800000 29 56
3.840000 29 56
3.880000 29 56
3.920000 29 56
3.960000 30 56
4.000000 32 56
4.040000 29 56
4.080000 29 56
4.120000 29 56
4.160000 29 56
4.200000 29 56
4.280000 28 52
4.320000 19 56
