0.000000 297 56
0.040000 297 56
0.080000 297 56
0.120000 297 56
0.160000 297 56
0.200000 297 56
0.240000 297 56
0.280000 297 56
0.320000 297 56
0.360000 297 56
0.400000 297 56
0.440000 297 56
0.480000 297 56
0.520000 297 56
0.560000 297 56
0.600000 297 56
0.640000 297 56
0.680000 297 56
0.720000 297 56
0.760000 297 56
0.800000 297 56
0.840000 297 56
0.880000 297 56
0.920000 297 56
0.960000 297 56
1.000000 297 56
1.040000 297 56
1.080000 297 56
1.120000 297 56
1.160000 297 56
1.200000 297 56
1.240000 297 56
1.280000 297 56
1.320000 297 56
1.360000 297 56
1.400000 297 56
1.440000 297 56
1.480000 297 56
1.520000 297 56
1.560000 297 56
1.600000 297 56
1.640000 297 56
1.680000 297 56
1.720000 297 56
1.760000 297 56
1.800000 297 56
1.840000 297 56
1.880000 297 56
1.920000 297 56
1.960000 297 56
2.000000 297 56
2.040000 298 56
2.080000 297 56
2.120000 298 56
2.160000 298 57
2.200000 298 56
2.240000 298 56
2.280000 297 56
2.320000 297 56
2.360000 297 58
2.400000 296 61
2.440000 294 63
2.480000 289 67
2.520000 283 71
2.560000 273 72
2.600000 264 70
2.640000 252 67
2.680000 241 60
2.720000 226 60
2.760000 211 56
2.800000 199 56
2.840000 192 56
2.880000 190 56
2.920000 190 56
2.960000 190 56
3.000000 190 56
3.040000 190 56
3.080000 190 56
3.120000 190 57
3.160000 190 56
3.200000 190 56
3.240000 153 61
3.280000 190 57
3.320000 190 57
3.360000 136 59
3.400000 186 64
3.440000 181 70
3.480000 173 72
3.520000 164 73
3.560000 153 72
3.600000 142 67
3.640000 131 61
3.680000 116 60
3.720000 103 57
3.760000 92 58
3.800000 86 59
3.840000 84 57
3.880000 83 56
3.920000 84 58
3.960000 118 74
4.000000 111 76
4.040000 84 58
4.080000 85 59
4.120000 84 59
4.160000 85 59
4.200000 85 59
4.240000 84 59
4.280000 84 60
4.320000 83 61
4.360000 81 63
4.400000 75 68
4.440000 70 71
4.480000 64 72
4.520000 55 72
4.560000 44 72
4.600000 34 65
4.640000 14 61
4.680000 16 63
4.720000 18 64
4.760000 21 65
4.800000 23 67
4.840000 26 68
4.880000 25 73
4.920000 21 74
4.960000 18 75
5.000000 15 76
5.040000 12 76
5.080000 12 76
5.120000 12 76
5.160000 12 76
5.200000 12 76
5.240000 12 76
5.280000 12 76
5.320000 12 76
5.360000 12 76
5.400000 12 76
