0.000000 298 61
0.040000 298 61
0.080000 298 61
0.120000 298 61
0.160000 298 61
0.200000 298 61
0.240000 298 61
0.280000 298 61
0.320000 298 61
0.360000 298 61
0.400000 298 61
0.440000 298 61
0.480000 298 61
0.520000 298 61
0.560000 298 61
0.600000 298 61
0.640000 298 61
0.680000 298 61
0.720000 298 61
0.760000 298 61
0.800000 298 61
0.840000 298 61
0.880000 298 61
0.920000 298 61
0.960000 298 61
1.000000 298 61
1.040000 298 61
1.080000 298 61
1.120000 298 61
1.160000 298 61
1.200000 298 61
1.240000 298 61
1.280000 298 61
1.320000 298 61
1.360000 298 61
1.400000 298 61
1.440000 298 61
1.480000 298 61
1.520000 298 61
1.560000 298 61
1.600000 298 61
1.640000 298 61
1.680000 298 61
1.720000 298 61
1.760000 298 61
1.800000 298 61
1.840000 298 61
1.880000 298 61
1.920000 294 60
1.960000 300 63
2.000000 307 65
2.040000 313 68
2.080000 315 71
2.120000 307 72
2.160000 296 69
2.200000 283 66
2.240000 272 65
2.280000 259 62
2.320000 251 66
2.360000 245 65
2.400000 242 63
2.440000 241 61
2.480000 240 61
2.520000 240 61
2.560000 240 61
2.600000 240 61
2.640000 240 63
2.680000 240 62
2.720000 240 61
2.760000 240 61
2.800000 239 61
2.840000 238 63
2.880000 236 64
2.920000 235 66
2.960000 229 70
3.000000 221 72
3.040000 212 74
3.080000 201 72
3.120000 190 71
3.160000 178 67
3.200000 164 66
3.240000 186 61
3.280000 143 65
3.320000 138 66
3.360000 184 63
3.400000 133 62
3.440000 132 61
3.480000 132 61
3.520000 132 61
3.560000 132 61
3.600000 132 62
3.640000 132 62
3.680000 132 62
3.720000 132 62
3.760000 132 62
3.800000 132 63
3.840000 130 65
3.880000 127 67
3.920000 122 71
3.960000 81 61
4.000000 81 61
4.040000 96 74
4.080000 86 72
4.120000 75 67
4.160000 64 67
4.200000 54 66
4.240000 45 67
4.280000 39 67
4.320000 38 67
4.360000 36 65
4.400000 35 65
4.440000 34 65
4.480000 34 64
4.520000 34 65
4.560000 34 67
4.600000 36 66
4.640000 34 66
4.680000 34 65
4.720000 34 65
4.760000 34 65
4.800000 34 66
4.840000 32 67
4.880000 29 70
4.920000 23 72
4.960000 15 76
5.000000 15 76
5.040000 15 76
5.080000 15 76
5.120000 15 76
5.160000 15 76
5.200000 15 76
5.240000 15 76
5.280000 15 76
5.320000 15 76
5.360000 15 76
5.400000 15 76
