0.000000 320 118
0.040000 320 118
0.080000 320 118
0.120000 320 118
0.160000 320 118
0.200000 320 118
0.240000 320 118
0.280000 320 118
0.320000 320 118
0.360000 320 118
0.400000 320 118
0.440000 320 118
0.480000 320 118
0.520000 320 118
0.560000 320 118
0.600000 320 118
0.640000 320 118
0.680000 320 118
0.720000 320 118
0.760000 320 118
0.800000 320 118
0.840000 320 118
0.880000 320 118
0.920000 320 118
0.960000 320 118
1.000000 320 118
1.040000 320 118
1.080000 320 118
1.120000 320 118
1.160000 320 118
1.200000 320 118
1.240000 320 118
1.280000 320 118
1.320000 320 118
1.360000 320 118
1.400000 320 118
1.440000 320 118
1.480000 320 118
1.520000 320 118
1.560000 320 118
1.600000 320 118
1.640000 320 118
1.680000 320 118
1.720000 320 118
1.760000 320 118
1.800000 320 118
1.840000 320 118
1.880000 320 118
1.920000 320 118
1.960000 320 118
2.000000 320 118
2.040000 320 118
2.080000 320 118
2.120000 320 118
2.160000 320 118
2.200000 315 118
2.240000 309 119
2.280000 304 119
2.320000 301 119
2.360000 298 122
2.400000 293 120
2.440000 288 121
2.480000 287 120
2.520000 283 121
2.560000 279 119
2.600000 275 119
2.640000 271 119
2.680000 266 118
2.720000 261 118
2.760000 257 118
2.800000 251 118
2.840000 247 119
2.880000 243 121
2.920000 239 121
2.960000 235 122
3.000000 231 121
3.040000 228 121
3.080000 223 119
3.120000 219 119
3.160000 214 119
3.200000 208 119
3.240000 203 119
3.280000 199 119
3.320000 192 119
3.360000 188 119
3.400000 184 119
3.440000 179 119
3.480000 174 118
3.520000 171 118
3.560000 166 117
3.600000 160 115
3.640000 154 116
3.680000 149 117
3.720000 144 117
3.760000 141 118
3.800000 136 119
3.840000 133 120
3.880000 128 120
3.920000 123 119
3.960000 118 118
4.000000 116 115
4.040000 110 114
4.080000 105 113
4.120000 99 114
4.160000 95 117
4.200000 88 118
4.240000 81 117
4.280000 79 119
4.320000 75 119
4.360000 70 119
4.400000 68 118
4.440000 64 117
4.480000 60 116
4.520000 56 115
4.560000 53 117
4.600000 48 117
4.640000 44 117
4.680000 38 118
4.720000 34 118
4.760000 32 119
4.800000 29 119
4.840000 25 119
4.880000 22 118
4.920000 18 117
4.960000 13 117
5.000000 8 116
5.040000 6 117
5.080000 2 117
5.120000 2 117
5.160000 2 117
5.200000 2 117
5.240000 2 117
5.280000 2 117
5.320000 2 117
5.360000 2 117
5.400000 2 117
5.440000 2 117
5.480000 2 117
