0.000000 309 68
0.040000 309 68
0.080000 309 68
0.120000 309 68
0.160000 309 68
0.200000 309 68
0.240000 309 68
0.280000 309 68
0.320000 309 68
0.360000 309 68
0.400000 309 68
0.440000 309 68
0.480000 309 68
0.520000 309 68
0.560000 309 68
0.600000 309 68
0.640000 309 68
0.680000 309 68
0.720000 309 68
0.760000 309 68
0.800000 309 68
0.840000 309 68
0.880000 309 68
0.920000 309 68
0.960000 309 68
1.000000 309 68
1.040000 309 68
1.080000 309 68
1.120000 309 68
1.160000 309 68
1.200000 309 68
1.240000 309 68
1.280000 309 68
1.320000 309 68
1.360000 309 68
1.400000 309 68
1.440000 309 68
1.480000 309 68
1.520000 309 68
1.560000 309 68
1.600000 309 68
1.640000 309 68
1.680000 309 68
1.720000 309 68
1.760000 309 68
1.800000 309 68
1.840000 309 68
1.880000 309 68
1.920000 309 68
1.960000 309 68
2.000000 309 68
2.040000 309 68
2.080000 309 68
2.120000 293 67
2.160000 299 70
2.200000 306 73
2.240000 313 76
2.280000 320 76
2.320000 320 74
2.360000 309 77
2.400000 299 77
2.440000 293 74
2.480000 279 71
2.520000 268 70
2.560000 257 67
2.600000 247 67
2.640000 244 66
2.680000 242 63
2.720000 241 62
2.760000 241 61
2.800000 241 61
2.840000 241 62
2.880000 240 65
2.920000 239 63
2.960000 242 63
3.000000 241 63
3.040000 241 63
3.080000 240 63
3.120000 240 64
3.160000 238 66
3.200000 234 70
3.240000 225 72
3.280000 216 74
3.320000 205 72
3.360000 195 71
3.400000 182 67
3.440000 170 66
3.480000 158 66
3.520000 147 65
3.560000 142 65
3.600000 138 61
3.640000 137 61
3.680000 135 61
3.720000 134 61
3.760000 134 60
3.800000 133 61
3.840000 134 60
3.880000 137 61
3.920000 135 61
3.960000 135 61
4.000000 135 60
4.040000 134 61
4.080000 133 62
4.120000 128 67
4.160000 122 70
4.200000 112 72
4.240000 102 72
4.280000 93 70
4.320000 80 70
4.360000 70 67
4.400000 59 67
4.440000 49 67
4.480000 42 65
4.520000 38 65
4.560000 36 62
4.600000 34 61
4.640000 36 61
4.680000 35 61
4.720000 34 61
4.760000 34 63
4.800000 37 63
4.840000 35 65
4.880000 36 61
4.920000 35 62
4.960000 34 63
5.000000 34 65
5.040000 32 67
5.080000 27 70
5.120000 19 72
5.160000 19 72
5.200000 19 72
5.240000 19 72
5.280000 19 72
5.320000 19 72
5.360000 19 72
5.400000 19 72
5.440000 19 72
5.480000 19 72
