0.000000 314 154
0.040000 314 154
0.080000 314 154
0.120000 314 154
0.160000 314 154
0.200000 314 154
0.240000 314 154
0.280000 314 154
0.320000 314 154
0.360000 314 154
0.400000 314 154
0.440000 314 154
0.480000 314 154
0.520000 314 154
0.560000 314 154
0.600000 314 154
0.640000 314 154
0.680000 314 154
0.720000 314 154
0.760000 314 154
0.800000 314 154
0.840000 314 154
0.880000 314 154
0.920000 314 154
0.960000 314 154
1.000000 314 154
1.040000 314 154
1.080000 314 154
1.120000 314 154
1.160000 314 154
1.200000 314 154
1.240000 314 154
1.280000 314 154
1.320000 314 154
1.360000 314 154
1.400000 314 154
1.440000 314 154
1.480000 314 154
1.520000 314 154
1.560000 314 154
1.600000 314 154
1.640000 314 154
1.680000 314 154
1.720000 314 154
1.760000 314 154
1.800000 314 154
1.840000 314 154
1.880000 314 154
1.920000 314 154
1.960000 314 154
2.000000 314 154
2.040000 314 154
2.080000 314 154
2.120000 314 154
2.160000 314 154
2.200000 309 153
2.240000 304 153
2.280000 302 154
2.320000 298 154
2.360000 294 154
2.400000 291 155
2.440000 288 158
2.480000 285 157
2.520000 283 158
2.560000 278 156
2.600000 273 155
2.640000 269 155
2.680000 265 155
2.720000 261 155
2.760000 256 154
2.800000 251 156
2.840000 247 156
2.880000 242 158
2.920000 237 158
2.960000 231 156
3.000000 229 157
3.040000 225 156
3.080000 220 155
3.120000 215 154
3.160000 210 154
3.200000 205 155
3.240000 200 155
3.280000 195 155
3.320000 192 158
3.360000 189 159
3.400000 184 159
3.440000 179 157
3.480000 174 156
3.520000 171 157
3.560000 166 156
3.600000 160 155
3.640000 158 156
3.680000 153 156
3.720000 147 156
3.760000 140 155
3.800000 135 157
3.840000 132 159
3.880000 128 159
3.920000 122 158
3.960000 118 157
4.000000 114 156
4.040000 107 155
4.080000 105 155
4.120000 101 156
4.160000 95 155
4.200000 86 155
4.240000 81 155
4.280000 80 159
4.320000 74 159
4.360000 71 159
4.400000 65 155
4.440000 62 154
4.480000 62 154
4.520000 55 154
4.560000 55 154
4.600000 51 154
4.640000 47 154
4.680000 36 153
4.720000 39 156
4.760000 34 158
4.800000 33 159
4.840000 29 159
4.880000 23 156
4.920000 21 155
4.960000 12 154
5.000000 9 155
5.040000 6 155
5.080000 3 156
5.120000 1 156
5.160000 1 156
5.200000 1 156
5.240000 1 156
5.280000 1 156
5.320000 1 156
5.360000 1 156
5.400000 1 156
5.440000 1 156
5.480000 1 156
