2.000000 306 122
2.040000 303 123
2.080000 297 122
2.120000 293 122
2.200000 288 122
2.320000 273 119
2.360000 268 122
2.400000 260 122
2.440000 252 123
2.480000 247 124
2.520000 241 124
2.560000 236 124
2.600000 231 124
2.640000 227 123
2.680000 225 122
2.720000 225 121
2.760000 224 120
2.800000 223 120
2.880000 218 118
2.920000 211 118
2.960000 205 120
3.000000 199 123
3.040000 221 118
3.080000 218 118
3.120000 214 118
3.160000 207 118
3.200000 200 117
3.400000 155 119
3.440000 147 122
3.480000 141 123
3.520000 132 123
3.560000 127 123
3.600000 121 123
3.640000 117 123
3.680000 114 123
3.720000 111 122
3.760000 111 122
3.920000 93 119
3.960000 112 118
4.000000 112 119
4.040000 110 118
4.080000 107 118
4.120000 102 118
4.160000 97 117
4.200000 92 116
4.240000 86 116
4.280000 79 115
4.520000 32 123
4.560000 25 124
4.600000 21 124
4.640000 17 123
4.720000 12 123
4.760000 24 118
4.800000 19 115
5.040000 8 117
5.120000 6 118
