0.000000 316 63
0.040000 316 63
0.080000 316 63
0.120000 316 63
0.160000 316 63
0.200000 316 63
0.240000 316 63
0.280000 316 63
0.320000 316 63
0.360000 316 63
0.400000 316 63
0.440000 316 63
0.480000 316 63
0.520000 316 63
0.560000 316 63
0.600000 316 63
0.640000 316 63
0.680000 288 60
0.720000 288 57
0.760000 276 56
0.800000 261 59
0.840000 249 61
0.880000 243 64
0.920000 241 60
0.960000 240 56
1.000000 240 56
1.040000 239 56
1.080000 273 60
1.120000 264 61
1.160000 239 56
1.200000 240 56
1.240000 238 55
1.280000 238 56
1.320000 239 56
1.360000 240 55
1.400000 239 54
1.440000 238 54
1.480000 238 56
1.520000 182 56
1.560000 182 56
1.600000 209 55
1.640000 190 54
1.680000 176 52
1.720000 160 53
1.760000 145 56
1.800000 132 59
1.840000 127 59
1.880000 126 56
1.920000 125 53
1.960000 125 54
2.000000 173 56
2.040000 125 52
2.080000 148 56
2.120000 126 53
2.160000 122 55
2.200000 101 56
2.240000 87 60
2.280000 79 63
2.320000 70 65
2.360000 125 52
2.400000 123 52
2.440000 71 56
2.480000 112 52
2.520000 97 51
2.560000 78 55
2.600000 68 52
2.640000 69 55
2.680000 38 57
2.720000 28 61
2.760000 23 61
2.800000 22 59
2.840000 23 56
2.880000 21 56
2.920000 21 56
2.960000 57 56
3.000000 21 56
3.040000 21 56
3.080000 17 56
3.120000 13 58
3.160000 9 59
3.200000 5 61
3.240000 21 56
3.280000 21 56
3.320000 21 56
3.360000 21 56
3.400000 21 56
3.440000 21 56
3.480000 21 56
3.520000 21 56
3.560000 21 56
3.600000 21 56
3.640000 21 56
3.680000 21 56
3.720000 21 56
3.760000 21 56
3.800000 21 56
3.840000 21 56
3.880000 21 56
3.920000 21 56
3.960000 21 56
4.000000 21 56
4.040000 21 56
4.080000 21 56
