0.000000 303 170
0.040000 303 170
0.080000 303 170
0.120000 303 170
0.160000 303 170
0.200000 303 170
0.240000 303 170
0.280000 303 170
0.320000 303 170
0.360000 303 170
0.400000 303 170
0.440000 303 170
0.480000 303 170
0.520000 303 170
0.560000 303 170
0.600000 303 170
0.640000 303 170
0.680000 299 171
0.720000 296 171
0.760000 292 171
0.800000 287 171
0.840000 283 170
0.880000 278 170
0.920000 274 170
0.960000 270 170
1.000000 264 170
1.040000 260 171
1.080000 257 171
1.120000 252 172
1.160000 247 174
1.200000 242 173
1.240000 238 173
1.280000 234 172
1.320000 228 171
1.360000 223 171
1.400000 218 170
1.440000 214 170
1.480000 208 171
1.520000 203 171
1.560000 199 171
1.600000 194 171
1.640000 188 172
1.680000 183 172
1.720000 178 171
1.760000 173 171
1.800000 168 170
1.840000 162 170
1.880000 158 170
1.920000 153 170
1.960000 147 170
2.000000 142 171
2.040000 137 171
2.080000 132 171
2.120000 127 172
2.160000 122 171
2.200000 117 171
2.240000 112 170
2.280000 107 170
2.320000 102 169
2.360000 97 169
2.400000 93 170
2.440000 87 170
2.480000 82 170
2.520000 79 170
2.560000 74 171
2.600000 69 171
2.640000 64 171
2.680000 59 170
2.720000 55 167
2.760000 51 167
2.800000 45 166
2.840000 41 166
2.880000 38 166
2.920000 33 167
2.960000 28 167
3.000000 23 167
3.040000 20 167
3.080000 17 167
3.120000 8 166
3.160000 6 166
3.200000 5 165
3.240000 3 165
3.280000 2 163
3.320000 2 163
3.360000 2 163
3.400000 2 163
3.440000 2 163
3.480000 2 163
3.520000 2 163
3.560000 2 163
3.600000 2 163
3.640000 2 163
3.680000 2 163
3.720000 2 163
3.760000 2 163
3.800000 2 163
3.840000 2 163
3.880000 2 163
3.920000 2 163
3.960000 2 163
4.000000 2 163
4.040000 2 163
4.080000 2 163
