2.200000 198 123
2.240000 194 122
2.280000 190 122
2.320000 185 121
2.360000 180 121
2.400000 174 122
2.440000 169 122
2.480000 164 123
2.520000 162 123
2.560000 158 123
2.600000 154 123
2.640000 150 122
2.680000 146 120
2.720000 142 119
2.760000 138 119
2.800000 132 119
2.840000 125 119
2.880000 120 120
2.920000 116 120
2.960000 111 121
3.000000 108 121
3.040000 104 120
3.080000 102 121
3.120000 98 121
3.160000 94 121
3.200000 90 119
3.240000 84 119
3.280000 79 120
3.320000 73 120
3.360000 69 122
3.400000 66 124
