2.440000 320 64
2.480000 320 64
2.520000 320 66
2.560000 320 68
2.600000 312 67
2.640000 304 65
2.680000 294 63
2.720000 283 59
2.760000 273 58
2.800000 268 58
2.840000 267 58
2.880000 266 56
2.920000 266 56
2.960000 266 56
3.000000 266 56
3.040000 266 56
3.080000 266 56
3.120000 266 57
3.160000 266 58
3.200000 266 56
3.240000 266 56
3.280000 266 56
3.320000 266 56
3.360000 266 56
3.400000 263 57
3.440000 262 59
3.480000 258 61
3.520000 254 66
3.560000 246 68
3.600000 239 68
3.640000 231 67
3.680000 218 66
3.720000 208 60
3.760000 196 59
3.800000 184 55
3.840000 173 56
3.880000 166 56
3.920000 163 55
3.960000 162 54
4.000000 162 54
4.040000 161 55
4.080000 160 54
4.120000 162 54
4.160000 162 54
4.200000 162 54
4.240000 162 55
4.280000 162 55
4.320000 161 55
4.360000 161 54
4.400000 161 54
4.440000 160 54
4.480000 159 55
4.520000 158 56
4.560000 153 61
4.600000 145 65
4.640000 138 67
4.680000 131 68
4.720000 120 70
4.760000 110 66
4.800000 101 61
4.840000 89 59
4.880000 77 56
4.920000 68 56
4.960000 60 56
5.000000 59 54
5.040000 59 53
5.080000 59 52
5.120000 59 52
5.160000 59 52
5.200000 59 52
5.240000 59 52
5.280000 59 52
5.320000 59 52
5.360000 59 54
5.400000 59 52
5.440000 59 52
5.480000 59 53
5.520000 59 53
5.560000 56 56
5.600000 53 59
5.640000 49 61
5.680000 42 66
5.720000 34 67
5.800000 18 66
5.840000 12 61
5.920000 16 61
5.960000 16 61
