2.480000 320 139
2.520000 320 145
2.560000 320 143
2.600000 316 139
2.640000 314 139
2.680000 314 139
2.720000 312 139
2.760000 309 139
2.800000 307 138
2.840000 303 137
2.880000 299 137
2.920000 296 137
2.960000 292 137
3.000000 288 137
3.040000 283 137
3.080000 278 137
3.120000 273 138
3.160000 268 139
3.200000 262 139
3.240000 257 138
3.280000 252 138
3.320000 247 137
3.360000 243 137
3.400000 240 138
3.440000 236 137
3.480000 231 137
3.520000 229 139
3.560000 225 139
3.600000 222 139
3.640000 220 139
3.680000 219 139
3.720000 216 139
3.760000 213 139
3.800000 210 139
3.840000 206 138
3.880000 203 137
3.920000 199 136
3.960000 194 135
4.000000 187 135
4.040000 181 134
4.080000 175 135
4.120000 169 136
4.160000 163 138
4.200000 157 139
4.240000 149 139
4.280000 144 139
4.320000 137 136
4.360000 133 137
4.400000 128 136
4.440000 125 138
4.480000 121 135
4.520000 117 137
4.560000 115 138
4.600000 111 137
4.640000 108 139
4.680000 107 139
4.720000 105 139
4.760000 104 139
4.800000 101 137
4.840000 100 137
4.880000 96 137
4.920000 92 135
4.960000 89 134
5.000000 84 134
5.040000 80 134
5.080000 75 134
5.120000 67 134
5.160000 60 134
5.200000 55 135
5.240000 49 136
5.280000 44 136
5.320000 39 137
5.360000 34 136
5.400000 30 137
5.440000 27 135
5.480000 23 135
5.520000 19 135
5.560000 18 135
5.600000 13 134
5.640000 12 135
5.680000 10 137
5.720000 7 135
5.760000 6 135
5.840000 2 135
5.880000 2 135
5.920000 2 135
