0.960000 320 151
1.000000 316 149
1.040000 310 148
1.080000 304 149
1.120000 299 150
1.160000 294 150
1.200000 288 150
1.240000 283 153
1.280000 278 154
1.320000 273 154
1.360000 267 152
1.400000 262 150
1.440000 256 149
1.480000 250 149
1.520000 243 149
1.560000 236 149
1.600000 231 150
1.640000 226 151
1.680000 221 154
1.720000 216 154
1.760000 209 152
1.800000 203 150
1.840000 195 149
1.880000 190 149
1.920000 184 149
1.960000 177 149
2.000000 171 150
2.040000 164 151
2.080000 158 154
2.120000 153 154
2.160000 147 152
2.200000 140 150
2.240000 133 150
2.280000 127 148
2.320000 121 148
2.360000 115 148
2.400000 107 148
2.440000 101 149
2.480000 96 150
2.520000 91 151
2.560000 86 151
2.600000 81 150
2.640000 75 150
2.680000 69 147
2.720000 64 145
2.760000 58 145
2.800000 53 145
2.840000 47 148
2.880000 42 150
2.920000 37 150
2.960000 31 150
3.000000 27 150
3.040000 21 148
3.080000 17 145
3.120000 12 146
3.200000 2 148
