0.920000 309 67
0.960000 296 63
1.000000 288 65
1.040000 283 62
1.080000 282 61
1.120000 279 61
1.160000 279 61
1.200000 279 61
1.240000 279 63
1.280000 282 63
1.320000 279 61
1.360000 279 61
1.400000 278 61
1.440000 277 63
1.480000 273 67
1.520000 268 68
1.560000 258 70
1.600000 246 70
1.640000 234 67
1.680000 216 65
1.720000 204 62
1.760000 188 59
1.800000 174 59
1.840000 165 59
1.880000 163 57
1.920000 162 57
1.960000 160 57
2.000000 159 56
2.040000 160 58
2.080000 160 61
2.120000 161 57
2.160000 132 56
2.200000 158 57
2.240000 158 58
2.280000 158 60
2.320000 153 63
2.360000 146 67
2.400000 136 67
2.440000 123 67
2.480000 110 66
2.520000 94 62
2.560000 80 62
2.600000 65 61
2.640000 54 61
2.680000 47 61
2.720000 44 60
2.760000 43 59
2.800000 42 59
2.840000 43 60
2.880000 42 60
2.920000 44 63
2.960000 42 60
3.000000 41 61
3.040000 40 61
3.080000 40 61
3.120000 38 62
3.160000 34 66
3.200000 29 67
