0.000000 320 152
0.040000 320 152
0.080000 320 152
0.120000 320 152
0.160000 320 152
0.200000 320 152
0.240000 320 152
0.280000 320 152
0.320000 320 152
0.360000 320 152
0.400000 320 152
0.440000 320 152
0.480000 320 152
0.520000 320 152
0.560000 320 152
0.600000 320 152
0.640000 320 152
0.680000 320 152
0.720000 320 152
0.760000 320 152
0.800000 320 152
0.840000 320 152
0.880000 320 152
0.920000 320 152
0.960000 320 152
1.000000 320 152
1.040000 320 152
1.080000 320 152
1.120000 320 152
1.160000 320 152
1.200000 320 152
1.240000 320 152
1.280000 320 152
1.320000 320 152
1.360000 320 152
1.400000 320 152
1.440000 320 152
1.480000 320 152
1.520000 320 152
1.560000 320 152
1.600000 320 152
1.640000 320 152
1.680000 320 152
1.720000 320 152
1.760000 320 152
1.800000 320 152
1.840000 320 152
1.880000 320 155
1.920000 314 156
1.960000 309 155
2.000000 304 155
2.040000 299 154
2.080000 295 154
2.120000 291 152
2.160000 287 152
2.200000 282 151
2.240000 276 152
2.280000 272 153
2.320000 267 155
2.360000 262 155
2.400000 257 155
2.440000 251 155
2.480000 247 154
2.520000 242 154
2.560000 236 152
2.600000 231 152
2.640000 226 152
2.680000 221 153
2.720000 216 154
2.760000 211 154
2.800000 207 154
2.840000 202 155
2.880000 198 157
2.920000 193 156
2.960000 188 155
3.000000 182 155
3.040000 178 154
3.080000 173 152
3.120000 167 152
3.160000 160 152
3.200000 156 154
3.240000 152 154
3.280000 147 156
3.320000 142 157
3.360000 138 155
3.400000 132 154
3.440000 127 154
3.480000 122 153
3.520000 118 151
3.560000 113 150
3.600000 107 150
3.640000 102 150
3.680000 97 150
3.720000 92 153
3.760000 87 154
3.800000 84 155
3.840000 80 155
3.880000 75 155
3.920000 71 154
3.960000 66 154
4.000000 64 150
4.040000 59 150
4.080000 55 150
4.120000 50 150
4.160000 45 152
4.200000 43 152
4.240000 38 154
4.280000 34 154
4.320000 32 154
4.360000 28 154
4.400000 24 153
4.440000 20 150
4.480000 17 149
4.520000 13 149
4.560000 7 150
4.600000 1 150
4.640000 1 150
4.680000 1 150
4.720000 1 150
4.760000 1 150
4.800000 1 150
4.840000 1 150
4.880000 1 150
4.920000 1 150
4.960000 1 150
