2.880000 320 118
2.920000 320 113
3.000000 309 109
3.040000 305 111
3.080000 300 111
3.120000 295 110
3.160000 293 112
3.200000 288 113
3.240000 286 114
3.280000 282 114
3.320000 278 113
3.360000 276 113
3.400000 272 113
3.440000 268 112
3.480000 263 111
3.520000 258 110
3.560000 253 111
3.600000 250 112
3.640000 246 113
3.680000 242 113
3.720000 237 112
3.760000 235 113
3.800000 231 113
3.840000 227 111
3.880000 225 109
3.920000 221 108
3.960000 215 109
4.000000 210 110
4.040000 203 111
4.080000 199 111
4.120000 194 113
4.160000 190 113
4.200000 185 113
4.240000 183 113
4.280000 179 113
4.320000 174 111
4.360000 169 110
4.400000 164 109
4.440000 158 109
4.480000 153 108
4.520000 148 109
4.560000 144 111
4.600000 141 113
4.640000 138 113
4.680000 134 113
4.720000 128 111
4.760000 126 110
4.800000 122 109
4.840000 118 109
4.880000 114 108
4.920000 107 108
4.960000 103 109
5.000000 101 110
5.040000 95 113
5.080000 91 113
5.120000 86 113
5.160000 81 113
5.200000 76 111
5.240000 74 111
5.280000 70 108
5.320000 65 109
5.360000 60 108
5.400000 54 108
5.440000 49 108
5.480000 45 111
5.520000 44 112
5.560000 43 112
5.600000 39 111
5.640000 34 112
5.680000 32 110
5.720000 29 110
5.760000 25 111
5.800000 21 111
5.840000 18 110
5.880000 13 109
5.920000 8 109
5.960000 5 110
6.000000 2 113
6.040000 2 113
6.080000 2 113
