2.200000 315 116
2.240000 309 115
2.280000 303 114
2.320000 297 113
2.360000 292 113
2.400000 288 112
2.440000 283 112
2.480000 281 113
2.520000 278 113
2.560000 274 113
2.600000 273 113
2.640000 271 113
2.680000 268 114
2.720000 266 113
2.760000 262 113
2.800000 259 110
2.840000 255 109
2.880000 251 109
2.920000 246 109
2.960000 241 109
3.000000 235 110
3.040000 230 113
3.080000 222 113
3.120000 215 113
3.160000 207 113
3.200000 200 113
3.240000 195 111
3.280000 190 109
3.320000 184 108
3.360000 181 109
3.400000 177 109
3.440000 174 111
3.480000 171 111
3.520000 168 113
3.560000 164 113
3.600000 162 113
3.640000 158 111
3.680000 153 109
3.720000 148 108
3.760000 143 108
3.800000 138 108
3.840000 133 108
3.880000 127 109
3.920000 121 109
3.960000 112 110
4.000000 106 110
4.040000 100 111
4.080000 92 111
4.120000 85 109
4.160000 79 108
4.200000 75 108
4.240000 70 108
4.280000 66 108
4.320000 64 108
4.360000 60 109
4.400000 59 112
4.440000 55 112
4.480000 54 111
4.520000 50 110
4.560000 49 108
4.600000 44 107
4.640000 41 107
4.680000 37 106
4.720000 32 107
4.760000 24 107
4.800000 18 108
4.840000 12 109
4.880000 7 109
4.960000 2 113
