2.080000 314 65
2.120000 314 67
2.160000 309 71
2.200000 299 69
2.240000 289 66
2.280000 281 65
2.320000 273 65
2.360000 311 66
2.400000 268 61
2.440000 267 61
2.480000 267 61
2.520000 267 61
2.560000 267 61
2.600000 268 67
2.640000 267 61
2.680000 267 61
2.720000 242 59
2.760000 267 61
2.800000 267 62
2.840000 266 64
2.880000 262 67
2.920000 257 70
2.960000 220 57
3.000000 240 72
3.040000 231 71
3.080000 221 69
3.120000 209 65
3.160000 196 63
3.200000 184 61
3.240000 219 58
3.280000 170 61
3.320000 216 61
3.360000 211 63
3.400000 165 61
3.440000 165 61
3.480000 165 60
3.520000 168 64
3.560000 162 61
3.600000 148 61
3.640000 166 61
3.680000 165 61
3.720000 164 61
3.760000 164 61
3.800000 160 65
3.840000 154 67
3.880000 116 56
3.920000 136 70
3.960000 125 67
4.000000 116 61
4.040000 102 63
4.080000 90 59
4.120000 80 61
4.160000 74 61
4.200000 70 59
4.240000 69 58
4.280000 69 57
4.320000 69 57
4.360000 66 59
4.400000 68 61
4.440000 68 60
4.480000 69 58
4.520000 68 60
4.560000 30 56
4.600000 23 57
4.640000 65 61
4.680000 21 57
4.720000 58 66
4.760000 49 67
4.800000 19 56
4.840000 32 67
4.880000 23 66
4.920000 14 61
4.960000 2 60
5.080000 18 59
5.120000 16 61
