0.000000 298 63
0.040000 298 63
0.080000 298 63
0.120000 298 63
0.160000 298 63
0.200000 298 63
0.240000 298 63
0.280000 298 63
0.320000 298 63
0.360000 298 63
0.400000 298 63
0.440000 298 63
0.480000 298 63
0.520000 298 63
0.560000 298 63
0.600000 298 63
0.640000 298 63
0.680000 298 63
0.720000 298 63
0.760000 298 63
0.800000 298 63
0.840000 298 63
0.880000 298 63
0.920000 298 63
0.960000 298 63
1.000000 298 63
1.040000 298 63
1.080000 298 63
1.120000 298 63
1.160000 298 63
1.200000 298 63
1.240000 298 63
1.280000 298 63
1.320000 298 63
1.360000 298 63
1.400000 298 63
1.440000 298 63
1.480000 298 63
1.520000 298 63
1.560000 298 63
1.600000 287 62
1.640000 295 64
1.680000 303 65
1.720000 311 67
1.760000 320 67
1.800000 314 71
1.840000 305 75
1.880000 298 74
1.920000 289 71
1.960000 287 61
2.000000 288 62
2.040000 259 63
2.080000 251 63
2.120000 288 65
2.160000 242 62
2.200000 241 60
2.240000 283 66
2.280000 281 66
2.320000 240 61
2.360000 241 61
2.400000 240 61
2.440000 241 62
2.480000 241 61
2.520000 241 62
2.560000 240 61
2.600000 241 61
2.640000 241 61
2.680000 241 61
2.720000 240 62
2.760000 236 65
2.800000 233 66
2.840000 226 68
2.880000 194 56
2.920000 207 71
2.960000 199 67
3.000000 194 58
3.040000 195 57
3.080000 196 57
3.120000 196 58
3.160000 149 61
3.200000 195 60
3.240000 194 61
3.280000 191 61
3.320000 187 62
3.360000 146 58
3.400000 145 59
3.440000 144 59
3.480000 147 61
3.520000 147 61
3.560000 147 61
3.600000 146 61
3.640000 147 61
3.680000 147 61
3.720000 147 61
3.760000 144 65
3.800000 143 63
3.840000 140 65
3.880000 101 57
3.920000 101 57
3.960000 116 69
4.000000 101 58
4.040000 95 61
4.080000 84 61
4.120000 75 63
4.160000 67 62
4.200000 62 63
4.240000 101 59
4.280000 101 61
4.320000 58 59
4.360000 58 59
4.400000 59 60
4.440000 59 60
4.480000 71 66
4.520000 59 64
4.560000 60 61
4.600000 59 61
4.640000 59 61
4.680000 59 62
4.720000 18 61
4.760000 18 61
4.800000 18 60
4.840000 18 58
4.880000 47 67
4.920000 39 69
4.960000 18 60
5.000000 25 67
5.040000 14 64
5.080000 18 61
5.120000 2 62
5.160000 18 61
5.200000 18 61
5.240000 18 61
5.280000 18 61
5.320000 18 61
5.360000 18 61
5.400000 18 61
