2.600000 281 56
2.640000 281 57
2.680000 281 57
2.720000 281 56
2.760000 282 56
2.800000 281 56
2.840000 281 56
2.880000 282 57
2.920000 282 56
2.960000 282 56
3.000000 282 56
3.040000 282 56
3.080000 281 56
3.120000 277 56
3.160000 268 57
3.200000 255 56
3.240000 240 56
3.280000 222 54
3.320000 206 55
3.360000 190 58
3.400000 179 61
3.440000 169 62
3.480000 164 61
3.520000 162 56
3.560000 162 54
3.600000 162 54
3.640000 162 54
3.680000 162 54
3.720000 161 54
3.760000 160 54
3.800000 160 54
3.840000 162 54
3.880000 162 54
3.920000 162 52
3.960000 161 52
4.000000 161 52
4.040000 160 52
4.080000 157 54
4.120000 144 55
4.160000 130 54
4.200000 114 54
4.240000 96 52
4.280000 80 54
4.320000 68 58
4.360000 54 61
4.400000 47 61
4.440000 44 58
4.480000 43 56
4.520000 43 54
4.560000 43 54
4.600000 42 54
4.640000 42 54
4.680000 43 54
4.720000 41 54
4.760000 41 54
4.800000 43 52
4.840000 43 52
4.880000 43 52
4.920000 44 52
4.960000 44 51
5.000000 43 52
5.040000 39 51
5.120000 18 56
