2.560000 314 149
2.600000 311 149
2.640000 306 149
2.680000 303 151
2.720000 299 154
2.760000 294 154
2.800000 292 155
2.840000 288 155
2.880000 283 154
2.920000 279 154
2.960000 276 153
3.000000 269 150
3.040000 264 151
3.080000 260 152
3.120000 253 153
3.160000 247 154
3.200000 242 155
3.240000 238 155
3.280000 231 155
3.320000 227 155
3.360000 221 154
3.400000 216 152
3.440000 212 151
3.480000 209 150
3.520000 203 149
3.560000 197 150
3.600000 194 154
3.640000 186 154
3.680000 180 154
3.720000 176 155
3.760000 173 155
3.800000 167 155
3.840000 164 155
3.880000 159 154
3.920000 153 152
3.960000 147 150
4.000000 142 150
4.040000 133 151
4.080000 127 153
4.120000 125 155
4.160000 117 155
4.200000 111 155
4.240000 108 155
4.280000 101 154
4.320000 97 154
4.360000 93 152
4.400000 90 152
4.440000 86 150
4.480000 81 152
4.520000 76 154
4.560000 71 150
4.600000 64 150
4.640000 60 153
4.680000 59 154
4.720000 55 155
4.760000 50 154
4.800000 45 150
4.840000 43 147
4.880000 38 145
4.920000 32 145
4.960000 27 145
5.000000 22 145
5.040000 18 146
5.080000 12 150
