0.000000 320 124
0.040000 320 124
0.080000 320 124
0.120000 320 124
0.160000 320 124
0.200000 320 124
0.240000 320 124
0.280000 320 124
0.320000 320 124
0.360000 320 124
0.400000 320 124
0.440000 320 124
0.480000 320 124
0.520000 320 124
0.560000 320 124
0.600000 320 124
0.640000 320 124
0.680000 320 124
0.720000 320 124
0.760000 320 124
0.800000 320 124
0.840000 320 124
0.880000 320 124
0.920000 320 124
0.960000 320 124
1.000000 320 124
1.040000 315 119
1.080000 312 117
1.120000 308 117
1.160000 303 117
1.200000 298 117
1.240000 296 117
1.280000 290 118
1.320000 287 119
1.360000 283 120
1.400000 281 119
1.440000 277 119
1.480000 273 118
1.520000 270 117
1.560000 267 116
1.600000 262 117
1.640000 258 117
1.680000 253 119
1.720000 251 119
1.760000 246 119
1.800000 242 119
1.840000 237 119
1.880000 235 119
1.920000 231 119
1.960000 227 118
2.000000 224 117
2.040000 221 116
2.080000 216 117
2.120000 211 117
2.160000 206 118
2.200000 200 118
2.240000 199 118
2.280000 194 119
2.320000 189 118
2.360000 184 118
2.400000 180 117
2.440000 177 115
2.480000 173 114
2.520000 168 115
2.560000 163 117
2.600000 158 118
2.640000 154 119
2.680000 151 118
2.720000 147 118
2.760000 142 118
2.800000 138 119
2.840000 135 118
2.880000 133 118
2.920000 128 117
2.960000 123 115
3.000000 119 115
3.040000 114 117
3.080000 110 118
3.120000 106 116
3.160000 102 117
3.200000 99 118
3.240000 95 118
3.280000 91 118
3.320000 86 117
3.360000 83 117
3.400000 79 114
3.440000 75 113
3.480000 69 114
3.520000 65 117
3.560000 60 118
3.600000 55 118
3.640000 53 120
3.680000 50 118
3.720000 48 118
3.760000 44 118
3.800000 40 117
3.840000 38 115
3.880000 34 114
3.920000 29 113
3.960000 25 115
4.000000 23 115
4.040000 18 117
4.080000 16 117
4.120000 12 118
4.160000 8 117
4.200000 7 118
4.240000 2 117
4.280000 2 117
4.320000 2 117
