0.000000 283 137
0.040000 283 137
0.080000 283 137
0.120000 283 137
0.160000 283 137
0.200000 283 137
0.240000 283 137
0.280000 283 137
0.320000 283 137
0.360000 283 137
0.400000 283 137
0.440000 283 137
0.480000 283 137
0.520000 283 137
0.560000 283 137
0.600000 283 137
0.640000 283 137
0.680000 283 137
0.720000 283 137
0.760000 283 137
0.800000 283 137
0.840000 283 137
0.880000 283 137
0.920000 283 137
0.960000 283 137
1.000000 283 137
1.040000 283 137
1.080000 283 137
1.120000 283 137
1.160000 283 137
1.200000 283 137
1.240000 283 137
1.280000 283 137
1.320000 283 137
1.360000 283 137
1.400000 279 134
1.440000 273 135
1.480000 268 133
1.520000 263 133
1.560000 258 132
1.600000 256 133
1.640000 252 133
1.680000 247 133
1.720000 245 133
1.760000 243 134
1.800000 244 136
1.840000 240 136
1.880000 234 136
1.920000 230 136
1.960000 224 135
2.000000 222 135
2.040000 218 134
2.080000 214 134
2.120000 210 134
2.160000 207 134
2.200000 203 134
2.240000 199 134
2.280000 196 134
2.320000 192 134
2.360000 182 134
2.400000 175 133
2.440000 171 132
2.480000 166 131
2.520000 162 132
2.560000 158 132
2.600000 155 132
2.640000 152 133
2.680000 143 134
2.720000 142 134
2.760000 141 134
2.800000 140 134
2.840000 139 133
2.880000 138 133
2.920000 137 133
2.960000 132 132
3.000000 127 130
3.040000 116 133
3.080000 111 133
3.120000 107 133
3.160000 103 133
3.200000 99 132
3.240000 95 132
3.280000 91 132
3.320000 84 133
3.360000 79 132
3.400000 75 130
3.440000 71 129
3.480000 70 130
3.520000 71 133
3.560000 62 132
3.600000 54 135
3.640000 53 135
3.680000 52 135
3.720000 51 134
3.760000 50 134
3.800000 49 133
3.840000 45 132
3.880000 42 130
3.920000 38 130
3.960000 34 130
4.000000 29 130
4.040000 25 132
4.080000 25 132
4.120000 25 132
4.160000 25 132
4.200000 25 132
4.240000 25 132
4.280000 25 132
4.320000 25 132
