2.240000 320 65
2.280000 284 59
2.320000 291 60
2.360000 286 57
2.440000 258 56
2.480000 249 61
2.520000 242 64
2.560000 240 60
2.600000 238 56
2.640000 236 55
2.680000 236 55
2.720000 236 54
2.760000 236 54
2.800000 236 54
2.840000 236 54
2.880000 236 54
2.920000 236 54
2.960000 236 54
3.000000 236 54
3.040000 236 53
3.080000 184 59
3.120000 236 53
3.160000 237 54
3.200000 236 55
3.240000 230 56
3.280000 184 54
3.320000 207 56
3.360000 195 56
3.400000 182 55
3.440000 168 55
3.480000 152 56
3.520000 139 58
3.560000 133 61
3.600000 132 61
3.640000 130 56
3.680000 128 54
3.720000 128 53
3.760000 128 53
3.800000 129 53
3.840000 129 52
3.880000 129 52
3.920000 129 52
3.960000 129 52
4.000000 127 52
4.040000 127 52
4.080000 128 52
4.120000 127 51
4.160000 127 51
4.200000 128 51
4.240000 128 52
4.280000 76 56
4.320000 111 56
4.360000 101 56
4.400000 86 56
4.440000 77 51
4.480000 65 52
4.520000 49 54
4.560000 39 58
4.600000 32 61
4.640000 29 61
4.680000 29 57
4.720000 29 56
4.760000 29 56
4.800000 29 56
4.840000 59 59
4.880000 49 57
4.920000 29 55
4.960000 29 56
5.000000 29 56
5.040000 29 56
5.080000 29 56
5.120000 29 55
5.160000 29 55
5.200000 29 55
5.240000 29 55
5.280000 24 58
5.320000 18 59
