2.120000 314 123
2.160000 308 122
2.200000 309 122
2.240000 308 122
2.280000 308 121
2.320000 305 120
2.360000 304 120
2.400000 304 119
2.440000 303 119
2.480000 299 118
2.520000 297 118
2.560000 294 117
2.600000 288 117
2.640000 283 117
2.680000 278 114
2.720000 271 116
2.760000 262 117
2.800000 257 118
2.840000 247 118
2.880000 241 119
2.920000 234 122
2.960000 226 122
3.000000 220 122
3.040000 214 122
3.080000 210 120
3.120000 205 119
3.160000 205 120
3.200000 204 119
3.240000 202 119
3.280000 200 119
3.320000 200 118
3.360000 199 119
3.400000 196 118
3.440000 195 119
3.480000 194 118
3.520000 190 117
3.560000 187 115
3.600000 183 115
3.640000 179 115
3.680000 173 115
3.720000 166 114
3.760000 158 115
3.800000 151 117
3.840000 143 117
3.880000 133 118
3.920000 126 117
3.960000 116 118
4.000000 109 119
4.040000 101 119
4.080000 96 119
4.120000 92 119
4.160000 88 119
4.200000 85 119
4.240000 84 119
4.280000 81 119
4.320000 81 118
4.360000 81 118
4.400000 80 117
4.440000 79 118
4.480000 76 118
4.520000 75 117
4.560000 74 117
4.600000 70 115
4.640000 66 113
4.680000 61 114
4.720000 56 114
4.760000 49 113
4.800000 44 115
4.840000 34 114
4.880000 28 115
4.920000 21 117
4.960000 13 118
5.000000 8 119
5.040000 1 119
5.080000 2 124
5.120000 2 126
5.200000 2 119
5.240000 2 122
