2.120000 320 155
2.160000 314 157
2.200000 309 158
2.240000 308 159
2.280000 304 158
2.320000 300 159
2.360000 298 159
2.400000 294 158
2.440000 290 157
2.480000 288 156
2.520000 283 155
2.560000 279 155
2.600000 275 155
2.640000 271 156
2.680000 268 156
2.720000 263 158
2.760000 261 157
2.800000 257 159
2.840000 252 159
2.880000 248 159
2.920000 246 159
2.960000 242 158
3.000000 236 156
3.040000 232 155
3.080000 228 156
3.120000 224 156
3.160000 220 158
3.200000 215 159
3.240000 210 159
3.280000 206 159
3.320000 203 159
3.360000 199 159
3.400000 195 159
3.440000 190 159
3.480000 186 159
3.520000 183 158
3.560000 179 156
3.600000 174 156
3.640000 169 156
3.680000 164 156
3.720000 158 158
3.760000 154 158
3.800000 149 159
3.840000 146 159
3.880000 142 159
3.920000 138 159
3.960000 133 159
4.000000 129 158
4.040000 126 158
4.080000 121 158
4.120000 116 156
4.160000 111 156
4.200000 107 156
4.240000 102 157
4.280000 99 159
4.320000 95 159
4.360000 90 159
4.400000 86 159
4.440000 84 159
4.480000 80 159
4.520000 75 159
4.560000 70 156
4.600000 65 155
4.640000 62 154
4.680000 59 155
4.720000 54 155
4.760000 49 155
4.800000 45 156
4.840000 43 156
4.880000 39 156
4.920000 35 156
4.960000 32 156
5.000000 29 155
5.040000 25 154
5.080000 22 154
5.120000 18 154
5.160000 14 154
5.200000 10 154
5.240000 6 154
5.280000 2 154
5.320000 2 153
