2.040000 287 61
2.120000 284 59
2.160000 286 58
2.200000 286 58
2.240000 284 58
2.280000 308 61
2.320000 286 58
2.360000 285 58
2.440000 285 59
2.480000 283 58
2.520000 283 58
2.560000 284 57
2.600000 284 57
2.640000 288 56
2.680000 284 57
2.720000 277 60
2.760000 268 60
2.800000 257 61
2.840000 241 61
2.880000 231 56
2.920000 216 56
2.960000 203 57
3.000000 194 61
3.040000 188 63
3.080000 236 53
3.120000 184 56
3.160000 184 52
3.200000 183 52
3.240000 183 52
3.280000 221 56
3.320000 184 54
3.360000 184 54
3.400000 193 54
3.440000 185 55
3.480000 184 54
3.520000 184 54
3.560000 183 54
3.600000 184 54
3.640000 184 54
3.680000 184 51
3.720000 184 52
3.760000 179 54
3.800000 169 55
3.840000 158 56
3.880000 129 55
3.920000 131 56
3.960000 119 56
4.000000 104 56
4.040000 91 57
4.080000 82 62
4.120000 79 61
4.160000 79 56
4.200000 76 55
4.240000 79 55
4.280000 122 54
4.320000 76 54
4.360000 76 55
4.400000 76 55
4.440000 77 52
4.480000 80 55
4.520000 76 55
4.560000 75 55
4.600000 75 54
4.640000 75 54
4.680000 75 54
4.720000 78 54
4.760000 75 54
4.800000 29 56
4.840000 28 55
4.880000 28 55
4.920000 29 57
4.960000 27 59
5.000000 16 58
5.040000 5 61
5.080000 2 65
5.120000 2 61
5.160000 2 60
5.240000 2 58
5.280000 27 58
5.320000 18 59
