0.000000 320 119
0.040000 320 119
0.080000 320 119
0.120000 320 119
0.160000 320 119
0.200000 320 119
0.240000 320 119
0.280000 320 119
0.320000 320 119
0.360000 320 119
0.400000 320 119
0.440000 320 119
0.480000 320 119
0.520000 320 119
0.560000 320 119
0.600000 320 119
0.640000 320 119
0.680000 320 119
0.720000 320 119
0.760000 320 119
0.800000 320 119
0.840000 320 119
0.880000 320 119
0.920000 320 119
0.960000 320 119
1.000000 320 119
1.040000 320 119
1.080000 320 119
1.120000 320 119
1.160000 320 119
1.200000 320 119
1.240000 320 119
1.280000 320 119
1.320000 320 119
1.360000 320 119
1.400000 320 119
1.440000 320 119
1.480000 320 119
1.520000 320 119
1.560000 320 119
1.600000 320 119
1.640000 320 119
1.680000 320 119
1.720000 320 119
1.760000 320 119
1.800000 320 119
1.840000 320 119
1.880000 320 119
1.920000 320 119
1.960000 320 119
2.000000 320 119
2.040000 320 119
2.080000 320 119
2.120000 320 119
2.160000 320 119
2.200000 314 122
2.240000 310 119
2.280000 308 120
2.320000 304 123
2.360000 299 123
2.400000 294 122
2.440000 290 122
2.480000 286 119
2.520000 283 119
2.560000 277 119
2.600000 272 119
2.640000 267 119
2.680000 262 117
2.720000 255 116
2.760000 252 119
2.800000 247 120
2.840000 245 122
2.880000 240 120
2.920000 236 119
2.960000 231 119
3.000000 225 118
3.040000 221 117
3.080000 216 117
3.120000 210 118
3.160000 204 118
3.200000 199 122
3.240000 194 122
3.280000 189 123
3.320000 184 124
3.360000 177 121
3.400000 173 119
3.440000 168 118
3.480000 164 118
3.520000 158 117
3.560000 152 115
3.600000 145 115
3.640000 138 116
3.680000 134 116
3.720000 132 119
3.760000 127 121
3.800000 121 120
3.840000 117 120
3.880000 113 119
3.920000 108 119
3.960000 101 119
4.000000 97 118
4.040000 92 118
4.080000 86 118
4.120000 81 118
4.160000 77 118
4.200000 71 119
4.240000 66 120
4.280000 62 122
4.320000 59 120
4.360000 54 119
4.400000 45 117
4.440000 39 115
4.480000 34 115
4.520000 29 116
4.560000 25 119
4.600000 22 119
4.640000 18 119
4.680000 13 120
4.720000 11 119
4.760000 7 119
4.800000 2 119
4.840000 2 118
4.880000 2 119
4.920000 2 119
4.960000 2 119
5.000000 2 119
5.040000 2 119
5.080000 2 119
5.120000 2 119
5.160000 2 119
5.200000 2 119
5.240000 2 119
5.280000 2 119
5.320000 2 119
5.360000 2 119
5.400000 2 119
5.440000 2 119
5.480000 2 119
5.520000 2 119
5.560000 2 119
5.600000 2 119
