0.000000 309 171
0.040000 309 171
0.080000 309 171
0.120000 309 171
0.160000 309 171
0.200000 309 171
0.240000 309 171
0.280000 309 171
0.320000 309 171
0.360000 309 171
0.400000 309 171
0.440000 309 171
0.480000 309 171
0.520000 309 171
0.560000 309 171
0.600000 309 171
0.640000 309 171
0.680000 309 171
0.720000 309 171
0.760000 309 171
0.800000 309 171
0.840000 309 171
0.880000 309 171
0.920000 309 171
0.960000 309 171
1.000000 309 171
1.040000 309 171
1.080000 309 171
1.120000 309 171
1.160000 309 171
1.200000 309 171
1.240000 309 171
1.280000 309 171
1.320000 309 171
1.360000 309 171
1.400000 309 171
1.440000 309 171
1.480000 309 171
1.520000 309 171
1.560000 309 171
1.600000 309 171
1.640000 309 171
1.680000 309 171
1.720000 309 171
1.760000 309 171
1.800000 309 171
1.840000 309 171
1.880000 309 171
1.920000 309 171
1.960000 309 171
2.000000 309 171
2.040000 309 171
2.080000 309 171
2.120000 309 171
2.160000 309 171
2.200000 304 174
2.240000 299 175
2.280000 294 175
2.320000 291 176
2.360000 287 177
2.400000 283 178
2.440000 278 177
2.480000 273 176
2.520000 268 176
2.560000 264 176
2.600000 260 175
2.640000 256 176
2.680000 251 176
2.720000 245 176
2.760000 241 178
2.800000 236 178
2.840000 231 180
2.880000 226 180
2.920000 221 180
2.960000 216 178
3.000000 211 177
3.040000 207 176
3.080000 201 176
3.120000 195 178
3.160000 190 178
3.200000 185 178
3.240000 180 180
3.280000 175 180
3.320000 171 180
3.360000 166 180
3.400000 161 180
3.440000 156 178
3.480000 151 176
3.520000 145 176
3.560000 140 175
3.600000 134 175
3.640000 129 175
3.680000 123 176
3.720000 118 176
3.760000 114 176
3.800000 108 176
3.840000 103 176
3.880000 99 176
3.920000 95 175
3.960000 90 174
4.000000 84 174
4.040000 79 174
4.080000 74 174
4.120000 69 173
4.160000 64 174
4.200000 60 174
4.240000 55 174
4.280000 51 175
4.320000 47 175
4.360000 43 173
4.400000 33 172
4.440000 29 170
4.480000 23 170
4.520000 19 170
4.560000 15 171
4.600000 12 171
4.640000 7 171
4.680000 1 171
4.720000 2 171
4.760000 2 171
4.800000 2 171
4.840000 2 171
4.880000 2 171
4.920000 2 171
4.960000 2 171
5.000000 2 171
5.040000 2 171
5.080000 2 171
5.120000 2 171
5.160000 2 171
5.200000 2 171
5.240000 2 171
5.280000 2 171
5.320000 2 171
5.360000 2 171
5.400000 2 171
5.440000 2 171
5.480000 2 171
5.520000 2 171
5.560000 2 171
5.600000 2 171
