0.000000 320 61
0.040000 320 61
0.080000 320 61
0.120000 320 61
0.160000 320 61
0.200000 320 61
0.240000 320 61
0.280000 320 61
0.320000 320 61
0.360000 320 61
0.400000 320 61
0.440000 320 61
0.480000 320 61
0.520000 320 61
0.560000 320 61
0.600000 320 61
0.640000 320 61
0.680000 320 61
0.720000 320 61
0.760000 320 61
0.800000 320 61
0.840000 320 61
0.880000 320 61
0.920000 320 61
0.960000 320 61
1.000000 320 61
1.040000 320 61
1.080000 320 61
1.120000 320 61
1.160000 320 61
1.200000 320 61
1.240000 320 61
1.280000 320 61
1.320000 320 61
1.360000 320 61
1.400000 320 61
1.440000 320 76
1.480000 320 75
1.520000 314 76
1.560000 303 76
1.600000 294 69
1.640000 282 67
1.680000 270 65
1.720000 258 63
1.760000 255 64
1.800000 253 62
1.840000 252 61
1.880000 252 62
1.920000 253 62
1.960000 253 63
2.000000 252 63
2.040000 253 65
2.080000 252 63
2.120000 252 63
2.160000 252 63
2.200000 252 64
2.240000 252 65
2.280000 248 67
2.320000 244 70
2.360000 236 72
2.400000 226 74
2.440000 215 73
2.480000 204 72
2.520000 193 66
2.560000 179 63
2.600000 165 61
2.640000 153 61
2.680000 148 61
2.720000 147 60
2.760000 147 59
2.800000 147 60
2.840000 147 60
2.880000 147 60
2.920000 146 61
2.960000 146 61
3.000000 146 61
3.040000 120 65
3.080000 146 60
3.120000 145 61
3.160000 95 61
3.200000 95 61
3.240000 95 61
3.280000 129 71
3.320000 119 71
3.360000 108 70
3.400000 96 68
3.440000 94 61
3.480000 72 61
3.520000 60 60
3.560000 51 61
3.600000 47 61
3.640000 45 60
3.680000 44 61
3.720000 44 60
3.760000 44 61
3.800000 44 60
3.840000 44 60
3.880000 44 61
3.920000 44 61
3.960000 27 66
4.000000 44 61
4.040000 44 61
4.080000 43 61
4.120000 42 63
4.160000 29 71
4.200000 23 71
4.240000 18 71
4.280000 12 71
4.320000 7 70
4.360000 7 70
4.400000 7 70
4.440000 7 70
4.480000 7 70
4.520000 7 70
4.560000 7 70
4.600000 7 70
4.640000 7 70
4.680000 7 70
4.720000 7 70
