0.000000 320 58
0.040000 320 58
0.080000 320 58
0.120000 320 58
0.160000 320 58
0.200000 320 58
0.240000 320 58
0.280000 320 58
0.320000 320 58
0.360000 320 58
0.400000 320 58
0.440000 320 58
0.480000 320 58
0.520000 320 58
0.560000 320 58
0.600000 320 58
0.640000 320 58
0.680000 320 58
0.720000 320 58
0.760000 320 58
0.800000 320 58
0.840000 320 58
0.880000 320 58
0.920000 320 58
0.960000 320 58
1.000000 320 58
1.040000 320 58
1.080000 320 58
1.120000 320 58
1.160000 320 58
1.200000 320 58
1.240000 320 58
1.280000 320 58
1.320000 320 58
1.360000 320 58
1.400000 320 58
1.440000 320 72
1.480000 320 70
1.520000 307 65
1.560000 297 67
1.600000 285 62
1.640000 272 62
1.680000 258 65
1.720000 247 66
1.760000 245 66
1.800000 242 62
1.840000 242 61
1.880000 241 61
1.920000 242 61
1.960000 242 61
2.000000 242 60
2.040000 242 61
2.080000 240 61
2.120000 241 60
2.160000 242 59
2.200000 241 59
2.240000 241 59
2.280000 241 59
2.320000 240 60
2.360000 236 60
2.400000 224 61
2.440000 210 61
2.480000 197 61
2.520000 182 60
2.560000 168 59
2.600000 153 61
2.640000 143 62
2.680000 136 61
2.720000 134 59
2.760000 134 57
2.800000 134 58
2.840000 134 57
2.880000 134 56
2.920000 133 57
2.960000 133 57
3.000000 133 57
3.040000 108 60
3.080000 133 56
3.120000 133 56
3.160000 85 62
3.200000 85 60
3.240000 84 60
3.280000 127 56
3.320000 116 58
3.360000 102 57
3.400000 90 59
3.440000 80 56
3.480000 60 58
3.520000 49 59
3.560000 40 61
3.600000 37 62
3.640000 34 61
3.680000 34 59
3.720000 34 58
3.760000 34 58
3.800000 34 58
3.840000 34 58
3.880000 34 57
3.920000 34 57
3.960000 18 63
4.000000 34 57
4.040000 34 56
4.080000 34 57
4.120000 34 56
4.160000 33 57
4.200000 29 60
4.240000 29 60
4.280000 29 60
4.320000 29 60
4.360000 29 60
4.400000 29 60
4.440000 29 60
4.480000 29 60
4.520000 29 60
4.560000 29 60
4.600000 29 60
4.640000 29 60
4.680000 29 60
4.720000 29 60
