0.000000 316 119
0.040000 316 119
0.080000 316 119
0.120000 316 119
0.160000 316 119
0.200000 316 119
0.240000 316 119
0.280000 316 119
0.320000 316 119
0.360000 316 119
0.400000 316 119
0.440000 316 119
0.480000 316 119
0.520000 316 119
0.560000 316 119
0.600000 316 119
0.640000 316 119
0.680000 316 119
0.720000 316 119
0.760000 316 119
0.800000 316 119
0.840000 316 119
0.880000 316 119
0.920000 316 119
0.960000 316 119
1.000000 316 119
1.040000 316 119
1.080000 316 119
1.120000 316 119
1.160000 316 119
1.200000 316 119
1.240000 316 119
1.280000 316 119
1.320000 316 119
1.360000 316 119
1.400000 314 118
1.440000 309 119
1.480000 304 119
1.520000 301 122
1.560000 298 122
1.600000 294 120
1.640000 290 120
1.680000 288 119
1.720000 283 119
1.760000 278 118
1.800000 273 117
1.840000 268 118
1.880000 264 118
1.920000 261 119
1.960000 257 120
2.000000 252 119
2.040000 247 120
2.080000 245 119
2.120000 241 119
2.160000 236 116
2.200000 231 115
2.240000 226 115
2.280000 220 115
2.320000 215 115
2.360000 210 115
2.400000 205 118
2.440000 201 118
2.480000 197 118
2.520000 192 119
2.560000 186 119
2.600000 183 118
2.640000 179 117
2.680000 173 115
2.720000 169 115
2.760000 163 116
2.800000 158 117
2.840000 153 117
2.880000 147 117
2.920000 143 117
2.960000 140 118
3.000000 136 118
3.040000 132 117
3.080000 127 115
3.120000 123 115
3.160000 118 114
3.200000 112 114
3.240000 107 115
3.280000 103 117
3.320000 98 117
3.360000 95 118
3.400000 90 118
3.440000 85 118
3.480000 81 117
3.520000 77 117
3.560000 72 117
3.600000 68 113
3.640000 63 113
3.680000 57 113
3.720000 53 114
3.760000 49 117
3.800000 44 117
3.840000 41 118
3.880000 38 117
3.920000 37 118
3.960000 32 116
4.000000 29 115
4.040000 25 115
4.080000 21 114
4.120000 18 115
4.160000 9 117
4.200000 7 118
4.240000 5 118
4.280000 3 119
4.320000 2 118
4.360000 2 118
4.400000 2 118
4.440000 2 118
4.480000 2 118
4.520000 2 118
4.560000 2 118
4.600000 2 118
4.640000 2 118
4.680000 2 118
4.720000 2 118
