0.000000 314 119
0.040000 314 119
0.080000 314 119
0.120000 314 119
0.160000 314 119
0.200000 314 119
0.240000 314 119
0.280000 314 119
0.320000 314 119
0.360000 314 119
0.400000 314 119
0.440000 314 119
0.480000 314 119
0.520000 314 119
0.560000 314 119
0.600000 314 119
0.640000 314 119
0.680000 314 119
0.720000 314 119
0.760000 314 119
0.800000 314 119
0.840000 314 119
0.880000 314 119
0.920000 314 119
0.960000 314 119
1.000000 314 119
1.040000 314 119
1.080000 314 119
1.120000 314 119
1.160000 314 119
1.200000 314 119
1.240000 314 119
1.280000 314 119
1.320000 314 119
1.360000 314 119
1.400000 309 119
1.440000 305 119
1.480000 301 120
1.520000 298 123
1.560000 294 122
1.600000 292 121
1.640000 288 121
1.680000 283 120
1.720000 280 119
1.760000 276 119
1.800000 271 118
1.840000 265 119
1.880000 262 118
1.920000 257 119
1.960000 253 121
2.000000 248 120
2.040000 246 121
2.080000 241 119
2.120000 237 119
2.160000 231 116
2.200000 227 115
2.240000 221 115
2.280000 216 115
2.320000 210 115
2.360000 205 116
2.400000 204 118
2.440000 200 118
2.480000 197 119
2.520000 190 119
2.560000 184 119
2.600000 182 118
2.640000 178 117
2.680000 173 115
2.720000 168 115
2.760000 163 115
2.800000 157 117
2.840000 151 117
2.880000 145 118
2.920000 142 118
2.960000 138 118
3.000000 132 118
3.040000 133 118
3.080000 127 115
3.120000 121 115
3.160000 121 115
3.200000 115 115
3.240000 110 117
3.280000 103 117
3.320000 100 118
3.360000 96 119
3.400000 92 118
3.440000 84 118
3.480000 84 118
3.520000 80 118
3.560000 73 118
3.600000 71 113
3.640000 66 114
3.680000 60 114
3.720000 55 115
3.760000 51 117
3.800000 45 117
3.840000 42 118
3.880000 38 117
3.920000 39 118
3.960000 34 117
4.000000 33 117
4.040000 29 116
4.080000 24 115
4.120000 21 116
4.160000 13 118
4.200000 11 119
4.240000 10 119
4.280000 8 119
4.320000 7 119
4.360000 7 119
4.400000 7 119
4.440000 7 119
4.480000 7 119
4.520000 7 119
4.560000 7 119
4.600000 7 119
4.640000 7 119
4.680000 7 119
4.720000 7 119
