0.000000 298 61
0.040000 298 61
0.080000 298 61
0.120000 298 61
0.160000 298 61
0.200000 298 61
0.240000 298 61
0.280000 298 61
0.320000 298 61
0.360000 298 61
0.400000 298 61
0.440000 298 61
0.480000 298 61
0.520000 298 61
0.560000 298 61
0.600000 298 61
0.640000 298 61
0.680000 298 61
0.720000 298 61
0.760000 298 61
0.800000 298 61
0.840000 298 61
0.880000 298 61
0.920000 298 61
0.960000 298 61
1.000000 298 61
1.040000 298 61
1.080000 298 61
1.120000 298 61
1.160000 298 61
1.200000 298 61
1.240000 298 61
1.280000 298 61
1.320000 298 61
1.360000 298 61
1.400000 298 61
1.440000 302 64
1.480000 306 66
1.520000 311 68
1.560000 315 70
1.600000 320 71
1.640000 314 72
1.680000 304 72
1.720000 292 66
1.760000 283 67
1.800000 272 65
1.840000 262 63
1.880000 257 63
1.920000 252 63
1.960000 251 61
2.000000 251 60
2.040000 250 61
2.080000 249 61
2.120000 249 61
2.160000 248 61
2.200000 249 59
2.240000 251 61
2.280000 251 61
2.320000 251 61
2.360000 251 61
2.400000 249 62
2.440000 247 65
2.480000 245 65
2.520000 240 67
2.560000 234 70
2.600000 224 70
2.640000 214 69
2.680000 201 66
2.720000 189 66
2.760000 179 62
2.800000 168 63
2.840000 158 62
2.880000 155 61
2.920000 153 61
2.960000 153 60
3.000000 152 59
3.040000 152 59
3.080000 152 60
3.120000 151 61
3.160000 153 59
3.200000 153 61
3.240000 153 61
3.280000 153 61
3.320000 153 61
3.360000 152 61
3.400000 151 62
3.440000 147 65
3.480000 142 67
3.520000 133 68
3.560000 121 67
3.600000 111 67
3.640000 97 62
3.680000 86 65
3.720000 75 65
3.760000 67 61
3.800000 59 61
3.840000 58 61
3.880000 55 61
3.920000 55 61
3.960000 55 61
4.000000 55 61
4.040000 54 61
4.080000 55 61
4.120000 56 61
4.160000 55 61
4.200000 55 61
4.240000 55 61
4.280000 55 61
4.320000 54 62
4.360000 51 64
4.400000 47 67
4.440000 40 69
4.480000 23 70
4.520000 19 68
4.560000 15 66
4.600000 8 61
4.640000 8 61
4.680000 8 61
4.720000 8 61
4.760000 8 61
4.800000 8 61
4.840000 8 61
