0.000000 313 145
0.040000 313 145
0.080000 313 145
0.120000 313 145
0.160000 313 145
0.200000 313 145
0.240000 313 145
0.280000 313 145
0.320000 313 145
0.360000 313 145
0.400000 313 145
0.440000 313 145
0.480000 313 145
0.520000 313 145
0.560000 313 145
0.600000 313 145
0.640000 313 145
0.680000 313 145
0.720000 313 145
0.760000 313 145
0.800000 313 145
0.840000 313 145
0.880000 313 145
0.920000 313 145
0.960000 313 145
1.000000 313 145
1.040000 313 145
1.080000 313 145
1.120000 313 145
1.160000 313 145
1.200000 313 145
1.240000 313 145
1.280000 313 145
1.320000 313 145
1.360000 313 145
1.400000 313 145
1.440000 313 145
1.480000 313 145
1.520000 313 145
1.560000 309 145
1.600000 305 145
1.640000 301 146
1.680000 299 148
1.720000 294 148
1.760000 292 148
1.800000 288 148
1.840000 284 147
1.880000 282 145
1.920000 277 145
1.960000 273 145
2.000000 269 145
2.040000 264 145
2.080000 261 148
2.120000 257 148
2.160000 253 149
2.200000 247 149
2.240000 245 150
2.280000 240 149
2.320000 236 147
2.360000 232 146
2.400000 227 145
2.440000 223 145
2.480000 220 146
2.520000 216 146
2.560000 210 146
2.600000 205 148
2.640000 201 148
2.680000 198 149
2.720000 194 149
2.760000 190 148
2.800000 185 148
2.840000 182 146
2.880000 179 145
2.920000 173 145
2.960000 169 145
3.000000 164 146
3.040000 160 147
3.080000 155 148
3.120000 153 148
3.160000 147 149
3.200000 142 148
3.240000 138 148
3.280000 133 145
3.320000 128 145
3.360000 125 145
3.400000 121 145
3.440000 115 145
3.480000 112 145
3.520000 107 145
3.560000 101 146
3.600000 97 147
3.640000 95 148
3.680000 94 148
3.720000 90 146
3.760000 86 145
3.800000 82 145
3.840000 79 144
3.880000 75 143
3.920000 70 144
3.960000 66 144
4.000000 60 145
4.040000 59 145
4.080000 54 145
4.120000 50 145
4.160000 47 145
4.200000 43 145
4.240000 39 144
4.280000 35 143
4.320000 32 143
4.360000 28 143
4.400000 24 144
4.440000 21 143
4.480000 18 145
4.520000 13 147
4.560000 10 146
4.600000 7 150
4.640000 2 153
4.680000 2 153
4.720000 2 153
4.760000 2 153
4.800000 2 153
4.840000 2 153
