1.200000 320 109
1.240000 320 111
1.280000 314 113
1.320000 309 114
1.360000 304 114
1.400000 299 114
1.440000 296 116
1.480000 291 115
1.520000 285 115
1.560000 283 114
1.600000 279 113
1.640000 272 113
1.680000 267 113
1.720000 262 113
1.760000 257 113
1.800000 252 113
1.840000 249 114
1.880000 243 113
1.920000 240 115
1.960000 235 113
2.000000 231 113
2.040000 226 113
2.080000 220 112
2.120000 214 111
2.160000 208 112
2.200000 204 111
2.240000 199 112
2.280000 195 113
2.320000 191 113
2.360000 186 113
2.400000 182 113
2.440000 174 113
2.480000 169 112
2.520000 164 111
2.560000 158 112
2.600000 153 112
2.640000 147 112
2.680000 143 113
2.720000 137 113
2.760000 132 113
2.800000 127 113
2.840000 121 113
2.880000 116 111
2.920000 111 109
2.960000 106 108
3.000000 100 110
3.040000 94 112
3.080000 88 112
3.120000 86 112
3.160000 83 113
3.200000 77 113
3.240000 74 113
3.280000 69 113
3.320000 64 112
3.360000 59 111
3.400000 54 109
3.440000 49 109
3.480000 44 111
3.520000 40 111
3.560000 36 113
3.600000 32 113
3.640000 28 113
3.680000 25 113
3.720000 23 113
3.760000 16 113
3.800000 12 109
3.840000 7 110
3.880000 2 109
3.920000 2 113
