1.960000 320 63
2.000000 320 67
2.040000 314 70
2.080000 304 61
2.120000 294 60
2.160000 279 56
2.200000 268 55
2.240000 258 56
2.280000 256 55
2.320000 254 53
2.360000 253 54
2.400000 254 54
2.440000 255 54
2.480000 254 54
2.520000 255 55
2.560000 257 56
2.600000 256 56
2.640000 255 56
2.680000 255 56
2.720000 215 56
2.760000 255 56
2.800000 255 56
2.840000 254 58
2.880000 253 61
2.920000 248 62
2.960000 196 52
3.000000 238 69
3.040000 230 69
3.080000 219 67
3.120000 206 64
3.160000 195 56
3.200000 180 54
3.240000 166 51
3.280000 153 51
3.320000 142 52
3.360000 137 51
3.400000 134 51
3.440000 134 51
3.480000 134 51
3.520000 134 51
3.560000 169 71
3.600000 134 51
3.640000 134 52
3.680000 135 55
3.720000 134 52
3.760000 134 52
3.800000 134 52
3.840000 134 52
3.880000 134 54
3.920000 132 57
3.960000 76 54
4.000000 75 56
4.040000 122 66
4.080000 114 68
4.120000 106 69
4.160000 97 67
4.200000 86 67
4.240000 76 56
4.280000 64 59
4.320000 76 56
4.360000 76 56
4.400000 32 56
4.440000 27 56
4.480000 27 56
4.520000 26 56
4.560000 70 65
4.600000 64 69
4.640000 56 71
4.680000 49 71
4.720000 25 56
4.760000 27 58
4.800000 24 57
4.840000 25 56
4.880000 2 57
4.920000 25 57
4.960000 26 58
