1.840000 292 59
1.880000 292 58
1.920000 290 57
1.960000 290 57
2.000000 289 58
2.040000 290 58
2.080000 291 59
2.120000 294 61
2.160000 288 57
2.200000 288 57
2.240000 288 58
2.280000 288 57
2.320000 289 57
2.360000 288 56
2.400000 288 56
2.440000 284 57
2.480000 276 59
2.520000 264 59
2.560000 238 56
2.600000 240 60
2.640000 226 56
2.680000 212 56
2.720000 236 55
2.760000 190 61
2.800000 184 62
2.840000 181 60
2.880000 180 56
2.920000 236 53
2.960000 236 52
3.000000 180 52
3.040000 179 52
3.080000 179 53
3.120000 180 53
3.160000 180 54
3.200000 184 56
3.240000 179 54
3.280000 179 54
3.320000 179 53
3.360000 179 52
3.400000 179 52
3.440000 178 52
3.480000 179 51
3.520000 173 54
3.560000 118 52
3.600000 151 56
3.640000 138 56
3.680000 119 56
3.720000 109 55
3.760000 94 56
3.800000 81 60
3.840000 70 65
3.880000 65 65
3.920000 116 50
3.960000 116 50
4.000000 116 50
4.040000 61 56
4.080000 60 56
4.120000 60 57
4.160000 60 56
4.200000 61 56
4.240000 61 58
4.280000 65 55
4.320000 38 54
4.360000 27 59
4.400000 60 56
4.440000 60 56
4.480000 60 56
4.520000 59 54
4.560000 12 57
4.600000 12 56
4.640000 12 56
4.680000 12 56
4.720000 31 59
4.760000 14 61
4.800000 8 61
4.840000 6 58
4.880000 11 56
4.920000 12 56
4.960000 13 59
5.080000 12 54
5.120000 12 57
