0.000000 320 145
0.040000 320 145
0.080000 320 145
0.120000 320 145
0.160000 320 145
0.200000 320 145
0.240000 320 145
0.280000 320 145
0.320000 320 145
0.360000 320 145
0.400000 320 145
0.440000 320 145
0.480000 320 145
0.520000 320 145
0.560000 320 145
0.600000 320 145
0.640000 320 145
0.680000 320 145
0.720000 320 145
0.760000 320 145
0.800000 320 145
0.840000 320 145
0.880000 320 145
0.920000 320 145
0.960000 320 145
1.000000 320 145
1.040000 320 145
1.080000 320 145
1.120000 320 145
1.160000 320 145
1.200000 320 145
1.240000 320 145
1.280000 320 145
1.320000 313 144
1.360000 312 145
1.400000 306 144
1.440000 299 145
1.480000 294 145
1.520000 288 146
1.560000 280 147
1.600000 273 149
1.640000 268 148
1.680000 262 148
1.720000 257 145
1.760000 251 148
1.800000 242 146
1.840000 236 146
1.880000 231 148
1.920000 225 149
1.960000 220 149
2.000000 216 150
2.040000 212 150
2.080000 210 150
2.120000 205 150
2.160000 201 150
2.200000 197 149
2.240000 190 149
2.280000 184 148
2.320000 177 146
2.360000 169 145
2.400000 160 146
2.440000 153 145
2.480000 147 146
2.520000 138 147
2.560000 132 148
2.600000 123 148
2.640000 116 145
2.680000 111 145
2.720000 103 144
2.760000 96 144
2.800000 91 145
2.840000 84 145
2.880000 81 144
2.920000 75 145
2.960000 70 146
3.000000 69 148
3.040000 65 149
3.080000 64 146
3.120000 60 147
3.160000 56 147
3.200000 53 146
3.240000 48 145
3.280000 43 145
3.320000 38 144
3.360000 32 144
3.400000 27 144
3.440000 18 143
3.480000 10 143
3.520000 8 144
3.560000 6 145
3.600000 4 146
3.640000 12 145
3.680000 12 145
3.720000 12 145
3.760000 12 145
3.800000 12 145
3.840000 12 145
3.880000 12 145
3.920000 12 145
3.960000 12 145
