0.000000 314 98
0.040000 314 98
0.080000 314 98
0.120000 314 98
0.160000 314 98
0.200000 314 98
0.240000 314 98
0.280000 314 98
0.320000 314 98
0.360000 314 98
0.400000 314 98
0.440000 314 98
0.480000 314 98
0.520000 314 98
0.560000 314 98
0.600000 314 98
0.640000 314 98
0.680000 314 98
0.720000 314 98
0.760000 314 98
0.800000 314 98
0.840000 314 98
0.880000 314 98
0.920000 314 98
0.960000 314 98
1.000000 314 98
1.040000 314 98
1.080000 314 98
1.120000 314 98
1.160000 308 96
1.200000 320 89
1.240000 320 89
1.280000 320 88
1.320000 310 91
1.360000 299 91
1.400000 289 91
1.440000 281 92
1.480000 269 92
1.520000 262 93
1.560000 255 96
1.600000 247 96
1.640000 242 96
1.680000 236 92
1.720000 231 91
1.760000 226 91
1.800000 221 90
1.840000 216 89
1.880000 210 89
1.920000 209 89
1.960000 205 91
2.000000 205 90
2.040000 205 93
2.080000 204 92
2.120000 202 89
2.160000 199 89
2.200000 195 91
2.240000 192 90
2.280000 186 89
2.320000 178 89
2.360000 168 87
2.400000 155 87
2.440000 144 88
2.480000 136 88
2.520000 125 92
2.560000 117 93
2.600000 111 94
2.640000 105 93
2.680000 100 92
2.720000 95 89
2.760000 90 91
2.800000 85 91
2.840000 80 91
2.880000 75 90
2.920000 71 89
2.960000 71 89
3.000000 70 91
3.040000 70 96
3.080000 69 93
3.120000 66 92
3.160000 64 92
3.200000 64 89
3.240000 59 91
3.280000 55 92
3.320000 50 91
3.360000 44 92
3.400000 34 92
3.440000 28 91
3.480000 18 93
3.520000 12 93
3.560000 7 93
3.600000 6 92
3.640000 2 93
3.680000 2 93
3.720000 2 93
3.760000 2 93
3.800000 2 93
3.840000 2 93
3.880000 2 93
3.920000 2 93
3.960000 2 93
