0.000000 320 133
0.040000 320 133
0.080000 320 133
0.120000 320 133
0.160000 320 133
0.200000 320 133
0.240000 320 133
0.280000 320 133
0.320000 320 133
0.360000 320 133
0.400000 320 133
0.440000 320 133
0.480000 320 133
0.520000 320 133
0.560000 320 133
0.600000 320 133
0.640000 320 133
0.680000 320 133
0.720000 320 133
0.760000 320 133
0.800000 320 133
0.840000 320 133
0.880000 320 133
0.920000 320 133
0.960000 320 133
1.000000 320 133
1.040000 320 133
1.080000 320 133
1.120000 320 133
1.160000 320 133
1.200000 320 133
1.240000 320 133
1.280000 320 133
1.320000 320 133
1.360000 320 133
1.400000 320 133
1.440000 320 133
1.480000 320 133
1.520000 320 133
1.560000 320 133
1.600000 320 133
1.640000 320 133
1.680000 320 133
1.720000 320 133
1.760000 314 135
1.800000 308 137
1.840000 316 135
1.880000 314 133
1.920000 314 132
1.960000 309 132
2.000000 305 132
2.040000 303 130
2.080000 298 130
2.120000 294 130
2.160000 288 130
2.200000 283 131
2.240000 278 133
2.280000 273 134
2.320000 268 133
2.360000 262 134
2.400000 257 133
2.440000 251 132
2.480000 245 131
2.520000 240 130
2.560000 234 130
2.600000 230 130
2.640000 226 130
2.680000 221 132
2.720000 220 132
2.760000 216 133
2.800000 211 134
2.840000 210 133
2.880000 206 133
2.920000 203 133
2.960000 194 132
3.000000 190 131
3.040000 184 130
3.080000 179 129
3.120000 173 129
3.160000 168 129
3.200000 162 130
3.240000 154 132
3.280000 147 133
3.320000 142 133
3.360000 133 132
3.400000 127 132
3.440000 121 133
3.480000 116 132
3.520000 110 130
3.560000 106 130
3.600000 101 130
3.640000 96 130
3.680000 93 129
3.720000 90 129
3.760000 88 131
3.800000 85 132
3.840000 85 132
3.880000 81 133
3.920000 75 133
3.960000 75 132
4.000000 69 130
4.040000 66 130
4.080000 60 130
4.120000 54 130
4.160000 51 129
4.200000 44 131
4.240000 39 129
4.280000 33 130
4.320000 29 130
4.360000 23 131
4.400000 18 130
4.440000 8 132
4.480000 6 132
4.520000 3 132
4.560000 2 132
4.600000 2 132
4.640000 4 132
4.680000 7 131
4.720000 9 131
4.760000 7 130
4.800000 2 132
4.840000 2 132
4.880000 2 132
4.920000 2 132
4.960000 2 132
5.000000 2 132
5.040000 2 132
5.080000 2 132
5.120000 2 132
5.160000 2 132
5.200000 2 132
5.240000 2 132
5.280000 2 132
5.320000 2 132
5.360000 2 132
5.400000 2 132
5.440000 2 132
5.480000 2 132
5.520000 2 132
5.560000 2 132
5.600000 2 132
5.640000 2 132
