1.440000 294 61
1.520000 294 58
1.560000 320 69
1.600000 294 59
1.640000 294 60
1.680000 295 60
1.720000 282 61
1.760000 267 57
1.800000 253 56
1.840000 247 56
1.880000 246 56
1.920000 245 56
1.960000 244 55
2.000000 244 55
2.040000 245 56
2.080000 245 55
2.120000 245 56
2.160000 246 56
2.200000 245 56
2.240000 212 58
2.280000 245 55
2.320000 190 56
2.360000 245 57
2.400000 242 61
2.440000 186 54
2.480000 230 70
2.520000 220 70
2.560000 188 54
2.600000 193 58
2.640000 181 57
2.680000 164 56
2.720000 151 56
2.760000 138 55
2.800000 133 56
2.840000 133 53
2.880000 132 54
2.920000 132 54
2.960000 132 53
3.000000 158 72
3.040000 132 54
3.080000 133 55
3.120000 133 54
3.160000 107 60
3.200000 91 57
3.240000 132 56
3.280000 132 56
3.320000 129 59
3.360000 127 63
3.400000 119 67
3.440000 77 56
3.480000 77 55
3.520000 86 66
3.560000 75 56
3.600000 60 57
3.640000 46 56
3.680000 34 56
3.720000 28 57
3.760000 28 56
3.800000 27 56
3.840000 27 56
3.880000 26 56
3.920000 57 72
3.960000 47 72
4.000000 27 56
4.040000 27 56
4.080000 27 57
4.200000 27 56
4.240000 25 57
