0.000000 320 117
0.040000 320 117
0.080000 320 117
0.120000 320 117
0.160000 320 117
0.200000 320 117
0.240000 320 117
0.280000 320 117
0.320000 320 117
0.360000 320 117
0.400000 320 118
0.440000 318 118
0.480000 317 117
0.520000 315 117
0.560000 314 115
0.600000 310 115
0.640000 308 114
0.680000 303 113
0.720000 298 113
0.760000 291 113
0.800000 284 113
0.840000 277 117
0.880000 268 115
0.920000 261 115
0.960000 252 115
1.000000 246 118
1.040000 240 118
1.080000 235 118
1.120000 230 117
1.160000 227 116
1.200000 225 113
1.240000 225 114
1.280000 225 114
1.320000 223 113
1.360000 221 113
1.400000 221 114
1.440000 220 113
1.480000 216 113
1.520000 211 112
1.560000 207 111
1.600000 201 111
1.640000 195 111
1.680000 188 111
1.720000 179 113
1.760000 170 112
1.800000 163 112
1.840000 153 113
1.880000 146 114
1.920000 138 114
1.960000 132 115
2.000000 124 113
2.040000 119 113
2.080000 117 113
2.120000 116 113
2.160000 113 112
2.200000 112 111
2.240000 112 113
2.280000 112 113
2.320000 110 113
2.360000 108 113
2.400000 106 113
2.440000 102 112
2.480000 98 113
2.520000 92 111
2.560000 86 112
2.600000 81 110
2.640000 74 109
2.680000 65 111
2.720000 57 109
2.760000 49 113
2.800000 41 112
2.840000 34 113
2.880000 29 113
2.920000 23 113
2.960000 18 113
3.000000 18 113
3.040000 14 113
3.080000 13 113
3.120000 12 112
3.160000 12 112
3.200000 10 111
3.240000 8 111
3.280000 8 109
3.320000 8 109
3.360000 8 109
3.400000 8 109
3.440000 8 109
3.480000 8 109
3.520000 8 109
3.560000 8 109
3.600000 8 109
3.640000 8 109
3.680000 8 109
3.720000 8 109
3.760000 8 109
3.800000 8 109
3.840000 8 109
3.880000 8 109
3.920000 8 109
3.960000 8 109
4.000000 8 109
4.040000 8 109
4.080000 8 109
4.120000 8 109
