0.000000 320 120
0.040000 320 120
0.080000 320 120
0.120000 320 120
0.160000 320 120
0.200000 320 120
0.240000 320 120
0.280000 320 120
0.320000 320 120
0.360000 320 120
0.400000 320 120
0.440000 320 120
0.480000 320 120
0.520000 320 120
0.560000 320 120
0.600000 320 120
0.640000 320 120
0.680000 320 120
0.720000 320 120
0.760000 320 120
0.800000 320 120
0.840000 320 120
0.880000 320 120
0.920000 320 120
0.960000 320 120
1.000000 320 120
1.040000 320 120
1.080000 320 120
1.120000 320 120
1.160000 320 129
1.200000 314 129
1.240000 310 129
1.280000 307 129
1.320000 301 130
1.360000 297 130
1.400000 292 128
1.440000 288 128
1.480000 283 128
1.520000 278 128
1.560000 273 127
1.600000 268 128
1.640000 262 128
1.680000 258 129
1.720000 252 129
1.760000 248 129
1.800000 246 129
1.840000 241 129
1.880000 236 129
1.920000 232 128
1.960000 226 127
2.000000 221 125
2.040000 216 126
2.080000 210 128
2.120000 205 128
2.160000 199 129
2.200000 193 129
2.240000 188 128
2.280000 177 128
2.320000 168 127
2.360000 164 127
2.400000 160 129
2.440000 154 130
2.480000 147 129
2.520000 142 129
2.560000 140 129
2.600000 133 130
2.640000 130 129
2.680000 123 130
2.720000 118 128
2.760000 114 128
2.800000 110 126
2.840000 106 124
2.880000 101 127
2.920000 94 126
2.960000 90 128
3.000000 85 129
3.040000 79 128
3.080000 71 122
3.120000 68 128
3.160000 63 124
3.200000 58 124
3.240000 54 125
3.280000 47 122
3.320000 42 122
3.360000 38 123
3.400000 34 125
3.440000 32 125
3.480000 28 124
3.520000 24 125
3.560000 22 124
3.600000 18 126
3.640000 13 124
3.680000 7 127
3.720000 7 127
3.760000 7 127
3.800000 7 127
3.840000 7 127
3.880000 7 127
3.920000 7 127
3.960000 7 127
4.000000 7 127
4.040000 7 127
4.080000 7 127
4.120000 7 127
4.160000 7 127
