0.000000 304 159
0.040000 304 159
0.080000 304 159
0.120000 304 159
0.160000 304 159
0.200000 304 159
0.240000 304 159
0.280000 304 159
0.320000 304 159
0.360000 304 159
0.400000 304 159
0.440000 304 159
0.480000 304 159
0.520000 304 159
0.560000 304 159
0.600000 304 159
0.640000 304 159
0.680000 304 159
0.720000 304 159
0.760000 304 159
0.800000 304 159
0.840000 304 159
0.880000 304 159
0.920000 304 159
0.960000 304 159
1.000000 304 159
1.040000 304 159
1.080000 304 159
1.120000 304 159
1.160000 304 159
1.200000 299 159
1.240000 295 160
1.280000 292 161
1.320000 287 161
1.360000 283 161
1.400000 278 161
1.440000 273 160
1.480000 268 160
1.520000 264 159
1.560000 259 160
1.600000 254 160
1.640000 251 161
1.680000 245 161
1.720000 240 164
1.760000 235 164
1.800000 231 164
1.840000 225 161
1.880000 221 160
1.920000 216 159
1.960000 210 159
2.000000 205 159
2.040000 199 159
2.080000 194 160
2.120000 189 160
2.160000 184 160
2.200000 179 161
2.240000 173 161
2.280000 163 160
2.320000 158 159
2.360000 153 159
2.400000 147 159
2.440000 142 159
2.480000 137 160
2.520000 132 160
2.560000 127 161
2.600000 122 161
2.640000 118 160
2.680000 112 160
2.720000 107 159
2.760000 103 158
2.800000 98 157
2.840000 93 158
2.880000 88 158
2.920000 82 159
2.960000 79 159
3.000000 75 159
3.040000 70 159
3.080000 65 159
3.120000 60 159
3.160000 55 156
3.200000 51 155
3.240000 48 155
3.280000 43 155
3.320000 38 155
3.360000 33 156
3.400000 29 156
3.440000 25 156
3.480000 22 156
3.520000 18 156
3.560000 13 155
3.600000 9 154
3.640000 6 154
3.680000 2 154
3.720000 2 154
3.760000 2 154
3.800000 2 154
3.840000 2 154
3.880000 2 154
3.920000 2 154
3.960000 2 154
4.000000 2 154
4.040000 2 154
4.080000 2 154
4.120000 2 154
4.160000 2 154
