0.000000 298 119
0.040000 298 119
0.080000 298 119
0.120000 298 119
0.160000 298 119
0.200000 298 119
0.240000 298 119
0.280000 298 119
0.320000 298 119
0.360000 298 119
0.400000 298 119
0.440000 298 119
0.480000 298 119
0.520000 298 119
0.560000 298 119
0.600000 298 119
0.640000 298 119
0.680000 298 119
0.720000 298 119
0.760000 298 119
0.800000 298 119
0.840000 298 119
0.880000 298 119
0.920000 298 119
0.960000 298 119
1.000000 298 119
1.040000 298 119
1.080000 298 119
1.120000 298 119
1.160000 294 118
1.200000 293 119
1.240000 289 118
1.280000 287 117
1.320000 282 117
1.360000 278 117
1.400000 274 117
1.440000 270 117
1.480000 266 117
1.520000 262 117
1.560000 258 117
1.600000 253 117
1.640000 249 117
1.680000 245 117
1.720000 241 117
1.760000 237 117
1.800000 233 117
1.840000 221 116
1.880000 212 117
1.920000 205 118
1.960000 199 118
2.000000 194 118
2.040000 189 118
2.080000 186 118
2.120000 184 118
2.160000 180 117
2.200000 178 117
2.240000 177 116
2.280000 176 115
2.320000 175 115
2.360000 174 114
2.400000 169 117
2.440000 163 117
2.480000 132 114
2.520000 130 114
2.560000 127 114
2.600000 123 115
2.640000 119 116
2.680000 115 117
2.720000 105 118
2.760000 99 118
2.800000 92 118
2.840000 88 117
2.880000 85 117
2.920000 80 113
2.960000 76 113
3.000000 73 113
3.040000 70 113
3.080000 63 113
3.120000 65 113
3.160000 68 113
3.200000 71 113
3.240000 70 113
3.280000 65 112
3.320000 60 113
3.360000 54 113
3.400000 54 113
3.440000 54 113
3.480000 54 113
3.520000 54 113
3.560000 54 113
3.600000 54 113
3.640000 54 113
3.680000 54 113
3.720000 54 113
3.760000 54 113
3.800000 54 113
3.840000 54 113
3.880000 54 113
3.920000 54 113
3.960000 54 113
4.000000 54 113
4.040000 54 113
4.080000 54 113
4.120000 54 113
4.160000 54 113
