0.000000 320 115
0.040000 320 115
0.080000 320 115
0.120000 320 115
0.160000 320 115
0.200000 320 115
0.240000 320 115
0.280000 320 115
0.320000 320 115
0.360000 320 115
0.400000 320 115
0.440000 320 115
0.480000 320 115
0.520000 320 115
0.560000 320 115
0.600000 320 115
0.640000 320 115
0.680000 320 115
0.720000 320 115
0.760000 320 115
0.800000 320 115
0.840000 320 115
0.880000 320 115
0.920000 320 115
0.960000 320 115
1.000000 320 115
1.040000 320 115
1.080000 320 115
1.120000 320 115
1.160000 320 115
1.200000 320 115
1.240000 320 115
1.280000 320 115
1.320000 320 115
1.360000 320 115
1.400000 320 115
1.440000 320 115
1.480000 320 115
1.520000 320 115
1.560000 320 115
1.600000 320 115
1.640000 320 115
1.680000 320 115
1.720000 320 115
1.760000 320 115
1.800000 320 115
1.840000 320 115
1.880000 320 115
1.920000 320 115
1.960000 320 115
2.000000 320 115
2.040000 320 115
2.080000 320 115
2.120000 320 115
2.160000 320 115
2.200000 320 115
2.240000 320 115
2.280000 320 115
2.320000 320 115
2.360000 316 117
2.400000 311 116
2.440000 304 117
2.480000 299 117
2.520000 296 118
2.560000 293 118
2.600000 288 119
2.640000 283 119
2.680000 282 120
2.720000 279 121
2.760000 273 119
2.800000 272 119
2.840000 267 119
2.880000 262 118
2.920000 257 118
2.960000 252 118
3.000000 243 119
3.040000 239 119
3.080000 236 119
3.120000 231 119
3.160000 227 119
3.200000 225 120
3.240000 220 119
3.280000 216 118
3.320000 211 117
3.360000 206 115
3.400000 201 117
3.440000 197 117
3.480000 192 119
3.520000 187 118
3.560000 184 118
3.600000 182 119
3.640000 179 119
3.680000 173 119
3.720000 169 119
3.760000 164 118
3.800000 160 118
3.840000 154 117
3.880000 149 117
3.920000 147 119
3.960000 142 120
4.000000 137 119
4.040000 132 119
4.080000 129 119
4.120000 124 119
4.160000 121 119
4.200000 117 117
4.240000 112 116
4.280000 108 115
4.320000 103 115
4.360000 99 115
4.400000 94 118
4.440000 87 118
4.480000 84 119
4.520000 81 118
4.560000 77 118
4.600000 75 118
4.640000 72 120
4.680000 68 119
4.720000 64 115
4.760000 60 115
4.800000 55 114
4.840000 50 115
4.880000 45 115
4.920000 42 117
4.960000 39 119
5.000000 34 118
5.040000 32 118
5.080000 29 117
5.120000 25 118
5.160000 23 118
5.200000 18 115
5.240000 10 113
5.280000 8 113
5.320000 6 112
5.360000 4 111
5.400000 2 117
5.440000 2 117
5.480000 2 117
5.520000 2 117
5.560000 2 117
5.600000 2 117
5.640000 2 117
5.680000 2 117
5.720000 2 117
5.760000 2 117
5.800000 2 117
5.840000 2 117
5.880000 2 117
5.920000 2 117
5.960000 2 117
6.000000 2 117
