0.000000 320 122
0.040000 320 122
0.080000 320 122
0.120000 320 122
0.160000 320 122
0.200000 320 122
0.240000 320 122
0.280000 320 122
0.320000 320 122
0.360000 320 122
0.400000 320 122
0.440000 320 122
0.480000 320 122
0.520000 320 122
0.560000 320 122
0.600000 320 122
0.640000 320 122
0.680000 320 122
0.720000 320 122
0.760000 320 122
0.800000 320 122
0.840000 320 122
0.880000 320 122
0.920000 320 122
0.960000 320 122
1.000000 320 122
1.040000 320 122
1.080000 320 122
1.120000 320 122
1.160000 320 122
1.200000 320 122
1.240000 320 122
1.280000 320 122
1.320000 320 122
1.360000 320 122
1.400000 320 122
1.440000 320 122
1.480000 320 122
1.520000 320 122
1.560000 320 122
1.600000 320 122
1.640000 320 122
1.680000 320 122
1.720000 320 122
1.760000 320 122
1.800000 320 119
1.840000 314 121
1.880000 309 119
1.920000 304 119
1.960000 303 118
2.000000 298 117
2.040000 292 115
2.080000 290 115
2.120000 282 114
2.160000 277 117
2.200000 273 117
2.240000 269 118
2.280000 264 119
2.320000 261 118
2.360000 254 119
2.400000 251 119
2.440000 246 118
2.480000 242 117
2.520000 240 115
2.560000 234 114
2.600000 227 114
2.640000 221 114
2.680000 214 114
2.720000 210 114
2.760000 206 117
2.800000 205 118
2.840000 199 119
2.880000 195 119
2.920000 190 119
2.960000 184 118
3.000000 181 118
3.040000 175 117
3.080000 168 116
3.120000 162 114
3.160000 156 115
3.200000 153 116
3.240000 149 117
3.280000 144 118
3.320000 137 118
3.360000 134 119
3.400000 127 119
3.440000 127 118
3.480000 117 118
3.520000 112 114
3.560000 106 113
3.600000 101 114
3.640000 95 115
3.680000 90 115
3.720000 86 116
3.760000 84 117
3.800000 79 118
3.840000 74 118
3.880000 71 119
3.920000 67 117
3.960000 64 118
4.000000 59 117
4.040000 55 115
4.080000 49 113
4.120000 44 113
4.160000 38 114
4.200000 34 114
4.240000 31 117
4.280000 28 117
4.320000 23 118
4.360000 19 118
4.400000 16 118
4.440000 8 113
4.480000 6 114
4.520000 5 115
4.560000 4 116
4.600000 3 117
4.640000 2 117
