1.720000 320 67
1.760000 314 67
1.800000 304 63
1.840000 293 61
1.880000 281 57
1.920000 268 56
1.960000 262 57
2.000000 260 56
2.040000 258 56
2.080000 258 56
2.120000 258 56
2.160000 258 56
2.200000 258 56
2.240000 258 56
2.280000 258 56
2.320000 236 61
2.360000 223 59
2.400000 258 56
2.440000 257 57
2.480000 203 57
2.520000 252 61
2.560000 246 63
2.600000 237 66
2.640000 226 66
2.680000 201 57
2.720000 201 60
2.760000 189 56
2.800000 175 56
2.840000 162 55
2.880000 152 55
2.920000 147 54
2.960000 147 52
3.000000 147 52
3.040000 147 52
3.080000 178 66
3.120000 147 52
3.160000 147 53
3.200000 147 54
3.240000 147 53
3.280000 146 54
3.320000 147 54
3.360000 144 55
3.400000 143 56
3.440000 138 59
3.480000 91 56
3.520000 122 63
3.560000 112 63
3.600000 100 63
3.640000 90 56
3.680000 75 56
3.720000 62 55
3.760000 51 56
3.800000 44 56
3.840000 43 56
3.880000 40 56
3.920000 39 56
3.960000 39 55
4.000000 39 56
4.040000 60 65
4.080000 39 56
4.120000 39 56
4.160000 39 56
4.200000 39 56
4.240000 39 56
4.280000 38 56
4.320000 38 57
4.360000 34 59
4.480000 13 66
