1.640000 308 124
1.760000 303 160
1.800000 298 159
1.840000 294 160
1.880000 314 120
1.920000 314 119
1.960000 314 119
2.000000 310 119
2.040000 308 119
2.080000 303 118
2.120000 297 118
2.160000 289 117
2.200000 282 115
2.240000 272 115
2.280000 260 115
2.320000 241 158
2.360000 236 155
2.400000 227 115
2.440000 218 116
2.480000 211 118
2.520000 205 118
2.560000 204 119
2.600000 201 118
2.640000 201 116
2.680000 195 160
2.720000 203 118
2.760000 205 115
2.800000 205 118
2.840000 204 118
2.880000 201 118
2.920000 199 117
2.960000 194 117
3.000000 187 115
3.040000 179 113
3.080000 139 123
3.120000 158 113
3.160000 144 113
3.200000 128 154
3.240000 123 150
3.280000 109 113
3.320000 97 114
3.360000 90 117
3.400000 85 119
3.440000 81 119
3.480000 77 119
3.520000 75 117
3.560000 76 115
3.600000 79 115
3.640000 81 114
3.680000 83 116
3.720000 68 127
3.760000 86 117
3.800000 86 117
3.840000 81 119
3.880000 79 119
3.920000 71 118
3.960000 65 117
4.000000 29 124
4.040000 47 113
4.080000 24 148
4.120000 26 112
4.160000 14 113
4.200000 5 113
4.240000 2 119
4.280000 2 123
4.320000 2 129
4.360000 2 123
4.440000 22 122
4.520000 10 119
