0.000000 316 60
0.040000 316 60
0.080000 316 60
0.120000 316 60
0.160000 316 60
0.200000 316 60
0.240000 316 60
0.280000 316 60
0.320000 316 60
0.360000 316 60
0.400000 316 60
0.440000 316 60
0.480000 316 60
0.520000 316 60
0.560000 316 60
0.600000 316 60
0.640000 316 60
0.680000 316 60
0.720000 316 60
0.760000 316 60
0.800000 316 60
0.840000 316 60
0.880000 316 60
0.920000 316 60
0.960000 316 60
1.000000 316 60
1.040000 316 60
1.080000 316 60
1.120000 316 60
1.160000 316 60
1.200000 316 60
1.240000 316 60
1.280000 316 60
1.320000 316 60
1.360000 316 60
1.400000 316 60
1.440000 316 60
1.480000 316 60
1.520000 316 60
1.560000 316 60
1.600000 316 60
1.640000 316 60
1.680000 316 60
1.720000 316 60
1.760000 316 60
1.800000 316 60
1.840000 316 60
1.880000 316 60
1.920000 316 60
1.960000 316 60
2.000000 316 60
2.040000 316 60
2.080000 316 60
2.120000 320 62
2.160000 314 65
2.200000 314 61
2.240000 314 61
2.280000 314 61
2.320000 314 61
2.360000 270 59
2.400000 314 65
2.440000 311 68
2.480000 306 71
2.520000 299 72
2.560000 290 70
2.600000 277 63
2.640000 269 58
2.680000 257 56
2.720000 271 59
2.760000 232 54
2.800000 225 54
2.840000 222 52
2.880000 221 52
2.920000 221 52
2.960000 255 72
3.000000 222 54
3.040000 223 54
3.080000 223 56
3.120000 223 55
3.160000 222 54
3.200000 222 54
3.240000 178 56
3.280000 222 56
3.320000 169 56
3.360000 169 56
3.400000 210 67
3.440000 201 69
3.480000 192 67
3.520000 179 63
3.560000 170 56
3.600000 169 56
3.640000 139 52
3.680000 127 51
3.720000 121 51
3.760000 119 51
3.800000 118 51
3.840000 118 52
3.880000 151 70
3.920000 119 52
3.960000 119 52
4.000000 118 54
4.040000 119 52
4.080000 119 52
4.120000 119 53
4.160000 118 54
4.200000 118 56
4.240000 115 59
4.280000 109 65
4.320000 101 67
4.360000 91 66
4.400000 79 63
4.440000 69 55
4.480000 55 56
4.520000 43 52
4.560000 71 56
4.600000 25 52
4.640000 23 52
4.680000 23 52
4.720000 23 52
4.760000 23 52
4.800000 45 70
4.840000 23 52
4.880000 23 54
4.920000 23 52
4.960000 23 53
5.000000 23 54
5.040000 23 56
5.080000 21 58
5.120000 20 60
5.160000 18 62
5.200000 17 63
5.240000 17 63
5.280000 17 63
5.320000 17 63
5.360000 17 63
5.400000 17 63
5.440000 17 63
5.480000 17 63
5.520000 17 63
5.560000 17 63
5.600000 17 63
5.640000 17 63
5.680000 17 63
5.720000 17 63
5.760000 17 63
5.800000 17 63
5.840000 17 63
5.880000 17 63
5.920000 17 63
5.960000 17 63
6.000000 17 63
6.040000 17 63
6.080000 17 63
6.120000 17 63
6.160000 17 63
6.200000 17 63
6.240000 17 63
