0.000000 303 57
0.040000 303 57
0.080000 303 57
0.120000 303 57
0.160000 303 57
0.200000 303 57
0.240000 303 57
0.280000 303 57
0.320000 303 57
0.360000 303 57
0.400000 303 57
0.440000 303 57
0.480000 303 57
0.520000 303 57
0.560000 303 57
0.600000 303 57
0.640000 303 57
0.680000 303 57
0.720000 303 57
0.760000 303 57
0.800000 303 57
0.840000 303 57
0.880000 303 57
0.920000 303 57
0.960000 303 57
1.000000 303 57
1.040000 303 57
1.080000 303 57
1.120000 303 57
1.160000 303 57
1.200000 303 57
1.240000 303 57
1.280000 303 57
1.320000 303 57
1.360000 303 57
1.400000 303 57
1.440000 303 57
1.480000 303 57
1.520000 303 57
1.560000 303 57
1.600000 303 57
1.640000 303 57
1.680000 303 57
1.720000 303 57
1.760000 303 57
1.800000 303 57
1.840000 303 57
1.880000 303 57
1.920000 303 57
1.960000 303 57
2.000000 303 57
2.040000 303 57
2.080000 303 57
2.120000 303 58
2.160000 303 60
2.200000 293 60
2.240000 279 60
2.280000 268 62
2.320000 262 66
2.360000 302 56
2.400000 253 58
2.440000 255 58
2.480000 254 58
2.520000 254 58
2.560000 253 57
2.600000 256 59
2.640000 256 56
2.680000 257 58
2.720000 229 56
2.760000 253 59
2.800000 253 57
2.840000 253 57
2.880000 254 57
2.920000 253 56
2.960000 205 53
3.000000 240 59
3.040000 227 60
3.080000 210 60
3.120000 199 56
3.160000 184 57
3.200000 171 61
3.240000 205 52
3.280000 157 62
3.320000 205 51
3.360000 205 51
3.400000 154 56
3.440000 153 56
3.480000 153 56
3.520000 153 56
3.560000 153 56
3.600000 137 54
3.640000 153 56
3.680000 153 56
3.720000 153 56
3.760000 153 56
3.800000 153 55
3.840000 153 54
3.880000 101 51
3.920000 132 56
3.960000 121 58
4.000000 103 55
4.040000 92 56
4.080000 79 58
4.120000 67 61
4.160000 60 61
4.200000 58 60
4.240000 57 57
4.280000 55 56
4.320000 57 56
4.360000 55 56
4.400000 56 55
4.440000 57 56
4.480000 58 55
4.520000 55 56
4.560000 18 56
4.600000 12 60
4.640000 55 54
4.680000 10 55
4.720000 54 52
4.760000 50 54
4.800000 8 54
4.840000 29 58
4.880000 14 61
4.920000 2 56
4.960000 3 56
5.000000 4 56
5.040000 5 55
5.080000 6 55
5.120000 8 51
5.160000 8 51
5.200000 8 51
5.240000 8 51
5.280000 8 51
5.320000 8 51
5.360000 8 51
5.400000 8 51
5.440000 8 51
5.480000 8 51
5.520000 8 51
5.560000 8 51
5.600000 8 51
5.640000 8 51
5.680000 8 51
5.720000 8 51
5.760000 8 51
5.800000 8 51
5.840000 8 51
5.880000 8 51
5.920000 8 51
5.960000 8 51
6.000000 8 51
6.040000 8 51
6.080000 8 51
6.120000 8 51
6.160000 8 51
6.200000 8 51
6.240000 8 51
