0.000000 307 120
0.040000 307 120
0.080000 307 120
0.120000 307 120
0.160000 307 120
0.200000 307 120
0.240000 307 120
0.280000 307 120
0.320000 307 120
0.360000 307 120
0.400000 307 120
0.440000 307 120
0.480000 307 120
0.520000 307 120
0.560000 307 120
0.600000 307 120
0.640000 307 120
0.680000 307 120
0.720000 307 120
0.760000 307 120
0.800000 307 120
0.840000 307 120
0.880000 307 120
0.920000 307 120
0.960000 307 120
1.000000 307 120
1.040000 307 120
1.080000 307 120
1.120000 307 120
1.160000 307 120
1.200000 307 120
1.240000 307 120
1.280000 307 120
1.320000 307 120
1.360000 307 120
1.400000 307 120
1.440000 307 120
1.480000 307 120
1.520000 307 120
1.560000 307 120
1.600000 307 120
1.640000 307 120
1.680000 307 120
1.720000 307 120
1.760000 307 120
1.800000 307 120
1.840000 307 120
1.880000 307 120
1.920000 307 120
1.960000 307 120
2.000000 307 120
2.040000 298 119
2.080000 290 119
2.120000 283 120
2.160000 277 121
2.200000 271 121
2.240000 265 119
2.280000 261 119
2.320000 258 119
2.360000 257 122
2.400000 254 122
2.440000 249 121
2.480000 247 121
2.520000 246 121
2.560000 245 120
2.600000 244 120
2.640000 243 119
2.680000 242 119
2.720000 226 118
2.760000 218 119
2.800000 210 119
2.840000 202 119
2.880000 194 119
2.920000 186 119
2.960000 171 120
3.000000 160 122
3.040000 152 122
3.080000 143 122
3.120000 136 122
3.160000 131 122
3.200000 127 121
3.240000 121 119
3.280000 121 119
3.320000 121 119
3.360000 121 119
3.400000 121 119
3.440000 121 119
3.480000 121 118
3.520000 118 118
3.560000 114 119
3.600000 108 119
3.640000 101 118
3.680000 94 116
3.720000 74 117
3.760000 66 118
3.800000 59 119
3.840000 52 119
3.880000 44 120
3.920000 37 120
3.960000 30 121
4.000000 14 121
4.040000 8 120
4.080000 2 119
4.120000 2 119
4.160000 2 119
4.200000 2 119
4.240000 2 119
4.280000 2 119
4.320000 2 119
4.360000 2 119
4.400000 2 119
4.440000 2 119
4.480000 2 119
4.520000 2 119
4.560000 2 119
4.600000 2 119
4.640000 2 119
4.680000 2 119
