0.000000 315 66
0.040000 315 66
0.080000 315 66
0.120000 315 66
0.160000 315 66
0.200000 315 66
0.240000 315 66
0.280000 315 66
0.320000 315 66
0.360000 315 66
0.400000 315 66
0.440000 315 66
0.480000 315 66
0.520000 315 66
0.560000 315 66
0.600000 315 66
0.640000 315 66
0.680000 315 66
0.720000 315 66
0.760000 315 66
0.800000 315 66
0.840000 315 66
0.880000 315 66
0.920000 315 66
0.960000 315 66
1.000000 315 66
1.040000 315 66
1.080000 315 66
1.120000 315 66
1.160000 315 66
1.200000 315 66
1.240000 315 66
1.280000 315 66
1.320000 315 66
1.360000 315 66
1.400000 315 66
1.440000 315 66
1.480000 315 66
1.520000 315 66
1.560000 315 66
1.600000 315 66
1.640000 315 66
1.680000 315 66
1.720000 307 66
1.760000 294 61
1.800000 283 61
1.840000 277 61
1.880000 276 61
1.920000 274 60
1.960000 273 59
2.000000 273 59
2.040000 273 59
2.080000 273 58
2.120000 273 61
2.160000 273 60
2.200000 273 60
2.240000 273 59
2.280000 273 60
2.320000 273 61
2.360000 272 61
2.400000 268 63
2.440000 262 67
2.480000 253 69
2.520000 246 70
2.560000 236 68
2.600000 225 65
2.640000 215 61
2.680000 203 61
2.720000 188 57
2.760000 177 58
2.800000 170 58
2.840000 169 57
2.880000 168 56
2.920000 168 56
2.960000 167 56
3.000000 167 56
3.040000 168 56
3.080000 167 56
3.120000 167 57
3.160000 167 57
3.200000 166 57
3.240000 165 57
3.280000 164 59
3.320000 163 60
3.360000 158 61
3.400000 153 64
3.440000 144 67
3.480000 133 67
3.520000 121 67
3.560000 111 62
3.600000 100 61
3.640000 85 57
3.680000 73 58
3.720000 64 58
3.760000 59 57
3.800000 57 56
3.840000 55 56
3.880000 55 56
3.920000 55 56
3.960000 55 56
4.000000 55 57
4.040000 55 58
4.080000 55 59
4.120000 55 57
4.160000 55 57
4.200000 55 60
4.240000 53 61
4.280000 51 61
4.320000 49 63
4.360000 32 69
4.400000 27 69
4.440000 22 68
4.480000 17 67
4.520000 2 63
4.560000 4 63
4.600000 6 63
4.640000 8 63
4.680000 8 62
4.720000 8 62
4.760000 8 62
4.800000 8 62
4.840000 8 62
4.880000 8 62
4.920000 8 62
4.960000 8 62
5.000000 8 62
5.040000 8 62
5.080000 8 62
5.120000 8 62
5.160000 8 62
5.200000 8 62
5.240000 8 62
5.280000 8 62
5.320000 8 62
5.360000 8 62
5.400000 8 62
5.440000 8 62
5.480000 8 62
5.520000 8 62
5.560000 8 62
5.600000 8 62
5.640000 8 62
5.680000 8 62
5.720000 8 62
5.760000 8 62
5.800000 8 62
5.840000 8 62
5.880000 8 62
5.920000 8 62
5.960000 8 62
6.000000 8 62
6.040000 8 62
6.080000 8 62
6.120000 8 62
6.160000 8 62
6.200000 8 62
6.240000 8 62
6.280000 8 62
6.320000 8 62
6.360000 8 62
6.400000 8 62
6.440000 8 62
6.480000 8 62
6.520000 8 62
6.560000 8 62
6.600000 8 62
