1.880000 314 154
1.920000 309 154
1.960000 304 151
2.000000 300 150
2.040000 297 149
2.080000 293 150
2.120000 288 149
2.160000 283 150
2.200000 280 150
2.240000 277 150
2.280000 273 150
2.320000 270 152
2.360000 267 153
2.400000 262 154
2.440000 257 153
2.480000 252 152
2.520000 247 150
2.560000 242 150
2.600000 236 150
2.640000 231 150
2.680000 227 151
2.720000 221 152
2.760000 218 154
2.800000 214 155
2.840000 210 155
2.880000 205 154
2.920000 200 154
2.960000 195 153
3.000000 190 151
3.040000 184 150
3.080000 179 150
3.120000 174 150
3.160000 169 152
3.200000 164 153
3.240000 159 154
3.280000 155 154
3.320000 150 154
3.360000 149 154
3.400000 148 154
3.440000 146 154
3.480000 142 152
3.520000 137 150
3.560000 132 150
3.600000 127 150
3.640000 121 150
3.680000 116 152
3.720000 111 154
3.760000 106 154
3.800000 101 154
3.840000 95 154
3.880000 90 153
3.920000 86 150
3.960000 81 150
4.000000 75 150
4.040000 69 150
4.080000 64 150
4.120000 59 150
4.160000 56 150
4.200000 54 150
4.240000 49 150
4.280000 46 150
4.320000 43 150
4.360000 39 149
4.400000 34 148
4.440000 30 147
4.480000 27 146
4.520000 22 146
4.560000 18 146
4.600000 12 146
4.640000 8 146
