1.480000 320 111
1.520000 315 113
1.560000 312 113
1.600000 308 113
1.640000 304 113
1.680000 300 113
1.720000 299 113
1.760000 297 113
1.800000 294 113
1.840000 290 113
1.880000 287 113
1.920000 283 111
1.960000 277 111
2.000000 272 111
2.040000 268 112
2.080000 263 113
2.120000 259 113
2.160000 256 114
2.200000 251 114
2.240000 247 115
2.280000 242 113
2.320000 237 112
2.360000 234 112
2.400000 230 111
2.440000 224 109
2.480000 220 111
2.520000 214 112
2.560000 210 113
2.600000 205 113
2.640000 205 113
2.680000 203 113
2.720000 199 113
2.760000 195 113
2.800000 192 113
2.840000 188 111
2.880000 183 111
2.920000 178 109
2.960000 173 111
3.000000 168 111
3.040000 162 113
3.080000 158 113
3.120000 153 113
3.160000 149 113
3.200000 144 114
3.240000 138 113
3.280000 134 113
3.320000 131 110
3.360000 126 108
3.400000 121 109
3.440000 116 109
3.480000 109 111
3.520000 106 113
3.560000 102 112
3.600000 101 113
3.640000 97 113
3.680000 92 113
3.720000 90 112
3.760000 85 111
3.800000 81 109
3.840000 75 109
3.880000 71 109
3.920000 66 109
3.960000 62 110
4.000000 58 112
4.040000 54 113
4.080000 49 113
4.120000 45 113
4.160000 43 113
4.200000 39 112
4.240000 34 111
4.280000 30 111
4.320000 24 109
4.360000 19 109
4.400000 15 109
4.440000 12 110
4.480000 10 113
4.520000 8 113
4.600000 2 113
4.640000 2 114
4.680000 2 114
4.720000 2 114
