0.000000 303 119
0.040000 303 119
0.080000 303 119
0.120000 303 119
0.160000 303 119
0.200000 303 119
0.240000 303 119
0.280000 303 119
0.320000 303 119
0.360000 303 119
0.400000 303 119
0.440000 303 119
0.480000 303 119
0.520000 303 119
0.560000 303 119
0.600000 303 119
0.640000 303 119
0.680000 303 119
0.720000 303 119
0.760000 303 119
0.800000 303 119
0.840000 303 119
0.880000 303 119
0.920000 303 119
0.960000 303 119
1.000000 303 119
1.040000 303 119
1.080000 303 119
1.120000 303 119
1.160000 303 119
1.200000 303 119
1.240000 303 119
1.280000 303 119
1.320000 303 119
1.360000 303 119
1.400000 303 119
1.440000 303 119
1.480000 303 119
1.520000 303 119
1.560000 303 119
1.600000 303 119
1.640000 303 119
1.680000 303 119
1.720000 303 119
1.760000 303 119
1.800000 303 119
1.840000 303 119
1.880000 303 119
1.920000 303 119
1.960000 303 119
2.000000 303 119
2.040000 303 119
2.080000 303 119
2.120000 303 119
2.160000 303 119
2.200000 303 119
2.240000 303 119
2.280000 303 119
2.320000 303 119
2.360000 303 119
2.400000 305 118
2.440000 307 117
2.480000 309 116
2.520000 311 115
2.560000 313 114
2.600000 314 112
2.640000 309 112
2.680000 304 111
2.720000 298 112
2.760000 291 113
2.800000 283 113
2.840000 277 115
2.880000 270 117
2.920000 262 116
2.960000 255 118
3.000000 248 118
3.040000 244 118
3.080000 240 117
3.120000 236 115
3.160000 236 114
3.200000 235 113
3.240000 232 113
3.280000 231 113
3.320000 231 113
3.360000 230 114
3.400000 226 113
3.440000 225 113
3.480000 221 111
3.520000 217 109
3.560000 212 108
3.600000 207 108
3.640000 200 108
3.680000 194 109
3.720000 184 111
3.760000 176 111
3.800000 168 112
3.840000 158 113
3.880000 149 114
3.920000 142 115
3.960000 134 115
4.000000 127 115
4.040000 123 114
4.080000 120 114
4.120000 117 113
4.160000 116 113
4.200000 116 113
4.240000 116 113
4.280000 116 113
4.320000 114 113
4.360000 112 113
4.400000 111 113
4.440000 107 112
4.480000 105 111
4.520000 101 111
4.560000 95 109
4.600000 90 108
4.640000 81 108
4.680000 73 108
4.720000 64 111
4.760000 55 111
4.800000 47 113
4.840000 39 115
4.880000 32 117
4.920000 25 119
4.960000 19 119
5.000000 16 119
5.040000 12 118
5.080000 9 117
5.120000 8 114
5.160000 8 113
5.200000 8 113
5.240000 8 113
5.280000 8 113
5.320000 8 113
5.360000 7 113
5.400000 6 113
5.440000 5 113
5.480000 4 113
5.520000 3 113
5.560000 2 113
5.600000 2 113
5.640000 2 113
5.680000 2 113
5.720000 2 113
