0.000000 303 120
0.040000 303 120
0.080000 303 120
0.120000 303 120
0.160000 303 120
0.200000 303 120
0.240000 303 120
0.280000 303 120
0.320000 303 120
0.360000 303 120
0.400000 303 120
0.440000 303 120
0.480000 303 120
0.520000 303 120
0.560000 303 120
0.600000 303 120
0.640000 303 120
0.680000 303 120
0.720000 303 120
0.760000 303 120
0.800000 303 120
0.840000 303 120
0.880000 303 120
0.920000 303 120
0.960000 303 120
1.000000 303 120
1.040000 303 120
1.080000 303 120
1.120000 303 120
1.160000 303 120
1.200000 303 120
1.240000 303 120
1.280000 303 120
1.320000 303 120
1.360000 303 120
1.400000 303 120
1.440000 303 120
1.480000 303 120
1.520000 303 120
1.560000 303 120
1.600000 303 120
1.640000 303 120
1.680000 303 120
1.720000 303 120
1.760000 303 120
1.800000 303 120
1.840000 303 120
1.880000 303 120
1.920000 303 120
1.960000 303 120
2.000000 303 120
2.040000 303 120
2.080000 303 120
2.120000 303 120
2.160000 303 120
2.200000 303 120
2.240000 303 120
2.280000 303 120
2.320000 303 120
2.360000 303 120
2.400000 303 120
2.440000 298 120
2.480000 293 119
2.520000 288 119
2.560000 284 119
2.600000 283 119
2.640000 280 119
2.680000 278 119
2.720000 275 119
2.760000 274 119
2.800000 272 119
2.840000 269 119
2.880000 266 119
2.920000 257 120
2.960000 253 120
3.000000 250 120
3.040000 246 119
3.080000 243 119
3.120000 239 118
3.160000 236 118
3.200000 232 118
3.240000 229 117
3.280000 225 117
3.320000 217 118
3.360000 210 119
3.400000 205 119
3.440000 199 119
3.480000 194 119
3.520000 189 118
3.560000 184 118
3.600000 181 118
3.640000 179 117
3.680000 173 118
3.720000 169 117
3.760000 166 116
3.800000 160 114
3.840000 157 116
3.880000 154 117
3.920000 146 122
3.960000 142 122
4.000000 139 121
4.040000 135 121
4.080000 124 118
4.120000 120 119
4.160000 117 119
4.200000 114 119
4.240000 111 119
4.280000 107 119
4.320000 104 119
4.360000 101 119
4.400000 98 119
4.440000 90 119
4.480000 85 118
4.520000 80 118
4.560000 74 113
4.600000 69 114
4.640000 65 115
4.680000 61 116
4.720000 57 117
4.760000 52 118
4.800000 48 119
4.840000 40 121
4.880000 42 120
4.920000 44 118
4.960000 47 117
5.000000 49 115
5.040000 48 113
5.080000 38 111
5.120000 35 112
5.160000 32 113
5.200000 29 114
5.240000 26 115
5.280000 24 115
5.320000 21 116
5.360000 18 117
5.400000 15 118
5.440000 10 118
5.480000 10 118
5.520000 10 118
5.560000 10 118
5.600000 10 118
5.640000 10 118
5.680000 10 118
5.720000 10 118
