2.400000 303 119
2.560000 315 113
2.600000 314 112
2.640000 309 112
2.680000 304 111
2.720000 298 112
2.760000 291 113
2.800000 283 113
2.840000 277 115
2.880000 270 117
2.920000 262 116
2.960000 255 118
3.000000 248 118
3.040000 244 118
3.080000 240 117
3.120000 236 115
3.160000 236 114
3.200000 235 113
3.240000 232 113
3.280000 231 113
3.320000 231 113
3.360000 230 114
3.400000 226 113
3.440000 225 113
3.480000 221 111
3.520000 217 109
3.560000 212 108
3.600000 207 108
3.640000 200 108
3.680000 194 109
3.720000 184 111
3.760000 176 111
3.800000 168 112
3.840000 158 113
3.880000 149 114
3.920000 142 115
3.960000 134 115
4.000000 127 115
4.040000 123 114
4.080000 120 114
4.120000 117 113
4.160000 116 113
4.200000 116 113
4.240000 116 113
4.280000 116 113
4.320000 114 113
4.360000 112 113
4.400000 111 113
4.440000 107 112
4.480000 105 111
4.520000 101 111
4.560000 95 109
4.600000 90 108
4.640000 81 108
4.680000 73 108
4.720000 64 111
4.760000 55 111
4.800000 47 113
4.840000 39 115
4.880000 32 117
4.920000 25 119
4.960000 19 119
5.000000 16 119
5.040000 12 118
5.080000 9 117
5.120000 8 114
5.160000 8 113
5.200000 8 113
5.240000 8 113
5.280000 8 113
5.320000 8 113
5.360000 7 113
5.400000 7 113
5.520000 2 113
