2.400000 309 165
2.440000 306 164
2.480000 303 163
2.520000 299 163
2.560000 295 162
2.600000 292 161
2.640000 288 163
2.680000 284 164
2.720000 280 165
2.760000 277 165
2.800000 272 165
2.840000 268 165
2.880000 264 165
2.920000 261 165
2.960000 257 165
3.000000 252 165
3.040000 247 165
3.080000 242 163
3.120000 238 165
3.160000 234 165
3.200000 230 165
3.240000 225 166
3.280000 221 167
3.320000 216 169
3.360000 213 169
3.400000 209 169
3.440000 205 169
3.480000 200 168
3.520000 195 167
3.560000 190 165
3.600000 186 167
3.640000 181 168
3.680000 178 169
3.720000 173 169
3.760000 168 170
3.800000 164 170
3.840000 159 170
3.880000 155 170
3.920000 151 170
3.960000 146 169
4.000000 142 168
4.040000 137 166
4.080000 132 166
4.120000 127 166
4.160000 121 168
4.200000 117 169
4.240000 112 169
4.280000 108 169
4.320000 105 170
4.360000 101 169
4.400000 95 169
4.440000 90 167
4.480000 86 165
4.520000 82 165
4.560000 77 165
4.600000 73 165
4.640000 68 165
4.680000 64 165
4.720000 59 165
4.760000 55 165
4.800000 50 165
4.840000 47 165
4.880000 43 165
4.920000 38 165
4.960000 34 164
5.000000 31 163
5.040000 28 161
5.080000 23 162
5.120000 19 161
5.160000 16 164
5.200000 13 163
5.240000 9 164
5.280000 7 165
5.320000 2 165
5.360000 2 164
5.400000 2 165
