2.400000 320 118
2.440000 313 115
2.480000 309 113
2.520000 305 114
2.560000 299 114
2.600000 296 113
2.640000 293 114
2.680000 288 114
2.720000 283 117
2.760000 279 115
2.800000 277 115
2.840000 273 117
2.880000 271 117
2.920000 268 117
2.960000 263 116
3.000000 258 114
3.040000 255 114
3.080000 250 113
3.120000 245 114
3.160000 238 115
3.200000 234 113
3.240000 230 116
3.280000 226 115
3.320000 223 115
3.360000 219 116
3.400000 216 114
3.440000 212 113
3.480000 208 113
3.520000 205 111
3.560000 199 111
3.600000 194 112
3.640000 186 113
3.680000 183 113
3.720000 179 113
3.760000 174 114
3.800000 170 117
3.840000 166 117
3.880000 161 116
3.920000 158 114
3.960000 153 113
4.000000 149 112
4.040000 143 111
4.080000 138 111
4.120000 133 112
4.160000 128 113
4.200000 125 113
4.240000 122 114
4.280000 117 117
4.320000 116 117
4.360000 112 117
4.400000 107 114
4.440000 102 113
4.480000 97 111
4.520000 94 112
4.560000 90 111
4.600000 82 111
4.640000 77 113
4.680000 73 113
4.720000 71 116
4.760000 68 117
4.800000 65 118
4.840000 59 116
4.880000 55 115
4.920000 52 114
4.960000 51 115
5.000000 47 113
5.040000 42 112
5.080000 38 113
5.120000 33 113
5.160000 28 113
5.200000 26 113
5.240000 23 115
5.280000 19 116
5.320000 16 117
5.360000 12 117
5.400000 10 115
5.480000 2 113
