2.080000 309 153
2.120000 305 153
2.160000 300 151
2.200000 298 154
2.240000 294 154
2.280000 290 154
2.320000 287 153
2.360000 283 152
2.400000 278 152
2.440000 273 152
2.480000 268 154
2.520000 262 154
2.560000 258 154
2.600000 255 155
2.640000 249 155
2.680000 246 154
2.720000 241 154
2.760000 236 153
2.800000 231 151
2.840000 225 152
2.880000 221 152
2.920000 216 154
2.960000 210 154
3.000000 206 154
3.040000 202 154
3.080000 198 155
3.120000 194 155
3.160000 190 155
3.200000 184 154
3.240000 181 154
3.280000 177 153
3.320000 170 152
3.360000 165 154
3.400000 158 154
3.440000 153 154
3.480000 151 155
3.520000 144 155
3.560000 139 154
3.600000 133 154
3.640000 128 153
3.680000 125 153
3.720000 119 152
3.760000 114 153
3.800000 111 154
3.840000 107 154
3.880000 101 154
3.920000 98 154
3.960000 94 154
4.000000 92 154
4.040000 90 154
4.080000 86 154
4.120000 81 150
4.160000 77 149
4.200000 73 150
4.240000 69 150
4.280000 64 150
4.320000 60 154
4.360000 55 153
4.400000 51 154
4.440000 48 154
4.480000 44 152
4.520000 39 151
4.560000 34 150
4.600000 32 150
4.640000 28 150
4.680000 23 149
4.720000 20 150
4.760000 18 150
4.800000 13 150
4.840000 10 150
4.880000 6 150
4.920000 2 149
