0.000000 320 56
0.040000 320 56
0.080000 320 56
0.120000 320 56
0.160000 320 56
0.200000 320 56
0.240000 320 56
0.280000 320 56
0.320000 320 56
0.360000 320 56
0.400000 320 56
0.440000 320 56
0.480000 320 56
0.520000 320 56
0.560000 320 56
0.600000 320 56
0.640000 320 56
0.680000 320 56
0.720000 320 56
0.760000 320 56
0.800000 320 56
0.840000 320 56
0.880000 320 56
0.920000 320 56
0.960000 320 56
1.000000 320 56
1.040000 320 56
1.080000 320 56
1.120000 320 56
1.160000 320 56
1.200000 320 56
1.240000 320 56
1.280000 320 56
1.320000 320 56
1.360000 320 56
1.400000 320 56
1.440000 320 56
1.480000 320 56
1.520000 320 56
1.560000 320 56
1.600000 320 56
1.640000 320 56
1.680000 320 56
1.720000 320 56
1.760000 320 56
1.800000 320 56
1.840000 320 56
1.880000 320 70
1.920000 320 69
1.960000 295 61
2.000000 304 71
2.040000 297 61
2.080000 286 62
2.120000 272 59
2.160000 262 59
2.200000 253 58
2.240000 251 57
2.280000 251 56
2.320000 249 56
2.360000 248 56
2.400000 248 56
2.440000 249 56
2.480000 248 56
2.520000 249 56
2.560000 249 56
2.600000 247 56
2.640000 247 56
2.680000 247 56
2.720000 247 57
2.760000 246 58
2.800000 245 61
2.840000 241 63
2.880000 234 66
2.920000 225 67
2.960000 214 67
3.000000 200 67
3.040000 190 60
3.080000 176 61
3.120000 162 57
3.160000 148 56
3.200000 139 56
3.240000 137 55
3.280000 137 56
3.320000 136 56
3.360000 135 56
3.400000 136 56
3.440000 164 67
3.480000 134 54
3.520000 135 56
3.560000 135 56
3.600000 134 55
3.640000 134 55
3.680000 94 59
3.720000 87 59
3.760000 133 56
3.800000 132 58
3.840000 127 61
3.880000 122 63
3.920000 115 66
3.960000 103 66
4.000000 90 66
4.040000 81 58
4.080000 69 60
4.120000 57 56
4.160000 84 56
4.200000 38 57
4.240000 34 57
4.280000 34 57
4.320000 34 56
4.360000 75 66
4.400000 34 57
4.440000 34 56
4.480000 34 56
4.520000 34 57
4.560000 34 58
4.600000 33 57
4.640000 14 61
4.680000 33 57
4.720000 32 58
4.760000 31 59
4.800000 30 60
4.840000 29 61
4.880000 23 65
4.920000 23 65
4.960000 23 65
5.000000 23 65
5.040000 23 65
5.080000 23 65
5.120000 23 65
