0.000000 320 134
0.040000 320 134
0.080000 320 134
0.120000 320 134
0.160000 320 134
0.200000 320 134
0.240000 320 134
0.280000 320 134
0.320000 320 134
0.360000 320 134
0.400000 320 134
0.440000 320 134
0.480000 320 134
0.520000 320 134
0.560000 320 134
0.600000 320 134
0.640000 320 134
0.680000 320 134
0.720000 320 134
0.760000 320 134
0.800000 320 134
0.840000 320 134
0.880000 320 134
0.920000 320 134
0.960000 320 134
1.000000 320 134
1.040000 320 134
1.080000 320 134
1.120000 320 134
1.160000 320 134
1.200000 320 134
1.240000 320 134
1.280000 320 134
1.320000 320 134
1.360000 320 134
1.400000 320 134
1.440000 320 134
1.480000 320 134
1.520000 320 134
1.560000 320 134
1.600000 320 134
1.640000 320 134
1.680000 320 134
1.720000 320 134
1.760000 320 134
1.800000 314 132
1.840000 314 132
1.880000 310 133
1.920000 308 133
1.960000 307 132
2.000000 305 133
2.040000 304 134
2.080000 303 133
2.120000 300 133
2.160000 299 132
2.200000 296 132
2.240000 292 132
2.280000 288 131
2.320000 283 130
2.360000 277 133
2.400000 271 132
2.440000 264 131
2.480000 257 131
2.520000 251 130
2.560000 245 133
2.600000 238 133
2.640000 231 132
2.680000 224 130
2.720000 218 132
2.760000 212 133
2.800000 206 131
2.840000 205 133
2.880000 199 131
2.920000 197 133
2.960000 195 133
3.000000 194 133
3.040000 190 133
3.080000 189 130
3.120000 187 132
3.160000 184 130
3.200000 179 131
3.240000 175 132
3.280000 170 130
3.320000 164 130
3.360000 158 129
3.400000 153 130
3.440000 144 130
3.480000 136 130
3.520000 129 132
3.560000 121 130
3.600000 116 130
3.640000 107 130
3.680000 102 132
3.720000 100 133
3.760000 95 133
3.800000 90 133
3.840000 84 133
3.880000 81 132
3.920000 76 132
3.960000 75 130
4.000000 74 130
4.040000 73 131
4.080000 70 132
4.120000 69 132
4.160000 68 131
4.200000 65 130
4.240000 60 130
4.280000 55 129
4.320000 49 129
4.360000 46 129
4.400000 39 128
4.440000 33 128
4.480000 30 128
4.520000 20 128
4.560000 14 128
4.600000 8 128
4.640000 6 131
4.680000 2 132
4.720000 2 132
4.760000 2 133
4.800000 2 133
4.840000 3 132
4.880000 4 131
4.920000 5 130
4.960000 5 130
5.000000 5 130
5.040000 5 130
5.080000 5 130
5.120000 5 130
