0.000000 292 64
0.040000 292 64
0.080000 292 64
0.120000 292 64
0.160000 292 64
0.200000 292 64
0.240000 292 64
0.280000 292 64
0.320000 292 64
0.360000 292 64
0.400000 292 64
0.440000 292 64
0.480000 292 64
0.520000 292 64
0.560000 292 64
0.600000 292 64
0.640000 292 64
0.680000 292 64
0.720000 292 64
0.760000 292 64
0.800000 292 64
0.840000 292 64
0.880000 292 64
0.920000 292 64
0.960000 292 64
1.000000 292 64
1.040000 292 64
1.080000 292 64
1.120000 292 64
1.160000 292 64
1.200000 292 64
1.240000 292 64
1.280000 292 64
1.320000 292 64
1.360000 292 64
1.400000 292 64
1.440000 292 64
1.480000 292 64
1.520000 292 64
1.560000 292 64
1.600000 292 64
1.640000 292 64
1.680000 292 64
1.720000 288 61
1.760000 287 61
1.800000 287 60
1.840000 286 59
1.880000 284 57
1.920000 283 57
1.960000 309 57
2.000000 284 57
2.040000 284 59
2.080000 273 55
2.120000 284 57
2.160000 283 57
2.200000 284 57
2.240000 284 56
2.280000 285 56
2.320000 287 56
2.360000 287 56
2.400000 280 56
2.440000 271 56
2.480000 258 56
2.520000 246 61
2.560000 231 56
2.600000 216 56
2.640000 200 57
2.680000 190 60
2.720000 184 61
2.760000 184 57
2.800000 182 56
2.840000 179 54
2.880000 180 54
2.920000 179 54
2.960000 179 54
3.000000 179 54
3.040000 183 56
3.080000 182 56
3.120000 179 55
3.160000 179 55
3.200000 179 54
3.240000 179 54
3.280000 179 54
3.320000 183 52
3.360000 181 52
3.400000 174 54
3.440000 122 50
3.480000 148 54
3.520000 126 56
3.560000 121 55
3.600000 107 54
3.640000 92 56
3.680000 122 50
3.720000 122 50
3.760000 75 56
3.800000 74 54
3.840000 72 52
3.880000 72 52
3.920000 72 53
3.960000 73 54
4.000000 73 54
4.040000 75 55
4.080000 77 56
4.120000 73 54
4.160000 34 54
4.200000 73 53
4.240000 24 58
4.280000 75 52
4.320000 74 53
4.360000 73 53
4.400000 72 54
4.440000 64 56
4.480000 53 56
4.520000 40 59
4.560000 23 56
4.600000 18 58
4.640000 23 56
4.680000 2 61
4.720000 2 57
4.760000 23 52
4.800000 23 52
4.840000 24 52
4.880000 24 52
4.920000 24 52
4.960000 24 52
5.000000 24 52
5.040000 24 52
5.080000 24 52
5.120000 24 52
