0.000000 298 61
0.040000 298 61
0.080000 298 61
0.120000 298 61
0.160000 298 61
0.200000 298 61
0.240000 298 61
0.280000 298 61
0.320000 298 61
0.360000 298 61
0.400000 298 61
0.440000 298 61
0.480000 298 61
0.520000 298 61
0.560000 298 61
0.600000 298 61
0.640000 298 61
0.680000 298 61
0.720000 298 61
0.760000 298 61
0.800000 298 61
0.840000 298 61
0.880000 298 61
0.920000 298 61
0.960000 298 61
1.000000 298 61
1.040000 298 61
1.080000 298 61
1.120000 298 61
1.160000 298 61
1.200000 298 61
1.240000 298 61
1.280000 298 61
1.320000 297 58
1.360000 297 57
1.400000 296 57
1.440000 295 57
1.480000 294 57
1.520000 296 61
1.560000 297 61
1.600000 290 60
1.640000 278 61
1.680000 268 61
1.720000 256 62
1.760000 247 67
1.800000 246 66
1.840000 246 61
1.880000 244 57
1.920000 243 56
1.960000 244 56
2.000000 284 58
2.040000 242 56
2.080000 244 56
2.120000 244 57
2.160000 245 57
2.200000 246 58
2.240000 242 56
2.280000 242 56
2.320000 242 56
2.360000 243 56
2.400000 242 56
2.440000 241 55
2.480000 242 56
2.520000 236 58
2.560000 226 60
2.600000 213 60
2.640000 198 66
2.680000 186 58
2.720000 173 58
2.760000 158 58
2.800000 146 60
2.840000 138 62
2.880000 133 63
2.920000 186 52
2.960000 188 52
3.000000 185 51
3.040000 131 54
3.080000 170 56
3.120000 131 55
3.160000 132 55
3.200000 136 52
3.240000 136 56
3.280000 132 56
3.320000 131 55
3.360000 131 54
3.400000 130 55
3.440000 130 54
3.480000 129 53
3.520000 129 53
3.560000 74 54
3.600000 119 56
3.640000 108 58
3.680000 95 58
3.720000 76 56
3.760000 69 61
3.800000 55 57
3.840000 42 60
3.880000 33 62
3.920000 28 62
3.960000 25 61
4.000000 25 56
4.040000 24 55
4.080000 24 56
4.120000 64 56
4.160000 24 56
4.200000 24 56
4.240000 26 56
4.280000 17 56
4.320000 27 56
4.360000 25 56
4.400000 24 56
4.440000 23 55
4.480000 24 56
4.520000 23 55
4.560000 24 56
4.600000 24 56
4.640000 24 56
4.680000 24 56
4.720000 24 56
4.760000 24 56
4.800000 24 56
4.840000 24 56
4.880000 24 56
4.920000 24 56
4.960000 24 56
5.000000 24 56
5.040000 24 56
5.080000 24 56
5.120000 24 56
5.160000 24 56
5.200000 24 56
5.240000 24 56
5.280000 24 56
