0.000000 320 67
0.040000 320 67
0.080000 320 67
0.120000 320 67
0.160000 320 67
0.200000 320 67
0.240000 320 67
0.280000 320 67
0.320000 320 67
0.360000 320 67
0.400000 320 67
0.440000 320 67
0.480000 320 67
0.520000 320 67
0.560000 320 67
0.600000 320 67
0.640000 320 67
0.680000 320 67
0.720000 320 67
0.760000 320 67
0.800000 320 67
0.840000 320 67
0.880000 320 67
0.920000 320 67
0.960000 320 67
1.000000 320 67
1.040000 320 67
1.080000 320 67
1.120000 320 67
1.160000 320 67
1.200000 320 67
1.240000 320 67
1.280000 320 67
1.320000 320 67
1.360000 320 67
1.400000 320 67
1.440000 320 67
1.480000 320 67
1.520000 320 67
1.560000 320 67
1.600000 320 67
1.640000 320 67
1.680000 320 67
1.720000 320 67
1.760000 320 67
1.800000 320 67
1.840000 320 67
1.880000 320 67
1.920000 309 61
1.960000 307 66
2.000000 284 59
2.040000 271 58
2.080000 257 59
2.120000 248 61
2.160000 242 61
2.200000 242 56
2.240000 240 55
2.280000 239 55
2.320000 238 55
2.360000 239 55
2.400000 239 55
2.440000 241 56
2.480000 245 57
2.520000 238 56
2.560000 240 56
2.600000 240 56
2.640000 240 56
2.680000 240 55
2.720000 239 52
2.760000 231 54
2.800000 221 56
2.840000 208 56
2.880000 189 55
2.920000 177 54
2.960000 160 56
3.000000 147 56
3.040000 142 57
3.080000 138 56
3.120000 136 52
3.160000 135 52
3.200000 135 52
3.240000 135 52
3.280000 135 52
3.320000 136 52
3.360000 147 51
3.400000 137 52
3.440000 137 52
3.480000 136 51
3.520000 136 51
3.560000 136 51
3.600000 136 51
3.640000 132 51
3.680000 122 52
3.720000 110 54
3.760000 99 56
3.800000 80 56
3.840000 69 55
3.880000 53 58
3.920000 44 60
3.960000 40 60
4.000000 82 50
4.040000 38 56
4.080000 38 56
4.120000 39 56
4.160000 38 56
4.200000 39 56
4.240000 39 56
4.280000 41 57
4.320000 39 56
4.360000 40 56
4.400000 40 56
4.440000 40 56
4.480000 39 56
4.520000 33 56
4.560000 27 58
4.600000 21 59
4.640000 15 60
4.680000 10 61
4.720000 10 61
4.760000 10 61
4.800000 10 61
4.840000 10 61
4.880000 10 61
4.920000 10 61
4.960000 10 61
5.000000 10 61
5.040000 10 61
5.080000 10 61
5.120000 10 61
5.160000 10 61
5.200000 10 61
5.240000 10 61
5.280000 10 61
5.320000 10 61
5.360000 10 61
5.400000 10 61
5.440000 10 61
