1.600000 310 69
1.640000 310 72
1.680000 310 70
1.720000 310 70
1.760000 310 70
1.800000 309 70
1.840000 309 72
1.880000 307 72
1.920000 302 76
1.960000 268 64
2.000000 284 76
2.040000 274 76
2.080000 264 67
2.120000 268 64
2.160000 238 67
2.200000 226 66
2.240000 221 66
2.280000 219 64
2.320000 216 63
2.360000 216 62
2.400000 216 62
2.440000 242 71
2.480000 231 71
2.520000 220 67
2.560000 216 65
2.600000 216 63
2.640000 216 64
2.680000 215 64
2.720000 215 66
2.760000 211 68
2.800000 207 71
2.840000 199 73
2.880000 190 73
2.920000 179 72
2.960000 168 71
3.000000 153 67
3.040000 139 65
3.080000 127 66
3.120000 118 66
3.160000 113 65
3.200000 112 63
3.240000 111 61
3.280000 111 61
3.320000 111 61
3.360000 110 61
3.400000 113 69
3.440000 112 63
3.480000 111 64
3.520000 111 62
3.560000 111 63
3.600000 110 65
3.640000 107 67
3.680000 60 61
3.720000 97 71
3.760000 90 72
3.800000 60 61
3.840000 60 63
3.880000 60 66
3.920000 48 67
3.960000 36 67
4.000000 28 69
4.040000 22 68
4.080000 19 67
4.120000 19 66
4.160000 18 65
4.200000 18 66
4.240000 18 66
4.280000 18 70
4.320000 21 67
4.360000 5 67
4.400000 18 67
4.480000 18 69
