1.640000 307 137
1.680000 299 135
1.720000 296 134
1.760000 292 134
1.800000 287 134
1.840000 282 134
1.880000 277 133
1.920000 274 134
1.960000 272 135
2.000000 269 137
2.040000 265 137
2.560000 205 135
2.600000 200 135
2.640000 194 134
2.680000 189 133
2.720000 184 133
2.760000 179 133
2.800000 175 133
2.840000 171 133
2.880000 168 133
3.000000 153 134
3.160000 144 137
3.200000 139 137
3.240000 134 137
3.280000 129 135
3.360000 108 135
3.480000 109 152
3.520000 92 133
3.560000 86 133
3.600000 84 133
3.640000 79 133
3.680000 72 132
3.720000 69 130
3.840000 62 134
3.960000 55 134
4.000000 51 134
4.040000 49 134
4.080000 44 134
4.120000 40 134
4.160000 36 134
4.200000 32 134
4.240000 27 135
4.280000 23 136
