1.320000 320 138
1.360000 320 139
1.400000 312 142
1.440000 308 139
1.480000 306 139
1.520000 302 139
1.560000 299 139
1.600000 297 139
1.640000 294 138
1.680000 293 137
1.720000 285 139
1.760000 277 139
1.800000 273 139
1.840000 268 139
1.880000 263 139
1.920000 261 139
1.960000 257 140
2.000000 251 139
2.040000 247 139
2.080000 242 137
2.120000 237 135
2.160000 234 137
2.200000 230 139
2.240000 225 139
2.280000 221 139
2.320000 216 139
2.360000 214 140
2.400000 210 139
2.440000 205 141
2.480000 200 138
2.520000 194 137
2.560000 192 139
2.600000 184 139
2.640000 182 139
2.680000 177 139
2.720000 172 139
2.760000 167 139
2.800000 162 139
2.840000 158 137
2.880000 153 138
2.920000 148 137
2.960000 142 135
3.000000 137 134
3.040000 132 136
3.080000 127 136
3.120000 124 138
3.160000 121 139
3.200000 116 138
3.240000 113 139
3.280000 109 167
3.320000 105 136
3.360000 101 135
3.400000 95 135
3.440000 91 138
3.480000 86 135
3.520000 84 137
3.560000 78 137
3.600000 73 137
3.640000 70 139
3.680000 67 138
3.720000 60 136
3.760000 55 136
3.800000 51 134
3.840000 45 134
3.880000 43 134
3.920000 39 134
3.960000 38 136
4.000000 33 135
4.040000 33 137
4.080000 28 135
4.120000 25 134
4.160000 22 134
4.200000 18 135
4.240000 16 133
4.280000 12 133
4.320000 7 133
4.360000 1 133
