1.280000 308 98
1.320000 304 97
1.360000 303 98
1.400000 299 98
1.440000 297 98
1.480000 288 99
1.520000 283 99
1.560000 297 97
1.600000 277 96
1.640000 292 96
1.680000 268 93
1.720000 277 96
1.760000 270 95
1.800000 262 93
1.840000 257 95
1.880000 249 98
1.920000 243 98
1.960000 238 97
2.000000 234 97
2.040000 231 96
2.080000 227 94
2.120000 225 93
2.160000 221 93
2.200000 217 94
2.240000 216 95
2.280000 214 94
2.320000 205 97
2.360000 214 93
2.400000 190 97
2.440000 188 95
2.480000 184 93
2.520000 179 93
2.560000 195 93
2.600000 188 92
2.640000 169 93
2.680000 168 93
2.720000 163 93
2.760000 157 95
2.800000 147 97
2.840000 142 96
2.880000 137 95
2.920000 134 93
2.960000 132 93
3.000000 127 93
3.040000 123 92
3.080000 123 93
3.120000 121 92
3.160000 120 94
3.200000 102 95
3.240000 97 96
3.280000 94 94
3.320000 90 93
3.360000 86 91
3.400000 81 92
3.440000 96 92
3.480000 75 93
3.520000 75 93
3.560000 73 93
3.600000 68 93
3.640000 60 96
3.680000 55 96
3.720000 50 95
3.760000 49 94
3.800000 45 92
3.840000 43 92
3.880000 39 92
3.920000 38 92
3.960000 34 91
4.000000 33 92
4.040000 31 94
4.080000 33 93
4.120000 11 97
4.160000 8 96
4.200000 6 93
4.240000 2 90
4.280000 19 92
4.360000 8 91
