1.320000 308 124
1.360000 305 125
1.400000 303 126
1.520000 288 126
1.560000 283 128
1.600000 277 126
1.640000 272 126
1.680000 268 124
1.720000 263 124
1.760000 261 124
1.800000 257 124
1.840000 272 123
1.920000 252 126
1.960000 247 124
2.040000 236 123
2.080000 231 124
2.120000 225 124
2.160000 221 124
2.200000 216 123
2.240000 215 124
2.280000 212 124
2.440000 195 125
2.480000 188 124
2.520000 181 124
2.560000 177 124
2.600000 173 124
2.640000 169 124
2.840000 149 121
2.880000 142 121
2.920000 134 119
2.960000 128 119
3.000000 126 122
3.040000 119 120
3.080000 116 121
3.120000 112 120
3.200000 110 120
3.240000 106 123
3.280000 102 122
3.320000 97 122
3.360000 91 121
3.560000 69 126
3.640000 60 120
3.680000 55 122
3.720000 49 120
3.760000 43 119
3.800000 38 119
3.840000 34 119
3.880000 30 119
3.920000 29 122
3.960000 27 121
4.000000 23 119
4.040000 23 122
4.120000 18 119
