2.040000 289 135
2.080000 285 135
2.120000 281 135
2.160000 277 136
2.200000 272 137
2.240000 267 138
2.280000 262 138
2.320000 256 138
2.360000 251 138
2.400000 246 137
2.440000 242 135
2.480000 237 134
2.520000 233 134
2.560000 229 134
2.600000 225 134
2.640000 222 134
2.680000 219 135
2.720000 216 136
2.760000 212 137
2.800000 209 138
2.840000 206 138
2.880000 203 137
2.920000 201 136
2.960000 199 135
3.000000 195 134
3.040000 190 134
3.080000 186 134
3.120000 181 135
3.160000 176 135
3.200000 171 135
3.240000 166 136
