2.040000 282 118
2.080000 277 117
2.120000 273 117
2.160000 268 118
2.200000 264 118
2.240000 262 119
2.280000 259 119
2.320000 256 119
2.360000 253 119
2.400000 249 119
2.440000 247 118
2.480000 242 117
2.520000 238 117
2.560000 234 117
2.600000 230 117
2.640000 225 117
2.680000 220 117
2.720000 216 119
2.760000 212 119
2.800000 208 120
2.840000 205 119
2.880000 201 119
2.920000 197 117
2.960000 194 116
3.000000 189 116
3.040000 184 116
3.080000 179 117
3.120000 174 117
3.160000 169 117
3.200000 166 117
3.240000 163 118
