2.720000 320 161
2.760000 320 163
2.800000 320 163
2.840000 320 163
2.880000 314 160
2.920000 313 159
2.960000 310 159
3.000000 308 159
3.040000 304 159
3.080000 301 159
3.120000 298 159
3.160000 294 160
3.200000 292 160
3.240000 288 160
3.280000 284 160
3.320000 281 160
3.360000 277 160
3.400000 273 159
3.440000 271 159
3.480000 267 159
3.520000 262 159
3.560000 258 159
3.600000 256 159
3.640000 252 160
3.680000 247 160
3.720000 245 161
3.760000 241 161
3.800000 238 161
3.840000 234 162
3.880000 231 161
3.920000 227 161
3.960000 224 160
4.000000 220 159
4.040000 216 159
4.080000 211 159
4.120000 207 159
4.160000 203 159
4.200000 199 160
4.240000 195 160
4.280000 190 160
4.320000 185 161
4.360000 182 161
4.400000 179 160
4.440000 174 160
4.480000 169 160
4.520000 166 160
4.560000 162 159
4.600000 158 159
4.640000 153 159
4.680000 148 160
4.720000 144 160
4.760000 142 161
4.800000 138 160
4.840000 133 161
4.880000 132 161
4.920000 127 161
4.960000 123 160
5.000000 120 160
5.040000 116 159
5.080000 111 159
5.120000 106 159
5.160000 101 158
5.200000 97 159
5.240000 94 159
5.280000 90 159
5.320000 85 159
5.360000 80 159
5.400000 76 160
5.440000 73 160
5.480000 69 160
5.520000 65 160
5.560000 63 160
5.600000 59 159
5.640000 55 159
5.680000 51 159
5.720000 47 158
5.760000 44 159
5.800000 40 159
5.840000 38 159
5.880000 34 159
5.920000 31 159
5.960000 29 159
6.000000 25 159
6.040000 23 158
6.080000 19 157
6.120000 17 156
6.160000 13 155
6.200000 8 155
6.240000 7 155
6.280000 2 154
6.320000 2 154
6.360000 2 154
