0.000000 320 115
0.040000 320 115
0.080000 320 115
0.120000 320 115
0.160000 320 115
0.200000 320 115
0.240000 320 115
0.280000 320 115
0.320000 320 115
0.360000 320 115
0.400000 320 115
0.440000 320 115
0.480000 320 115
0.520000 320 115
0.560000 320 115
0.600000 320 115
0.640000 320 115
0.680000 320 115
0.720000 320 115
0.760000 320 115
0.800000 320 115
0.840000 320 115
0.880000 320 115
0.920000 320 115
0.960000 320 115
1.000000 320 115
1.040000 320 115
1.080000 320 115
1.120000 320 115
1.160000 320 115
1.200000 320 115
1.240000 320 115
1.280000 320 115
1.320000 315 115
1.360000 312 114
1.400000 309 115
1.440000 307 114
1.480000 303 114
1.520000 298 114
1.560000 294 114
1.600000 288 114
1.640000 283 113
1.680000 278 113
1.720000 275 113
1.760000 271 115
1.800000 267 118
1.840000 262 116
1.880000 257 115
1.920000 255 113
1.960000 251 113
2.000000 247 112
2.040000 243 111
2.080000 236 112
2.120000 231 113
2.160000 227 113
2.200000 221 112
2.240000 217 113
2.280000 214 113
2.320000 210 113
2.360000 206 113
2.400000 203 113
2.440000 199 112
2.480000 194 111
2.520000 189 111
2.560000 184 111
2.600000 177 111
2.640000 172 111
2.680000 168 112
2.720000 163 113
2.760000 156 114
2.800000 149 114
2.840000 146 115
2.880000 143 113
2.920000 138 111
2.960000 134 108
3.000000 130 109
3.040000 123 109
3.080000 116 108
3.120000 111 108
3.160000 107 111
3.200000 104 113
3.240000 101 113
3.280000 96 113
3.320000 92 113
3.360000 88 113
3.400000 84 112
3.440000 79 111
3.480000 75 109
3.520000 69 111
3.560000 64 111
3.600000 60 109
3.640000 55 111
3.680000 49 113
3.720000 47 113
3.760000 44 113
3.800000 39 113
3.840000 35 113
3.880000 33 113
3.920000 29 110
3.960000 24 110
4.000000 22 113
4.040000 16 112
4.080000 8 111
4.120000 7 112
4.160000 6 112
4.200000 5 112
4.240000 2 114
4.280000 2 114
4.320000 2 114
4.360000 2 114
4.400000 2 114
4.440000 2 114
4.480000 2 114
4.520000 2 114
4.560000 2 114
4.600000 2 114
