1.360000 320 87
1.400000 314 88
1.440000 304 91
1.480000 298 92
1.520000 292 91
1.560000 286 91
1.600000 283 88
1.640000 278 87
1.680000 273 85
1.720000 268 87
1.760000 262 87
1.800000 260 87
1.840000 257 87
1.880000 256 87
1.920000 252 88
1.960000 252 87
2.000000 252 87
2.040000 251 87
2.080000 248 85
2.120000 246 84
2.160000 242 86
2.200000 238 86
2.240000 231 87
2.280000 221 86
2.320000 214 84
2.360000 204 87
2.400000 196 87
2.440000 189 89
2.480000 183 91
2.520000 175 91
2.560000 171 88
2.600000 168 87
2.640000 164 86
2.680000 158 85
2.720000 153 83
2.760000 147 84
2.800000 143 85
2.840000 146 87
2.880000 142 85
2.920000 137 89
2.960000 138 87
3.000000 137 86
3.040000 136 86
3.080000 133 85
3.120000 131 85
3.160000 127 83
3.200000 121 83
3.240000 112 83
3.280000 103 83
3.320000 92 87
3.360000 86 87
3.400000 80 87
3.440000 75 87
3.480000 68 88
3.520000 64 87
3.560000 60 86
3.600000 57 87
3.640000 53 87
3.680000 46 82
3.720000 43 83
3.760000 39 83
3.800000 45 87
3.840000 35 85
3.880000 34 87
3.920000 28 91
3.960000 31 88
4.000000 30 87
4.040000 29 86
4.080000 27 85
4.120000 23 87
4.160000 21 85
4.200000 15 84
4.240000 6 83
4.320000 2 82
