2.280000 305 61
2.320000 320 71
2.360000 305 61
2.400000 305 63
2.440000 304 61
2.480000 304 61
2.520000 304 61
2.560000 304 61
2.600000 304 63
2.640000 303 65
2.680000 299 68
2.720000 293 71
2.760000 283 71
2.800000 273 71
2.840000 261 67
2.880000 252 61
2.920000 236 61
2.960000 225 59
3.000000 214 59
3.040000 207 59
3.080000 205 57
3.120000 205 56
3.160000 205 56
3.200000 205 56
3.240000 205 56
3.280000 205 56
3.320000 204 59
3.360000 204 57
3.400000 204 57
3.440000 204 57
3.480000 203 58
3.520000 201 60
3.560000 199 61
3.600000 194 66
3.640000 186 69
3.680000 177 70
3.720000 167 70
3.760000 154 67
3.800000 144 61
3.840000 131 61
3.880000 118 60
3.920000 106 59
3.960000 101 60
4.000000 99 58
4.040000 97 57
4.080000 97 56
4.120000 97 56
4.160000 98 56
4.200000 97 56
4.240000 97 57
4.280000 96 57
4.320000 97 58
4.360000 96 56
4.400000 96 58
4.440000 95 60
4.480000 90 65
4.520000 81 67
4.560000 72 67
4.600000 64 67
4.640000 53 66
4.680000 43 61
4.720000 29 61
4.760000 18 60
4.800000 8 60
4.840000 1 59
4.880000 2 59
4.920000 2 56
5.000000 2 54
5.040000 23 71
5.080000 14 70
