2.240000 314 149
2.280000 320 151
2.320000 316 150
2.360000 313 150
2.400000 309 150
2.440000 304 151
2.480000 299 150
2.520000 297 149
2.560000 292 149
2.600000 288 149
2.640000 282 148
2.680000 277 149
2.720000 272 149
2.760000 268 149
2.800000 264 150
2.840000 260 150
2.880000 256 152
2.920000 251 150
2.960000 247 150
3.000000 242 150
3.040000 237 150
3.080000 232 149
3.120000 227 149
3.160000 221 150
3.200000 217 150
3.240000 213 150
3.280000 209 150
3.320000 204 150
3.360000 199 150
3.400000 194 150
3.440000 188 149
3.480000 183 149
3.520000 178 148
3.560000 172 148
3.600000 168 148
3.640000 162 149
3.680000 157 149
3.720000 153 150
3.760000 148 150
3.800000 143 150
3.840000 139 150
3.880000 136 149
3.920000 131 149
3.960000 126 148
4.000000 121 146
4.040000 116 147
4.080000 111 147
4.120000 106 148
4.160000 101 149
4.200000 96 150
4.240000 91 150
4.280000 86 150
4.320000 81 150
4.360000 77 149
4.400000 71 148
4.440000 67 147
4.480000 58 146
4.520000 54 146
4.560000 49 148
4.600000 45 149
4.640000 42 149
4.680000 38 148
4.720000 33 148
4.760000 29 148
4.800000 24 146
4.840000 21 145
4.880000 16 145
4.920000 11 145
5.000000 2 145
5.040000 2 148
