2.280000 308 119
2.360000 308 120
2.400000 304 117
2.440000 297 115
2.480000 292 117
2.520000 284 117
2.560000 279 117
2.600000 275 117
2.640000 270 115
2.680000 266 114
2.720000 262 113
2.760000 259 113
2.800000 257 117
2.840000 257 113
2.880000 255 115
2.920000 252 113
2.960000 251 113
3.000000 247 113
3.040000 242 113
3.080000 238 113
3.120000 234 113
3.160000 227 113
3.200000 221 113
3.240000 215 113
3.280000 206 113
3.320000 199 115
3.360000 190 113
3.400000 184 113
3.440000 175 113
3.480000 169 114
3.520000 164 115
3.560000 158 114
3.600000 153 113
3.640000 151 113
3.680000 147 113
3.720000 147 113
3.760000 143 113
3.800000 139 113
3.840000 138 113
3.880000 133 113
3.920000 132 110
3.960000 129 110
4.000000 125 109
4.040000 121 111
4.080000 115 109
4.120000 108 111
4.160000 103 113
4.200000 96 113
4.240000 92 113
4.280000 86 114
4.320000 75 111
4.360000 69 113
4.400000 62 113
4.440000 56 113
4.480000 48 113
4.520000 44 113
4.560000 40 113
4.600000 38 113
4.640000 34 113
4.680000 33 113
4.720000 28 111
4.760000 28 109
4.800000 23 109
4.840000 21 109
4.880000 18 109
4.920000 13 112
