2.200000 307 61
2.240000 305 61
2.280000 305 61
2.320000 305 61
2.360000 312 74
2.400000 304 67
2.440000 292 67
2.480000 279 65
2.520000 268 63
2.560000 259 63
2.600000 257 61
2.640000 256 61
2.680000 255 61
2.720000 253 61
2.760000 253 60
2.800000 253 60
2.840000 252 62
2.880000 256 61
2.920000 254 61
2.960000 253 61
3.000000 252 61
3.040000 252 61
3.080000 251 63
3.120000 249 66
3.160000 242 69
3.200000 235 71
3.240000 226 71
3.280000 215 71
3.320000 205 67
3.360000 190 64
3.400000 178 61
3.440000 164 61
3.480000 157 61
3.520000 153 61
3.560000 153 61
3.600000 151 60
3.640000 149 60
3.680000 149 60
3.720000 148 61
3.760000 150 60
3.800000 149 60
3.840000 149 61
3.880000 149 60
3.920000 149 60
3.960000 148 61
4.000000 147 61
4.040000 144 65
4.080000 138 67
4.120000 131 71
4.160000 121 71
4.200000 111 69
4.240000 101 67
4.280000 86 64
4.320000 75 65
4.360000 64 61
4.400000 55 61
4.440000 51 61
4.480000 49 59
4.520000 49 59
4.560000 48 60
4.600000 47 59
4.640000 47 60
4.680000 49 60
4.720000 48 61
4.760000 47 60
4.800000 47 60
4.840000 45 60
4.880000 45 61
4.920000 44 62
4.960000 38 66
5.000000 32 68
5.040000 23 71
5.080000 14 71
