0.000000 320 159
0.040000 320 159
0.080000 320 159
0.120000 320 159
0.160000 320 159
0.200000 320 159
0.240000 320 159
0.280000 320 159
0.320000 320 159
0.360000 320 159
0.400000 320 159
0.440000 320 159
0.480000 320 159
0.520000 320 159
0.560000 320 159
0.600000 320 159
0.640000 320 159
0.680000 320 159
0.720000 320 159
0.760000 320 159
0.800000 320 159
0.840000 320 159
0.880000 320 159
0.920000 320 159
0.960000 320 159
1.000000 320 159
1.040000 320 159
1.080000 320 159
1.120000 320 159
1.160000 320 159
1.200000 320 159
1.240000 320 159
1.280000 320 159
1.320000 320 159
1.360000 320 159
1.400000 320 159
1.440000 314 160
1.480000 310 161
1.520000 307 161
1.560000 303 161
1.600000 299 162
1.640000 294 161
1.680000 291 161
1.720000 287 160
1.760000 282 159
1.800000 277 159
1.840000 272 160
1.880000 267 160
1.920000 262 161
1.960000 257 163
2.000000 253 163
2.040000 247 163
2.080000 243 163
2.120000 238 162
2.160000 233 161
2.200000 228 161
2.240000 223 160
2.280000 219 159
2.320000 213 159
2.360000 208 159
2.400000 204 160
2.440000 199 161
2.480000 194 163
2.520000 190 164
2.560000 184 164
2.600000 179 164
2.640000 175 161
2.680000 169 161
2.720000 164 160
2.760000 158 160
2.800000 153 160
2.840000 147 161
2.880000 142 161
2.920000 137 161
2.960000 132 164
3.000000 127 165
3.040000 123 165
3.080000 119 165
3.120000 114 164
3.160000 108 163
3.200000 103 161
3.240000 98 160
3.280000 93 159
3.320000 86 159
3.360000 81 159
3.400000 76 159
3.440000 73 161
3.480000 69 163
3.520000 65 163
3.560000 60 161
3.600000 55 161
3.640000 51 160
3.680000 48 159
3.720000 43 158
3.760000 38 157
3.800000 34 156
3.840000 29 158
3.880000 25 159
3.920000 21 159
3.960000 18 159
4.000000 14 160
4.040000 10 159
4.080000 5 158
4.120000 2 156
4.160000 2 154
4.200000 2 154
4.240000 2 154
4.280000 2 154
4.320000 2 154
4.360000 2 154
4.400000 2 154
4.440000 2 154
