3.680000 178 113
3.720000 172 113
3.760000 164 115
3.800000 157 117
3.840000 152 118
3.880000 150 118
3.920000 148 119
3.960000 148 119
4.000000 142 119
4.040000 137 118
4.080000 133 117
4.120000 131 116
4.160000 128 116
4.200000 125 116
4.240000 120 114
4.280000 116 115
4.320000 112 115
4.360000 107 116
4.400000 104 116
4.440000 100 117
4.480000 97 119
4.520000 94 119
4.560000 90 119
4.600000 85 119
4.640000 81 118
4.680000 77 118
4.720000 73 116
4.760000 70 115
4.800000 66 114
4.840000 63 113
4.880000 58 113
