3.680000 155 122
3.720000 152 121
3.760000 148 120
3.800000 145 121
3.840000 142 121
3.880000 139 121
3.920000 136 121
3.960000 133 122
4.000000 129 122
4.040000 131 122
4.080000 134 121
4.120000 139 120
4.160000 141 118
4.200000 139 118
4.240000 136 117
4.280000 131 117
4.320000 125 117
4.360000 113 116
4.400000 106 116
4.440000 100 117
4.480000 94 118
4.520000 88 119
4.560000 82 120
4.600000 76 121
4.640000 69 122
4.680000 60 123
4.720000 54 124
4.760000 49 124
4.800000 44 123
4.840000 42 120
4.880000 44 119
