0.000000 320 69
0.040000 320 69
0.080000 320 69
0.120000 320 69
0.160000 320 69
0.200000 320 69
0.240000 320 69
0.280000 320 69
0.320000 320 69
0.360000 320 69
0.400000 320 69
0.440000 320 69
0.480000 320 69
0.520000 320 69
0.560000 320 69
0.600000 320 69
0.640000 320 69
0.680000 320 69
0.720000 320 69
0.760000 320 69
0.800000 320 69
0.840000 320 69
0.880000 320 69
0.920000 320 69
0.960000 320 69
1.000000 320 69
1.040000 320 69
1.080000 320 69
1.120000 320 69
1.160000 320 69
1.200000 320 69
1.240000 320 69
1.280000 320 69
1.320000 320 69
1.360000 320 69
1.400000 320 69
1.440000 320 69
1.480000 320 69
1.520000 320 69
1.560000 320 69
1.600000 320 69
1.640000 320 69
1.680000 320 69
1.720000 320 69
1.760000 320 69
1.800000 320 69
1.840000 320 69
1.880000 320 69
1.920000 320 69
1.960000 320 71
2.000000 308 72
2.040000 294 70
2.080000 286 62
2.120000 273 61
2.160000 258 59
2.200000 248 60
2.240000 241 59
2.280000 237 58
2.320000 236 57
2.360000 235 56
2.400000 234 56
2.440000 234 56
2.480000 234 56
2.520000 234 56
2.560000 233 57
2.600000 234 57
2.640000 234 57
2.680000 233 57
2.720000 233 56
2.760000 232 57
2.800000 231 60
2.840000 226 62
2.880000 221 65
2.920000 212 67
2.960000 202 68
3.000000 190 67
3.040000 177 66
3.080000 166 59
3.120000 151 56
3.160000 136 56
3.200000 123 56
3.240000 116 57
3.280000 112 56
3.320000 111 55
3.360000 110 56
3.400000 108 55
3.440000 108 55
3.480000 107 55
3.520000 107 55
3.560000 107 56
3.600000 107 56
3.640000 108 56
3.680000 108 55
3.720000 108 56
3.760000 107 56
3.800000 106 56
3.840000 103 58
3.880000 97 61
3.920000 90 65
3.960000 80 67
4.000000 70 67
4.040000 58 66
4.080000 49 59
4.120000 38 60
4.160000 24 56
4.200000 13 58
4.240000 6 57
4.280000 2 57
4.320000 2 57
4.360000 2 57
4.400000 8 60
4.440000 14 63
4.480000 20 66
4.520000 2 56
4.560000 2 56
4.600000 2 56
4.640000 2 56
4.680000 2 56
4.720000 2 56
4.760000 2 56
4.800000 2 56
4.840000 2 56
4.880000 2 56
4.920000 2 56
4.960000 2 56
5.000000 2 56
5.040000 2 56
5.080000 2 56
5.120000 2 56
5.160000 2 56
5.200000 2 56
5.240000 2 56
5.280000 2 56
5.320000 2 56
5.360000 2 56
5.400000 2 56
5.440000 2 56
5.480000 2 56
5.520000 2 56
5.560000 2 56
5.600000 2 56
5.640000 2 56
5.680000 2 56
5.720000 2 56
5.760000 2 56
5.800000 2 56
5.840000 2 56
5.880000 2 56
5.920000 2 56
5.960000 2 56
6.000000 2 56
6.040000 2 56
6.080000 2 56
6.120000 2 56
6.160000 2 56
6.200000 2 56
6.240000 2 56
6.280000 2 56
6.320000 2 56
6.360000 2 56
