0.000000 320 66
0.040000 320 66
0.080000 320 66
0.120000 320 66
0.160000 320 66
0.200000 320 66
0.240000 320 66
0.280000 320 66
0.320000 320 66
0.360000 320 66
0.400000 320 66
0.440000 320 66
0.480000 320 66
0.520000 320 66
0.560000 320 66
0.600000 320 66
0.640000 320 66
0.680000 320 66
0.720000 320 66
0.760000 320 66
0.800000 320 66
0.840000 320 66
0.880000 320 66
0.920000 320 66
0.960000 320 66
1.000000 320 66
1.040000 320 66
1.080000 320 66
1.120000 320 66
1.160000 320 66
1.200000 320 66
1.240000 320 66
1.280000 320 66
1.320000 320 66
1.360000 320 66
1.400000 320 66
1.440000 320 66
1.480000 320 66
1.520000 320 66
1.560000 320 66
1.600000 320 66
1.640000 320 66
1.680000 320 66
1.720000 320 66
1.760000 320 66
1.800000 320 66
1.840000 320 66
1.880000 320 66
1.920000 320 66
1.960000 314 61
2.000000 303 59
2.040000 283 60
2.080000 274 56
2.120000 262 56
2.160000 246 58
2.200000 236 61
2.240000 228 63
2.280000 225 60
2.320000 221 56
2.360000 220 54
2.400000 220 52
2.440000 220 52
2.480000 220 52
2.520000 220 52
2.560000 220 52
2.600000 221 52
2.640000 220 52
2.680000 220 52
2.720000 220 51
2.760000 220 51
2.800000 220 51
2.840000 219 51
2.880000 217 51
2.920000 210 54
2.960000 199 55
3.000000 184 52
3.040000 164 56
3.080000 153 51
3.120000 138 51
3.160000 121 54
3.200000 109 59
3.240000 101 61
3.280000 97 59
3.320000 96 55
3.360000 95 52
3.400000 95 52
3.440000 95 51
3.480000 95 52
3.520000 95 52
3.560000 95 52
3.600000 95 51
3.640000 95 51
3.680000 95 51
3.720000 95 51
3.760000 95 50
3.800000 95 50
3.840000 94 50
3.880000 92 50
3.920000 88 52
3.960000 78 52
4.000000 66 54
4.040000 48 56
4.080000 38 51
4.120000 27 52
4.160000 6 59
4.200000 5 59
4.240000 3 57
4.280000 2 57
4.320000 2 56
4.360000 2 54
4.400000 8 55
4.440000 15 56
4.480000 22 57
4.520000 2 54
4.560000 2 54
4.600000 2 54
4.640000 2 54
4.680000 2 54
4.720000 2 54
4.760000 2 54
4.800000 2 54
4.840000 2 54
4.880000 2 54
4.920000 2 54
4.960000 2 54
5.000000 2 54
5.040000 2 54
5.080000 2 54
5.120000 2 54
5.160000 2 54
5.200000 2 54
5.240000 2 54
5.280000 2 54
5.320000 2 54
5.360000 2 54
5.400000 2 54
5.440000 2 54
5.480000 2 54
5.520000 2 54
5.560000 2 54
5.600000 2 54
5.640000 2 54
5.680000 2 54
5.720000 2 54
5.760000 2 54
5.800000 2 54
5.840000 2 54
5.880000 2 54
5.920000 2 54
5.960000 2 54
6.000000 2 54
6.040000 2 54
6.080000 2 54
6.120000 2 54
6.160000 2 54
6.200000 2 54
6.240000 2 54
6.280000 2 54
6.320000 2 54
6.360000 2 54
