0.000000 320 154
0.040000 320 154
0.080000 320 154
0.120000 320 154
0.160000 320 154
0.200000 320 154
0.240000 320 154
0.280000 320 154
0.320000 320 154
0.360000 320 154
0.400000 320 154
0.440000 320 154
0.480000 320 154
0.520000 320 154
0.560000 320 154
0.600000 320 154
0.640000 320 154
0.680000 320 154
0.720000 320 154
0.760000 320 154
0.800000 320 154
0.840000 320 154
0.880000 320 154
0.920000 320 154
0.960000 320 154
1.000000 320 154
1.040000 320 154
1.080000 320 154
1.120000 320 154
1.160000 320 154
1.200000 320 154
1.240000 320 154
1.280000 320 154
1.320000 320 154
1.360000 320 154
1.400000 320 154
1.440000 320 154
1.480000 320 154
1.520000 320 154
1.560000 320 154
1.600000 320 154
1.640000 320 154
1.680000 320 154
1.720000 320 154
1.760000 320 154
1.800000 320 154
1.840000 320 154
1.880000 314 154
1.920000 310 154
1.960000 308 155
2.000000 303 155
2.040000 299 156
2.080000 296 155
2.120000 292 155
2.160000 288 154
2.200000 283 154
2.240000 278 152
2.280000 273 151
2.320000 268 150
2.360000 262 150
2.400000 257 151
2.440000 252 154
2.480000 247 155
2.520000 242 155
2.560000 237 156
2.600000 232 157
2.640000 226 156
2.680000 221 155
2.720000 216 154
2.760000 210 154
2.800000 204 154
2.840000 197 154
2.880000 193 154
2.920000 188 154
2.960000 182 155
3.000000 178 156
3.040000 173 158
3.080000 169 157
3.120000 163 156
3.160000 158 155
3.200000 153 154
3.240000 147 154
3.280000 142 153
3.320000 136 152
3.360000 131 152
3.400000 125 151
3.440000 121 153
3.480000 116 155
3.520000 110 156
3.560000 103 156
3.600000 99 156
3.640000 94 156
3.680000 89 155
3.720000 84 154
3.760000 78 154
3.800000 73 153
3.840000 66 152
3.880000 64 154
3.920000 58 154
3.960000 53 154
4.000000 49 154
4.040000 45 155
4.080000 44 156
4.120000 38 154
4.160000 34 154
4.200000 31 153
4.240000 27 152
4.280000 23 150
4.320000 18 150
4.360000 8 150
4.400000 6 150
4.440000 5 150
4.480000 3 150
4.520000 2 150
4.560000 2 150
4.600000 2 150
4.640000 2 150
4.680000 2 150
4.720000 2 150
4.760000 2 150
4.800000 2 150
4.840000 2 150
4.880000 2 150
4.920000 2 150
4.960000 2 150
5.000000 2 150
5.040000 2 150
5.080000 2 150
5.120000 2 150
5.160000 2 150
5.200000 2 150
5.240000 2 150
5.280000 2 150
5.320000 2 150
5.360000 2 150
5.400000 2 150
5.440000 2 150
5.480000 2 150
5.520000 2 150
5.560000 2 150
5.600000 2 150
5.640000 2 150
5.680000 2 150
5.720000 2 150
5.760000 2 150
5.800000 2 150
5.840000 2 150
5.880000 2 150
5.920000 2 150
5.960000 2 150
6.000000 2 150
6.040000 2 150
6.080000 2 150
6.120000 2 150
6.160000 2 150
6.200000 2 150
6.240000 2 150
6.280000 2 150
6.320000 2 150
6.360000 2 150
