0.000000 309 63
0.040000 309 63
0.080000 309 63
0.120000 309 63
0.160000 309 63
0.200000 309 63
0.240000 309 63
0.280000 309 63
0.320000 309 63
0.360000 309 63
0.400000 309 63
0.440000 309 63
0.480000 309 63
0.520000 309 63
0.560000 309 63
0.600000 309 63
0.640000 309 63
0.680000 309 63
0.720000 309 63
0.760000 309 63
0.800000 309 63
0.840000 309 63
0.880000 309 63
0.920000 309 63
0.960000 309 63
1.000000 309 63
1.040000 309 63
1.080000 309 63
1.120000 309 63
1.160000 309 63
1.200000 309 63
1.240000 309 63
1.280000 309 63
1.320000 309 63
1.360000 309 63
1.400000 309 63
1.440000 309 63
1.480000 309 63
1.520000 309 63
1.560000 309 63
1.600000 309 63
1.640000 309 63
1.680000 305 63
1.720000 301 62
1.760000 297 62
1.800000 293 59
1.840000 293 59
1.880000 293 59
1.920000 293 59
1.960000 293 58
2.000000 293 59
2.040000 293 58
2.080000 294 60
2.120000 293 60
2.160000 293 59
2.200000 293 60
2.240000 292 61
2.280000 292 62
2.320000 288 66
2.360000 284 69
2.400000 278 72
2.440000 270 74
2.480000 261 74
2.520000 251 71
2.560000 241 67
2.600000 224 61
2.640000 210 56
2.680000 196 56
2.720000 184 56
2.760000 179 56
2.800000 178 55
2.840000 177 54
2.880000 175 54
2.920000 175 54
2.960000 175 54
3.000000 175 55
3.040000 177 53
3.080000 177 56
3.120000 175 55
3.160000 176 55
3.200000 175 55
3.240000 175 56
3.280000 174 57
3.320000 173 61
3.360000 168 65
3.400000 160 67
3.440000 153 70
3.480000 142 70
3.520000 132 67
3.560000 118 65
3.600000 105 59
3.640000 92 58
3.680000 80 56
3.720000 69 56
3.760000 60 56
3.800000 59 55
3.840000 57 54
3.880000 56 54
3.920000 55 54
3.960000 56 54
4.000000 55 54
4.040000 58 52
4.080000 58 56
4.120000 55 55
4.160000 55 54
4.200000 55 55
4.240000 55 56
4.280000 55 56
4.320000 54 59
4.360000 51 61
4.400000 40 70
4.440000 35 70
4.480000 31 70
4.520000 27 70
4.560000 12 66
4.600000 12 66
4.640000 12 66
4.680000 12 66
4.720000 12 66
4.760000 12 66
4.800000 12 66
4.840000 12 66
4.880000 12 66
4.920000 12 66
4.960000 12 66
5.000000 12 66
5.040000 12 66
5.080000 12 66
5.120000 12 66
5.160000 12 66
5.200000 12 66
5.240000 12 66
5.280000 12 66
5.320000 12 66
5.360000 12 66
5.400000 12 66
5.440000 12 66
5.480000 12 66
5.520000 12 66
5.560000 12 66
5.600000 12 66
5.640000 12 66
5.680000 12 66
5.720000 12 66
5.760000 12 66
5.800000 12 66
5.840000 12 66
5.880000 12 66
5.920000 12 66
5.960000 12 66
6.000000 12 66
6.040000 12 66
6.080000 12 66
6.120000 12 66
6.160000 12 66
6.200000 12 66
6.240000 12 66
6.280000 12 66
6.320000 12 66
6.360000 12 66
