1.360000 315 123
1.400000 310 122
1.440000 308 122
1.480000 303 120
1.520000 301 119
1.560000 297 119
1.600000 293 119
1.640000 287 118
1.680000 281 118
1.720000 277 119
1.760000 272 119
1.800000 268 119
1.840000 262 120
1.880000 258 119
1.920000 256 121
1.960000 252 119
2.000000 247 119
2.040000 240 119
2.080000 236 118
2.120000 231 117
2.160000 225 118
2.200000 216 119
2.240000 212 119
2.280000 210 119
2.320000 205 119
2.360000 200 121
2.400000 194 121
2.440000 189 117
2.480000 184 117
2.520000 179 116
2.560000 173 115
2.600000 167 116
2.640000 159 117
2.680000 156 118
2.720000 151 118
2.760000 147 118
2.800000 142 119
2.840000 138 119
2.880000 133 119
2.920000 127 118
2.960000 124 117
3.000000 118 117
3.040000 111 115
3.080000 106 116
3.120000 101 117
3.160000 95 117
3.200000 91 118
3.240000 86 119
3.280000 81 119
3.320000 78 119
3.360000 76 119
3.400000 70 118
3.440000 64 117
3.480000 60 115
3.520000 53 114
3.560000 47 115
3.600000 42 118
3.640000 37 118
3.680000 30 119
3.720000 28 119
3.760000 23 119
3.800000 19 119
3.840000 17 118
3.880000 12 118
3.920000 7 117
4.000000 2 118
4.040000 2 118
