1.240000 305 63
1.360000 305 65
1.400000 309 69
1.440000 304 66
1.480000 305 67
1.520000 305 65
1.560000 305 65
1.600000 304 65
1.640000 303 67
1.680000 299 70
1.720000 294 72
1.760000 288 74
1.800000 278 75
1.840000 268 72
1.880000 258 70
1.920000 243 68
1.960000 231 65
2.000000 216 62
2.040000 257 61
2.080000 203 61
2.120000 201 60
2.160000 199 58
2.200000 242 69
2.240000 199 57
2.280000 221 69
2.320000 200 60
2.360000 200 58
2.400000 199 60
2.440000 200 59
2.480000 199 59
2.520000 199 59
2.560000 199 61
2.600000 195 63
2.640000 190 67
2.680000 183 70
2.720000 142 56
2.760000 160 70
2.800000 147 67
2.840000 136 62
2.880000 122 65
2.920000 142 56
2.960000 96 61
3.000000 90 61
3.040000 140 58
3.080000 86 57
3.120000 85 57
3.160000 122 66
3.200000 86 56
3.240000 84 56
3.280000 88 61
3.320000 85 60
3.360000 61 61
3.400000 86 57
3.440000 85 58
3.480000 36 61
3.520000 84 61
3.560000 81 65
3.600000 75 68
3.640000 69 68
3.680000 47 71
3.720000 38 67
3.760000 29 63
3.800000 16 66
3.840000 33 58
3.880000 2 65
