3.440000 163 134
3.480000 158 134
3.520000 151 134
3.560000 145 134
3.600000 142 136
3.640000 131 135
3.680000 125 137
3.720000 118 137
3.760000 112 134
3.800000 107 134
3.840000 101 134
3.880000 96 134
3.920000 91 134
3.960000 86 134
4.000000 84 134
4.040000 81 134
4.080000 90 136
4.120000 73 134
4.160000 73 135
4.200000 68 135
4.240000 69 139
4.280000 64 137
4.320000 64 136
4.360000 55 135
4.400000 49 135
4.440000 51 134
4.480000 47 133
4.520000 43 133
4.560000 38 133
4.600000 33 133
4.640000 28 133
4.680000 28 134
