1.800000 298 62
1.840000 285 61
1.880000 277 61
1.920000 271 61
1.960000 268 58
2.000000 267 58
2.040000 267 57
2.080000 267 57
2.120000 267 57
2.160000 267 59
2.200000 267 60
2.240000 266 59
2.280000 267 59
2.320000 267 58
2.360000 267 59
2.400000 266 59
2.440000 265 60
2.480000 262 62
2.520000 259 65
2.560000 253 67
2.600000 245 70
2.640000 236 69
2.680000 225 68
2.720000 210 63
2.760000 200 61
2.800000 185 61
2.840000 173 59
2.880000 163 59
2.920000 154 59
2.960000 153 57
3.000000 152 56
3.040000 151 56
3.080000 151 56
3.120000 151 56
3.160000 151 56
3.200000 152 57
3.240000 151 58
3.280000 152 58
3.320000 151 57
3.360000 151 58
3.400000 149 57
3.440000 148 60
3.480000 147 60
3.520000 143 62
3.560000 136 66
3.600000 96 59
3.640000 117 68
3.680000 105 67
3.720000 95 60
3.760000 83 61
3.800000 70 59
3.840000 95 58
3.880000 53 60
3.920000 49 60
3.960000 45 56
4.000000 44 56
4.040000 44 56
4.080000 44 56
4.120000 44 56
4.160000 44 56
4.200000 44 58
4.240000 44 58
4.280000 44 58
4.320000 44 58
4.360000 44 57
4.400000 43 59
4.440000 40 60
4.480000 38 61
4.560000 25 68
4.600000 18 69
