1.720000 316 115
1.760000 317 117
1.800000 309 115
1.840000 306 113
1.880000 303 113
1.920000 299 113
1.960000 294 112
2.000000 289 112
2.040000 284 111
2.080000 281 113
2.120000 277 112
2.160000 272 113
2.200000 268 114
2.240000 266 114
2.280000 262 113
2.320000 257 113
2.360000 253 112
2.400000 251 110
2.440000 245 111
2.480000 240 109
2.520000 234 111
2.560000 228 110
2.600000 221 112
2.640000 218 113
2.680000 214 113
2.720000 207 114
2.760000 205 115
2.800000 199 114
2.840000 195 113
2.880000 190 112
2.920000 185 110
2.960000 179 109
3.000000 174 109
3.040000 169 111
3.080000 163 111
3.120000 158 113
3.160000 154 113
3.200000 153 113
3.240000 148 113
3.280000 144 113
3.320000 140 113
3.360000 134 111
3.400000 130 109
3.440000 124 110
3.480000 118 109
3.520000 112 109
3.560000 107 110
3.600000 105 113
3.640000 100 113
3.680000 95 113
3.720000 89 114
3.760000 85 113
3.800000 81 113
3.840000 80 111
3.880000 73 110
3.920000 69 109
3.960000 64 109
4.000000 58 111
4.040000 53 111
4.080000 49 110
4.120000 45 112
4.160000 42 113
4.200000 38 113
4.240000 33 113
4.280000 29 113
4.320000 27 112
4.360000 23 111
4.400000 18 110
4.440000 13 110
4.480000 8 110
4.560000 2 111
4.600000 2 108
