1.800000 297 91
1.840000 294 90
1.880000 292 91
1.920000 285 87
1.960000 280 86
2.000000 275 86
2.040000 272 87
2.080000 268 87
2.120000 268 85
2.160000 266 86
2.200000 267 87
2.240000 266 85
2.280000 263 85
2.320000 262 83
2.360000 260 84
2.400000 257 83
2.440000 253 84
2.480000 247 86
2.520000 239 86
2.560000 231 83
2.600000 220 85
2.640000 210 87
2.680000 205 87
2.720000 196 89
2.760000 189 89
2.800000 184 88
2.840000 179 87
2.880000 177 87
2.920000 170 83
2.960000 164 82
3.000000 159 82
3.040000 154 82
3.080000 151 83
3.120000 149 85
3.160000 148 83
3.200000 146 87
3.240000 146 87
3.280000 147 85
3.320000 144 83
3.360000 142 83
3.400000 138 82
3.440000 133 84
3.480000 129 82
3.520000 121 82
3.560000 111 82
3.600000 96 86
3.640000 93 86
3.680000 86 87
3.720000 80 87
3.760000 74 87
3.800000 69 87
3.840000 88 85
3.880000 64 86
3.920000 59 85
3.960000 53 82
4.000000 49 82
4.040000 44 82
4.080000 40 83
4.120000 40 84
4.160000 39 85
4.200000 33 90
4.240000 34 87
4.280000 34 87
4.320000 33 85
4.360000 32 83
4.400000 29 83
4.440000 24 83
4.480000 18 83
4.560000 2 82
4.600000 2 82
