0.000000 320 119
0.040000 320 119
0.080000 320 119
0.120000 320 119
0.160000 320 119
0.200000 320 119
0.240000 320 119
0.280000 320 119
0.320000 320 119
0.360000 320 119
0.400000 320 119
0.440000 320 119
0.480000 320 119
0.520000 320 119
0.560000 320 119
0.600000 320 119
0.640000 320 119
0.680000 320 119
0.720000 320 119
0.760000 320 119
0.800000 320 119
0.840000 320 119
0.880000 320 119
0.920000 320 119
0.960000 320 119
1.000000 320 119
1.040000 320 119
1.080000 320 119
1.120000 320 119
1.160000 320 119
1.200000 320 119
1.240000 320 119
1.280000 320 119
1.320000 320 119
1.360000 320 119
1.400000 320 119
1.440000 320 119
1.480000 320 119
1.520000 320 119
1.560000 320 119
1.600000 320 119
1.640000 320 119
1.680000 320 119
1.720000 320 119
1.760000 320 119
1.800000 320 119
1.840000 320 119
1.880000 320 119
1.920000 320 119
1.960000 320 119
2.000000 320 119
2.040000 320 119
2.080000 320 119
2.120000 320 119
2.160000 320 119
2.200000 320 121
2.240000 320 122
2.280000 320 123
2.320000 314 128
2.360000 309 127
2.400000 306 126
2.440000 304 126
2.480000 303 124
2.520000 299 124
2.560000 296 124
2.600000 294 123
2.640000 289 124
2.680000 286 124
2.720000 281 124
2.760000 276 124
2.800000 273 124
2.840000 268 124
2.880000 262 124
2.920000 260 124
2.960000 257 124
3.000000 253 123
3.040000 251 124
3.080000 247 124
3.120000 244 123
3.160000 240 123
3.200000 236 123
3.240000 231 123
3.280000 226 123
3.320000 221 124
3.360000 218 124
3.400000 215 124
3.440000 213 124
3.480000 210 123
3.520000 206 124
3.560000 203 123
3.600000 199 123
3.640000 194 123
3.680000 189 122
3.720000 184 123
3.760000 179 123
3.800000 175 122
3.840000 170 123
3.880000 164 124
3.920000 158 124
3.960000 157 125
4.000000 153 124
4.040000 149 123
4.080000 144 122
4.120000 142 122
4.160000 136 120
4.200000 132 122
4.240000 126 123
4.280000 122 123
4.320000 120 122
4.360000 117 123
4.400000 114 124
4.440000 110 124
4.480000 107 124
4.520000 101 122
4.560000 97 123
4.600000 91 124
4.640000 88 123
4.680000 84 122
4.720000 81 123
4.760000 75 123
4.800000 73 122
4.840000 68 124
4.880000 62 124
4.920000 60 126
4.960000 55 125
5.000000 53 124
5.040000 49 123
5.080000 46 123
5.120000 42 123
5.160000 38 122
5.200000 33 123
5.240000 29 123
5.280000 28 122
5.320000 25 120
5.360000 23 123
5.400000 18 123
5.440000 18 123
5.480000 14 124
5.520000 10 124
5.560000 7 122
5.600000 1 119
5.640000 2 119
5.680000 2 119
5.720000 2 119
5.760000 2 119
5.800000 2 119
5.840000 2 119
5.880000 2 119
5.920000 2 119
5.960000 2 119
6.000000 2 119
6.040000 2 119
6.080000 2 119
