0.000000 320 132
0.040000 320 132
0.080000 320 132
0.120000 320 132
0.160000 320 132
0.200000 320 132
0.240000 320 132
0.280000 320 132
0.320000 320 132
0.360000 320 132
0.400000 320 132
0.440000 320 132
0.480000 320 132
0.520000 320 132
0.560000 320 132
0.600000 320 132
0.640000 320 132
0.680000 320 132
0.720000 320 132
0.760000 320 132
0.800000 320 132
0.840000 320 132
0.880000 320 132
0.920000 320 132
0.960000 320 132
1.000000 320 132
1.040000 320 132
1.080000 320 132
1.120000 320 132
1.160000 320 132
1.200000 320 132
1.240000 320 132
1.280000 320 132
1.320000 320 132
1.360000 320 132
1.400000 320 132
1.440000 320 132
1.480000 320 132
1.520000 320 132
1.560000 320 132
1.600000 320 132
1.640000 320 132
1.680000 320 132
1.720000 320 132
1.760000 320 132
1.800000 320 132
1.840000 320 132
1.880000 320 132
1.920000 320 132
1.960000 320 132
2.000000 320 132
2.040000 320 132
2.080000 320 132
2.120000 320 132
2.160000 320 132
2.200000 320 132
2.240000 320 132
2.280000 320 132
2.320000 320 132
2.360000 316 124
2.400000 312 125
2.440000 307 125
2.480000 299 127
2.520000 293 128
2.560000 288 128
2.600000 281 128
2.640000 277 128
2.680000 272 128
2.720000 268 129
2.760000 268 129
2.800000 266 128
2.840000 266 128
2.880000 265 126
2.920000 264 126
2.960000 264 126
3.000000 262 124
3.040000 260 124
3.080000 257 123
3.120000 256 123
3.160000 251 122
3.200000 247 122
3.240000 242 122
3.280000 236 122
3.320000 231 123
3.360000 225 123
3.400000 216 123
3.440000 209 124
3.480000 201 124
3.520000 194 124
3.560000 187 125
3.600000 179 126
3.640000 174 126
3.680000 171 128
3.720000 169 128
3.760000 166 126
3.800000 164 124
3.840000 164 124
3.880000 164 124
3.920000 164 124
3.960000 163 124
4.000000 161 124
4.040000 158 123
4.080000 154 123
4.120000 149 123
4.160000 144 122
4.200000 139 122
4.240000 133 122
4.280000 127 122
4.320000 117 123
4.360000 109 123
4.400000 101 124
4.440000 92 124
4.480000 85 124
4.520000 79 126
4.560000 73 127
4.600000 69 127
4.640000 65 126
4.680000 63 125
4.720000 62 124
4.760000 62 124
4.800000 64 124
4.840000 64 124
4.880000 63 124
4.920000 64 124
4.960000 62 124
5.000000 60 124
5.040000 58 124
5.080000 55 123
5.120000 49 122
5.160000 44 122
5.200000 38 120
5.240000 32 120
5.280000 23 120
5.320000 18 122
5.360000 12 122
5.400000 2 124
5.440000 2 125
5.480000 2 127
5.520000 2 127
5.560000 2 127
5.600000 4 127
5.640000 6 126
5.680000 8 125
5.720000 10 124
5.760000 10 124
5.800000 10 124
5.840000 10 124
5.880000 10 124
5.920000 10 124
5.960000 10 124
6.000000 10 124
6.040000 10 124
6.080000 10 124
