0.000000 320 119
0.040000 320 119
0.080000 320 119
0.120000 320 119
0.160000 320 119
0.200000 320 119
0.240000 320 119
0.280000 320 119
0.320000 320 119
0.360000 320 119
0.400000 320 119
0.440000 320 119
0.480000 320 119
0.520000 320 119
0.560000 320 119
0.600000 320 119
0.640000 320 119
0.680000 320 119
0.720000 320 119
0.760000 320 119
0.800000 320 119
0.840000 320 119
0.880000 320 119
0.920000 320 119
0.960000 320 119
1.000000 320 119
1.040000 320 119
1.080000 320 119
1.120000 320 119
1.160000 320 119
1.200000 320 119
1.240000 320 119
1.280000 320 119
1.320000 320 119
1.360000 320 119
1.400000 320 119
1.440000 320 115
1.480000 318 115
1.520000 317 115
1.560000 315 115
1.600000 312 114
1.640000 308 113
1.680000 304 113
1.720000 299 113
1.760000 297 113
1.800000 294 113
1.840000 289 114
1.880000 284 114
1.920000 283 115
1.960000 281 115
2.000000 277 113
2.040000 273 113
2.080000 270 113
2.120000 266 113
2.160000 261 113
2.200000 257 113
2.240000 252 113
2.280000 247 113
2.320000 245 113
2.360000 239 113
2.400000 236 113
2.440000 231 113
2.480000 229 113
2.520000 226 113
2.560000 223 113
2.600000 218 112
2.640000 213 113
2.680000 208 112
2.720000 205 112
2.760000 199 111
2.800000 195 113
2.840000 190 113
2.880000 189 113
2.920000 184 113
2.960000 177 113
3.000000 173 112
3.040000 168 111
3.080000 163 111
3.120000 158 111
3.160000 153 112
3.200000 149 113
3.240000 147 113
3.280000 142 113
3.320000 136 113
3.360000 132 113
3.400000 127 113
3.440000 125 111
3.480000 121 109
3.520000 116 109
3.560000 111 108
3.600000 106 109
3.640000 101 112
3.680000 100 111
3.720000 95 113
3.760000 92 113
3.800000 90 113
3.840000 85 113
3.880000 81 113
3.920000 77 113
3.960000 75 113
4.000000 70 110
4.040000 66 109
4.080000 61 111
4.120000 59 110
4.160000 55 111
4.200000 49 113
4.240000 48 113
4.280000 43 113
4.320000 43 113
4.360000 38 113
4.400000 34 113
4.440000 31 112
4.480000 29 112
4.520000 23 113
4.560000 18 112
4.600000 16 112
4.640000 13 113
4.680000 7 113
4.720000 5 113
4.760000 4 113
4.800000 3 113
4.840000 2 113
4.880000 2 113
4.920000 2 113
4.960000 2 113
5.000000 2 113
5.040000 2 113
5.080000 2 113
5.120000 2 113
5.160000 2 113
5.200000 2 113
5.240000 2 113
5.280000 2 113
5.320000 2 113
5.360000 2 113
5.400000 2 113
5.440000 2 113
5.480000 2 113
5.520000 2 113
5.560000 2 113
5.600000 2 113
5.640000 2 113
5.680000 2 113
