0.000000 315 154
0.040000 315 154
0.080000 315 154
0.120000 315 154
0.160000 315 154
0.200000 315 154
0.240000 315 154
0.280000 315 154
0.320000 315 154
0.360000 315 154
0.400000 315 154
0.440000 315 154
0.480000 315 154
0.520000 315 154
0.560000 315 154
0.600000 315 154
0.640000 315 154
0.680000 315 154
0.720000 315 154
0.760000 315 154
0.800000 315 154
0.840000 315 154
0.880000 315 154
0.920000 315 154
0.960000 315 154
1.000000 315 154
1.040000 315 154
1.080000 315 154
1.120000 315 154
1.160000 315 154
1.200000 315 154
1.240000 315 154
1.280000 315 154
1.320000 315 154
1.360000 315 154
1.400000 315 154
1.440000 315 154
1.480000 314 153
1.520000 309 153
1.560000 305 150
1.600000 303 150
1.640000 299 149
1.680000 295 150
1.720000 292 150
1.760000 288 150
1.800000 286 151
1.840000 283 152
1.880000 279 154
1.920000 277 154
1.960000 273 154
2.000000 271 154
2.040000 267 151
2.080000 262 150
2.120000 259 150
2.160000 256 150
2.200000 251 152
2.240000 246 152
2.280000 243 154
2.320000 240 154
2.360000 235 154
2.400000 231 154
2.440000 226 154
2.480000 222 153
2.520000 218 152
2.560000 215 151
2.600000 210 150
2.640000 206 150
2.680000 202 151
2.720000 199 153
2.760000 195 153
2.800000 191 154
2.840000 188 154
2.880000 184 154
2.920000 181 155
2.960000 175 154
3.000000 170 153
3.040000 167 152
3.080000 163 152
3.120000 157 153
3.160000 151 152
3.200000 148 154
3.240000 145 155
3.280000 138 154
3.320000 135 154
3.360000 132 154
3.400000 127 154
3.440000 123 154
3.480000 118 150
3.520000 114 150
3.560000 110 150
3.600000 106 150
3.640000 102 151
3.680000 97 152
3.720000 95 154
3.760000 91 154
3.800000 90 154
3.840000 86 154
3.880000 84 154
3.920000 81 153
3.960000 79 154
4.000000 74 153
4.040000 69 150
4.080000 66 152
4.120000 61 150
4.160000 58 151
4.200000 55 152
4.240000 52 153
4.280000 48 153
4.320000 43 154
4.360000 43 154
4.400000 38 154
4.440000 32 150
4.480000 27 150
4.520000 24 150
4.560000 23 150
4.600000 17 150
4.640000 14 150
4.680000 9 154
4.720000 8 154
4.760000 8 154
4.800000 7 154
4.840000 7 154
4.880000 7 154
4.920000 7 154
4.960000 7 154
5.000000 7 154
5.040000 7 154
5.080000 7 154
5.120000 7 154
5.160000 7 154
5.200000 7 154
5.240000 7 154
5.280000 7 154
5.320000 7 154
5.360000 7 154
5.400000 7 154
5.440000 7 154
5.480000 7 154
5.520000 7 154
5.560000 7 154
5.600000 7 154
5.640000 7 154
5.680000 7 154
