1.960000 309 67
2.000000 298 65
2.040000 287 63
2.080000 280 65
2.120000 278 62
2.160000 278 61
2.200000 277 61
2.240000 277 61
2.280000 309 71
2.320000 299 71
2.360000 277 61
2.400000 281 67
2.440000 277 65
2.480000 277 61
2.520000 277 61
2.560000 277 61
2.600000 277 61
2.640000 275 63
2.680000 272 66
2.720000 268 68
2.760000 262 70
2.800000 252 71
2.840000 242 72
2.880000 232 67
2.920000 220 66
2.960000 206 63
3.000000 194 61
3.040000 184 62
3.080000 179 61
3.120000 175 59
3.160000 175 58
3.200000 174 58
3.240000 174 57
3.280000 174 57
3.320000 174 59
3.360000 175 67
3.400000 175 61
3.440000 174 61
3.480000 174 59
3.520000 174 59
3.560000 173 58
3.600000 173 59
3.640000 171 61
3.680000 166 65
3.720000 159 67
3.760000 149 70
3.800000 141 68
3.840000 123 64
3.880000 120 65
3.920000 107 63
3.960000 94 60
4.000000 82 61
4.040000 75 60
4.080000 70 59
4.120000 70 57
4.160000 69 57
4.200000 69 56
4.240000 69 56
4.280000 69 57
4.320000 70 61
4.360000 70 61
4.400000 70 58
4.440000 69 57
4.480000 69 57
4.520000 68 57
4.560000 68 57
4.600000 66 59
4.640000 64 61
4.680000 60 64
4.720000 55 67
4.760000 23 58
4.800000 36 67
4.840000 23 67
4.880000 22 64
4.920000 8 65
4.960000 2 61
