2.000000 309 128
2.040000 304 129
2.080000 299 129
2.120000 294 130
2.160000 288 129
2.200000 287 130
2.400000 266 132
2.440000 257 132
2.480000 252 134
2.520000 247 135
2.560000 242 137
2.600000 236 136
2.640000 235 137
2.680000 231 135
2.720000 229 134
2.760000 228 133
2.800000 225 130
3.000000 201 128
3.040000 195 130
3.080000 221 126
3.120000 217 126
3.160000 178 129
3.200000 205 124
3.240000 173 130
3.480000 148 134
3.520000 144 136
3.560000 138 135
3.600000 134 135
3.640000 129 133
3.920000 122 130
3.960000 121 126
4.000000 118 127
4.040000 116 124
4.080000 112 124
4.120000 107 123
4.160000 102 123
4.200000 97 123
4.240000 91 123
4.280000 85 123
4.320000 80 129
4.480000 59 128
4.560000 52 128
4.600000 48 128
4.640000 43 127
4.680000 38 126
4.720000 34 131
4.800000 32 130
4.840000 29 127
4.880000 28 126
4.920000 25 126
4.960000 23 126
5.000000 21 124
5.040000 18 124
5.080000 14 123
5.120000 12 123
