4.080000 149 142
4.120000 144 143
4.160000 138 142
4.200000 132 143
4.240000 125 143
4.280000 118 144
4.320000 112 143
4.360000 106 142
4.400000 100 140
4.440000 95 140
4.480000 90 141
4.520000 86 141
4.560000 81 142
4.600000 79 142
4.640000 75 142
4.680000 72 143
4.720000 69 144
4.760000 66 144
4.800000 64 144
4.840000 61 144
4.880000 58 143
4.920000 55 142
4.960000 51 141
5.000000 47 140
5.040000 43 139
5.080000 38 139
5.120000 31 139
5.160000 27 139
5.200000 21 139
5.240000 16 140
5.280000 11 141
5.320000 4 142
5.360000 1 143
5.400000 1 142
5.440000 2 142
5.480000 5 141
5.520000 7 141
5.560000 9 140
5.600000 8 139
5.640000 8 139
