4.080000 133 87
4.120000 130 89
4.160000 127 88
4.200000 124 88
4.240000 120 90
4.280000 115 92
4.320000 117 91
4.360000 116 91
4.400000 116 88
4.440000 113 88
4.480000 109 87
4.520000 104 87
4.560000 97 87
4.600000 88 87
4.640000 78 87
4.680000 72 87
4.720000 65 88
4.760000 57 90
4.800000 52 91
4.840000 48 92
4.880000 44 91
4.920000 40 88
4.960000 38 87
5.000000 36 87
5.040000 33 86
5.080000 29 86
5.120000 26 87
5.160000 24 87
5.200000 23 88
5.240000 18 90
5.280000 14 92
5.320000 13 93
5.360000 11 92
5.400000 12 89
5.440000 8 89
5.480000 6 89
5.520000 4 90
5.560000 3 90
5.600000 3 90
5.640000 2 90
