2.840000 314 97
2.880000 307 92
2.920000 303 93
2.960000 299 93
3.000000 297 93
3.040000 296 93
3.080000 295 94
3.120000 294 93
3.160000 294 92
3.200000 293 93
3.240000 290 92
3.280000 288 92
3.320000 284 92
3.360000 280 91
3.400000 275 89
3.440000 268 89
3.480000 260 89
3.520000 251 90
3.560000 242 93
3.600000 236 94
3.640000 230 93
3.680000 223 94
3.720000 215 93
3.760000 211 91
3.800000 208 91
3.840000 203 91
3.880000 198 92
3.920000 192 91
3.960000 190 92
4.000000 187 91
4.040000 184 90
4.080000 184 92
4.120000 184 89
4.160000 184 89
4.200000 181 89
4.240000 179 87
4.280000 175 87
4.320000 171 87
4.360000 164 87
4.400000 158 87
4.440000 148 87
4.480000 137 87
4.520000 130 88
4.560000 121 91
4.600000 116 92
4.640000 108 92
4.680000 103 91
4.720000 101 92
4.760000 98 91
4.800000 94 89
4.840000 89 87
4.880000 84 90
4.920000 79 87
4.960000 75 92
5.000000 71 90
5.040000 70 88
5.080000 68 91
5.120000 66 93
5.160000 66 91
5.200000 64 90
5.240000 64 89
5.280000 60 87
5.320000 58 87
5.360000 54 87
5.400000 48 87
5.440000 38 87
5.480000 29 88
5.520000 24 87
5.560000 18 88
5.600000 12 91
5.640000 7 92
5.680000 1 93
5.720000 2 91
5.760000 2 87
5.800000 2 89
5.880000 6 95
