2.760000 320 101
2.880000 320 91
2.920000 320 91
2.960000 310 93
3.000000 303 93
3.040000 294 93
3.080000 287 93
3.120000 282 94
3.160000 276 96
3.200000 272 95
3.240000 268 93
3.280000 264 93
3.320000 262 93
3.360000 257 92
3.400000 252 91
3.440000 247 91
3.480000 244 92
3.520000 242 92
3.560000 239 93
3.600000 240 93
3.640000 240 96
3.680000 236 93
3.720000 232 93
3.760000 231 91
3.800000 227 92
3.840000 224 92
3.880000 217 92
3.920000 209 92
3.960000 200 92
4.000000 191 92
4.040000 184 92
4.080000 175 93
4.120000 169 93
4.160000 163 93
4.200000 158 92
4.240000 156 91
4.280000 153 90
4.320000 147 88
4.360000 142 90
4.400000 137 89
4.440000 133 91
4.480000 131 90
4.520000 128 90
4.560000 130 93
4.600000 127 93
4.640000 127 92
4.680000 125 91
4.720000 122 91
4.760000 121 91
4.800000 117 90
4.840000 112 92
4.880000 106 92
4.920000 99 92
4.960000 90 92
5.000000 80 92
5.040000 74 91
5.080000 69 91
5.120000 61 93
5.160000 55 93
5.200000 50 93
5.240000 49 92
5.280000 45 91
5.320000 40 88
5.360000 37 89
5.400000 32 89
5.440000 28 89
5.480000 25 91
5.520000 23 89
5.560000 23 90
5.600000 23 93
5.640000 23 93
5.680000 22 92
5.720000 19 92
5.760000 18 92
5.800000 16 92
5.840000 12 93
5.880000 7 95
5.920000 2 93
