0.000000 320 117
0.040000 320 117
0.080000 320 117
0.120000 320 117
0.160000 320 117
0.200000 320 117
0.240000 320 117
0.280000 320 117
0.320000 320 117
0.360000 320 117
0.400000 320 117
0.440000 320 117
0.480000 320 117
0.520000 320 117
0.560000 320 117
0.600000 320 117
0.640000 320 117
0.680000 320 117
0.720000 320 117
0.760000 320 117
0.800000 320 117
0.840000 320 117
0.880000 320 117
0.920000 320 117
0.960000 320 117
1.000000 320 117
1.040000 320 117
1.080000 320 117
1.120000 320 117
1.160000 320 117
1.200000 320 117
1.240000 320 117
1.280000 320 117
1.320000 320 117
1.360000 320 117
1.400000 320 117
1.440000 320 117
1.480000 320 117
1.520000 320 117
1.560000 320 117
1.600000 320 117
1.640000 311 119
1.680000 309 119
1.720000 303 118
1.760000 298 118
1.800000 294 116
1.840000 289 116
1.880000 285 113
1.920000 281 113
1.960000 275 113
2.000000 271 115
2.040000 266 115
2.080000 262 117
2.120000 257 117
2.160000 251 118
2.200000 247 117
2.240000 244 115
2.280000 239 115
2.320000 234 113
2.360000 230 113
2.400000 225 113
2.440000 217 113
2.480000 211 113
2.520000 205 113
2.560000 201 115
2.600000 199 117
2.640000 196 117
2.680000 190 117
2.720000 184 115
2.760000 181 113
2.800000 179 113
2.840000 176 113
2.880000 171 113
2.920000 166 113
2.960000 160 113
3.000000 155 113
3.040000 144 113
3.080000 137 114
3.120000 135 117
3.160000 131 117
3.200000 127 115
3.240000 121 114
3.280000 117 113
3.320000 113 113
3.360000 109 113
3.400000 105 113
3.440000 100 113
3.480000 95 113
3.520000 92 114
3.560000 86 115
3.600000 83 116
3.640000 80 116
3.680000 75 117
3.720000 67 115
3.760000 67 115
3.800000 62 112
3.840000 58 111
3.880000 54 111
3.920000 49 113
3.960000 44 113
4.000000 38 113
4.040000 33 114
4.080000 25 115
4.120000 26 117
4.160000 23 117
4.200000 19 117
4.240000 16 117
4.280000 11 114
4.320000 7 113
4.360000 2 113
4.400000 2 113
4.440000 2 113
4.480000 2 113
4.520000 2 113
4.560000 2 113
4.600000 2 113
4.640000 2 113
4.680000 2 113
4.720000 2 113
4.760000 2 113
4.800000 2 113
4.840000 2 113
4.880000 2 113
4.920000 2 113
