0.000000 320 118
0.040000 320 118
0.080000 320 118
0.120000 320 118
0.160000 320 118
0.200000 320 118
0.240000 320 118
0.280000 320 118
0.320000 320 118
0.360000 320 118
0.400000 320 118
0.440000 320 118
0.480000 320 118
0.520000 320 118
0.560000 320 118
0.600000 320 118
0.640000 320 118
0.680000 320 118
0.720000 320 118
0.760000 320 118
0.800000 320 118
0.840000 320 118
0.880000 320 118
0.920000 320 118
0.960000 320 118
1.000000 320 118
1.040000 320 118
1.080000 320 118
1.120000 320 118
1.160000 320 118
1.200000 320 118
1.240000 320 118
1.280000 320 118
1.320000 320 118
1.360000 320 118
1.400000 320 118
1.440000 320 118
1.480000 320 118
1.520000 320 118
1.560000 320 118
1.600000 320 118
1.640000 320 118
1.680000 320 118
1.720000 320 118
1.760000 320 118
1.800000 320 118
1.840000 320 118
1.880000 320 118
1.920000 320 118
1.960000 320 118
2.000000 320 118
2.040000 320 118
2.080000 320 118
2.120000 320 118
2.160000 320 118
2.200000 320 118
2.240000 320 118
2.280000 320 118
2.320000 313 118
2.360000 307 118
2.400000 303 117
2.440000 298 117
2.480000 294 118
2.520000 289 117
2.560000 285 119
2.600000 282 119
2.640000 277 121
2.680000 273 120
2.720000 272 119
2.760000 267 118
2.800000 263 119
2.840000 258 117
2.880000 253 118
2.920000 247 118
2.960000 239 119
3.000000 235 119
3.040000 231 119
3.080000 226 119
3.120000 221 119
3.160000 219 119
3.200000 215 118
3.240000 210 117
3.280000 205 115
3.320000 200 115
3.360000 195 117
3.400000 190 118
3.440000 185 119
3.480000 179 118
3.520000 178 119
3.560000 174 119
3.600000 170 119
3.640000 162 119
3.680000 157 118
3.720000 152 117
3.760000 147 117
3.800000 142 118
3.840000 137 119
3.880000 132 119
3.920000 127 119
3.960000 124 118
4.000000 120 119
4.040000 116 118
4.080000 112 117
4.120000 107 116
4.160000 103 115
4.200000 98 115
4.240000 94 116
4.280000 89 117
4.320000 82 118
4.360000 78 118
4.400000 75 118
4.440000 72 118
4.480000 69 119
4.520000 66 119
4.560000 64 118
4.600000 59 116
4.640000 54 113
4.680000 49 113
4.720000 45 115
4.760000 40 118
4.800000 39 118
4.840000 34 119
4.880000 31 118
4.920000 28 119
4.960000 24 119
5.000000 21 119
5.040000 18 117
5.080000 10 115
5.120000 8 115
5.160000 6 114
5.200000 4 114
5.240000 2 117
5.280000 2 117
5.320000 2 117
5.360000 2 117
5.400000 2 117
5.440000 2 117
5.480000 2 117
5.520000 2 117
5.560000 2 117
5.600000 2 117
5.640000 2 117
5.680000 2 117
5.720000 2 117
5.760000 2 117
5.800000 2 117
5.840000 2 117
5.880000 2 117
5.920000 2 117
