0.000000 314 119
0.040000 314 119
0.080000 314 119
0.120000 314 119
0.160000 314 119
0.200000 314 119
0.240000 314 119
0.280000 314 119
0.320000 314 119
0.360000 314 119
0.400000 314 119
0.440000 314 119
0.480000 314 119
0.520000 314 119
0.560000 314 119
0.600000 314 119
0.640000 314 119
0.680000 314 119
0.720000 314 119
0.760000 314 119
0.800000 314 119
0.840000 314 119
0.880000 314 119
0.920000 314 119
0.960000 314 119
1.000000 314 119
1.040000 314 119
1.080000 314 119
1.120000 314 119
1.160000 314 119
1.200000 314 119
1.240000 314 119
1.280000 314 119
1.320000 314 119
1.360000 314 119
1.400000 314 119
1.440000 314 119
1.480000 314 119
1.520000 314 119
1.560000 314 119
1.600000 314 119
1.640000 314 119
1.680000 314 119
1.720000 314 119
1.760000 314 119
1.800000 314 119
1.840000 314 119
1.880000 314 119
1.920000 314 119
1.960000 314 119
2.000000 314 119
2.040000 314 119
2.080000 314 119
2.120000 314 119
2.160000 314 119
2.200000 314 119
2.240000 314 119
2.280000 314 119
2.320000 308 118
2.360000 303 118
2.400000 299 117
2.440000 294 117
2.480000 290 118
2.520000 286 118
2.560000 282 119
2.600000 278 120
2.640000 273 122
2.680000 272 121
2.720000 273 119
2.760000 265 119
2.800000 264 119
2.840000 255 117
2.880000 249 118
2.920000 245 118
2.960000 236 119
3.000000 231 120
3.040000 227 119
3.080000 223 120
3.120000 220 119
3.160000 216 119
3.200000 211 119
3.240000 206 117
3.280000 202 115
3.320000 197 115
3.360000 191 117
3.400000 186 119
3.440000 183 119
3.480000 177 119
3.520000 174 119
3.560000 173 119
3.600000 171 119
3.640000 160 119
3.680000 155 118
3.720000 153 118
3.760000 147 118
3.800000 144 118
3.840000 136 119
3.880000 131 119
3.920000 127 119
3.960000 125 119
4.000000 120 119
4.040000 118 118
4.080000 114 117
4.120000 107 117
4.160000 105 115
4.200000 100 115
4.240000 96 117
4.280000 90 117
4.320000 81 118
4.360000 76 119
4.400000 75 118
4.440000 71 118
4.480000 69 119
4.520000 66 119
4.560000 64 118
4.600000 60 117
4.640000 55 113
4.680000 50 114
4.720000 48 116
4.760000 40 118
4.800000 40 118
4.840000 33 119
4.880000 33 118
4.920000 31 119
4.960000 28 119
5.000000 23 119
5.040000 22 118
5.080000 13 115
5.120000 10 115
5.160000 7 115
5.200000 4 115
5.240000 2 117
5.280000 2 117
5.320000 2 117
5.360000 2 117
5.400000 2 117
5.440000 2 117
5.480000 2 117
5.520000 2 117
5.560000 2 117
5.600000 2 117
5.640000 2 117
5.680000 2 117
5.720000 2 117
5.760000 2 117
5.800000 2 117
5.840000 2 117
5.880000 2 117
5.920000 2 117
