0.000000 298 119
0.040000 298 119
0.080000 298 119
0.120000 298 119
0.160000 298 119
0.200000 298 119
0.240000 298 119
0.280000 298 119
0.320000 298 119
0.360000 298 119
0.400000 298 119
0.440000 298 119
0.480000 298 119
0.520000 298 119
0.560000 298 119
0.600000 298 119
0.640000 298 119
0.680000 298 119
0.720000 298 119
0.760000 298 119
0.800000 298 119
0.840000 298 119
0.880000 298 119
0.920000 298 119
0.960000 298 119
1.000000 298 119
1.040000 298 119
1.080000 298 119
1.120000 298 119
1.160000 298 119
1.200000 298 119
1.240000 298 119
1.280000 298 119
1.320000 298 119
1.360000 298 119
1.400000 298 119
1.440000 298 119
1.480000 298 119
1.520000 298 119
1.560000 298 119
1.600000 298 119
1.640000 298 119
1.680000 298 119
1.720000 298 119
1.760000 298 119
1.800000 298 119
1.840000 298 119
1.880000 298 119
1.920000 298 119
1.960000 298 119
2.000000 298 119
2.040000 298 119
2.080000 298 119
2.120000 298 119
2.160000 298 119
2.200000 298 119
2.240000 298 119
2.280000 298 119
2.320000 293 120
2.360000 286 119
2.400000 280 119
2.440000 277 119
2.480000 273 119
2.520000 272 118
2.560000 272 120
2.600000 269 120
2.640000 266 120
2.680000 263 120
2.720000 260 120
2.760000 254 120
2.800000 249 120
2.840000 245 120
2.880000 241 120
2.920000 233 120
2.960000 230 120
3.000000 227 120
3.040000 225 120
3.080000 222 120
3.120000 210 119
3.160000 201 118
3.200000 195 119
3.240000 188 119
3.280000 183 119
3.320000 179 119
3.360000 175 118
3.400000 175 119
3.440000 174 119
3.480000 170 119
3.520000 167 119
3.560000 164 118
3.600000 161 118
3.640000 171 118
3.680000 169 117
3.720000 165 117
3.760000 160 117
3.800000 147 117
3.840000 141 118
3.880000 135 118
3.920000 129 118
3.960000 123 119
4.000000 117 119
4.040000 111 119
4.080000 97 119
4.120000 90 118
4.160000 85 118
4.200000 80 117
4.240000 79 118
4.280000 75 118
4.320000 72 118
4.360000 69 117
4.400000 67 117
4.440000 61 116
4.480000 64 117
4.520000 67 117
4.560000 70 117
4.600000 70 114
4.640000 69 113
4.680000 64 113
4.720000 60 115
4.760000 48 117
4.800000 45 117
4.840000 42 117
4.880000 39 116
4.920000 36 116
4.960000 33 115
5.000000 30 115
5.040000 27 115
5.080000 24 114
5.120000 14 113
5.160000 11 113
5.200000 8 113
5.240000 5 113
5.280000 2 112
5.320000 2 112
5.360000 2 112
5.400000 2 112
5.440000 2 112
5.480000 2 112
5.520000 2 112
5.560000 2 112
5.600000 2 112
5.640000 2 112
5.680000 2 112
5.720000 2 112
5.760000 2 112
5.800000 2 112
5.840000 2 112
5.880000 2 112
5.920000 2 112
