0.000000 310 93
0.040000 310 93
0.080000 310 93
0.120000 310 93
0.160000 310 93
0.200000 310 93
0.240000 310 93
0.280000 310 93
0.320000 310 93
0.360000 310 93
0.400000 310 93
0.440000 310 93
0.480000 310 93
0.520000 310 93
0.560000 310 93
0.600000 310 93
0.640000 310 93
0.680000 310 93
0.720000 310 93
0.760000 310 93
0.800000 310 93
0.840000 310 93
0.880000 310 93
0.920000 310 93
0.960000 310 93
1.000000 310 93
1.040000 310 93
1.080000 310 93
1.120000 310 93
1.160000 310 93
1.200000 310 93
1.240000 310 93
1.280000 310 93
1.320000 310 93
1.360000 310 93
1.400000 310 93
1.440000 305 92
1.480000 299 89
1.520000 295 87
1.560000 291 87
1.600000 287 87
1.640000 283 89
1.680000 280 89
1.720000 277 90
1.760000 274 88
1.800000 274 91
1.840000 257 93
1.880000 252 92
1.920000 247 92
1.960000 242 88
2.000000 238 88
2.040000 234 89
2.080000 231 87
2.120000 236 87
2.160000 227 87
2.200000 221 88
2.240000 216 91
2.280000 210 90
2.320000 205 89
2.360000 199 87
2.400000 194 85
2.440000 190 85
2.480000 184 86
2.520000 180 86
2.560000 179 87
2.600000 175 87
2.640000 169 89
2.680000 170 87
2.720000 171 85
2.760000 148 91
2.800000 168 84
2.840000 140 87
2.880000 158 83
2.920000 149 82
2.960000 139 82
3.000000 128 83
3.040000 112 87
3.080000 106 87
3.120000 100 87
3.160000 95 87
3.200000 90 85
3.240000 86 85
3.280000 81 87
3.320000 75 85
3.360000 73 85
3.400000 73 85
3.440000 70 85
3.480000 64 89
3.520000 60 91
3.560000 64 87
3.600000 64 84
3.640000 43 87
3.680000 57 83
3.720000 52 82
3.760000 44 82
3.800000 32 83
3.840000 25 83
3.880000 18 87
3.920000 12 87
3.960000 7 87
4.000000 2 87
4.040000 2 87
4.080000 2 87
4.120000 2 87
4.160000 2 87
4.200000 2 87
4.240000 2 87
4.280000 2 87
4.320000 2 87
