0.000000 308 160
0.040000 308 160
0.080000 308 160
0.120000 308 160
0.160000 308 160
0.200000 308 160
0.240000 308 160
0.280000 308 160
0.320000 308 160
0.360000 308 160
0.400000 308 160
0.440000 308 160
0.480000 308 160
0.520000 308 160
0.560000 308 160
0.600000 308 160
0.640000 308 160
0.680000 308 160
0.720000 308 160
0.760000 308 160
0.800000 308 160
0.840000 308 160
0.880000 308 160
0.920000 308 160
0.960000 308 160
1.000000 308 160
1.040000 308 160
1.080000 308 160
1.120000 308 160
1.160000 308 160
1.200000 308 160
1.240000 308 160
1.280000 308 160
1.320000 308 160
1.360000 308 160
1.400000 308 160
1.440000 308 160
1.480000 304 159
1.520000 299 159
1.560000 294 159
1.600000 290 159
1.640000 286 159
1.680000 282 160
1.720000 277 160
1.760000 273 160
1.800000 268 161
1.840000 263 160
1.880000 258 160
1.920000 255 160
1.960000 251 160
2.000000 245 159
2.040000 241 159
2.080000 236 160
2.120000 231 161
2.160000 226 161
2.200000 221 161
2.240000 217 161
2.280000 212 161
2.320000 207 160
2.360000 202 160
2.400000 199 159
2.440000 194 159
2.480000 189 159
2.520000 184 160
2.560000 179 160
2.600000 173 161
2.640000 168 161
2.680000 163 161
2.720000 158 160
2.760000 153 160
2.800000 148 159
2.840000 143 159
2.880000 138 159
2.920000 132 159
2.960000 127 159
3.000000 123 160
3.040000 114 160
3.080000 108 161
3.120000 103 160
3.160000 98 159
3.200000 94 159
3.240000 90 158
3.280000 84 157
3.320000 79 157
3.360000 74 158
3.400000 69 159
3.440000 64 159
3.480000 59 159
3.520000 55 159
3.560000 50 158
3.600000 45 156
3.640000 42 155
3.680000 36 155
3.720000 33 155
3.760000 28 155
3.800000 23 155
3.840000 18 155
3.880000 16 156
3.920000 12 156
3.960000 7 156
4.000000 1 156
4.040000 2 155
4.080000 2 155
4.120000 2 155
4.160000 2 155
4.200000 2 155
4.240000 2 155
4.280000 2 155
4.320000 2 155
