0.000000 314 124
0.040000 314 124
0.080000 314 124
0.120000 314 124
0.160000 314 124
0.200000 314 124
0.240000 314 124
0.280000 314 124
0.320000 314 124
0.360000 314 124
0.400000 314 124
0.440000 314 124
0.480000 314 124
0.520000 314 124
0.560000 314 124
0.600000 314 124
0.640000 314 124
0.680000 314 124
0.720000 314 124
0.760000 314 124
0.800000 314 124
0.840000 314 124
0.880000 314 124
0.920000 314 124
0.960000 314 124
1.000000 314 124
1.040000 314 124
1.080000 314 124
1.120000 314 124
1.160000 314 124
1.200000 314 124
1.240000 314 124
1.280000 314 124
1.320000 314 124
1.360000 314 124
1.400000 314 124
1.440000 314 124
1.480000 314 124
1.520000 314 124
1.560000 314 124
1.600000 314 124
1.640000 314 124
1.680000 314 124
1.720000 314 124
1.760000 314 124
1.800000 314 124
1.840000 314 124
1.880000 314 124
1.920000 314 124
1.960000 308 122
2.000000 302 122
2.040000 296 123
2.080000 289 122
2.120000 285 124
2.160000 282 124
2.200000 278 123
2.240000 273 122
2.280000 271 122
2.320000 267 122
2.360000 260 122
2.400000 253 123
2.440000 246 123
2.480000 238 123
2.520000 231 123
2.560000 225 122
2.600000 221 123
2.640000 218 123
2.680000 215 122
2.720000 212 122
2.760000 220 123
2.800000 213 123
2.840000 207 122
2.880000 194 120
2.920000 196 120
2.960000 198 120
3.000000 200 120
3.040000 198 119
3.080000 193 119
3.120000 185 119
3.160000 179 120
3.200000 169 118
3.240000 145 124
3.280000 142 119
3.320000 139 121
3.360000 132 119
3.400000 126 122
3.440000 118 122
3.480000 112 122
3.520000 106 122
3.560000 102 123
3.600000 93 119
3.640000 92 119
3.680000 91 119
3.720000 90 119
3.760000 89 118
3.800000 88 118
3.840000 87 118
3.880000 86 118
3.920000 85 117
3.960000 81 118
4.000000 75 118
4.040000 31 119
4.080000 65 118
4.120000 24 119
4.160000 50 118
4.200000 23 119
4.240000 21 119
4.280000 20 119
4.320000 18 119
4.360000 17 119
4.400000 16 119
4.440000 14 119
4.480000 13 119
4.520000 12 118
4.560000 12 118
4.600000 12 118
4.640000 12 118
4.680000 12 118
4.720000 12 118
4.760000 12 118
4.800000 12 118
4.840000 12 118
4.880000 12 118
