0.760000 304 139
0.800000 299 139
0.840000 294 138
0.880000 288 139
0.920000 284 138
0.960000 280 138
1.000000 277 138
1.040000 272 137
1.080000 268 137
1.120000 265 137
1.160000 262 138
1.200000 260 139
1.240000 257 139
1.280000 253 138
1.400000 241 137
1.440000 236 137
1.480000 231 135
1.520000 226 134
1.560000 221 134
1.600000 218 135
1.640000 212 134
1.800000 195 138
1.840000 190 139
1.880000 185 139
1.920000 179 138
1.960000 174 139
2.000000 170 138
2.040000 166 138
2.080000 162 137
2.120000 158 136
2.160000 153 136
2.200000 149 136
2.320000 138 138
2.360000 133 138
2.400000 127 137
2.440000 122 135
2.480000 117 135
2.560000 107 135
2.600000 102 133
2.640000 97 134
2.680000 95 135
2.720000 91 138
2.880000 75 136
2.920000 70 135
2.960000 65 134
3.000000 60 134
3.040000 56 134
3.080000 54 132
3.120000 49 132
3.440000 29 135
3.480000 25 135
3.520000 22 134
3.560000 18 134
3.600000 13 133
3.640000 7 134
