0.640000 316 122
0.680000 313 119
0.720000 308 122
0.760000 303 124
0.800000 299 123
0.840000 295 122
0.880000 294 120
0.920000 290 122
0.960000 288 120
1.000000 283 119
1.040000 278 118
1.080000 273 118
1.120000 270 119
1.160000 265 119
1.200000 260 119
1.240000 257 121
1.280000 252 121
1.320000 247 122
1.360000 245 122
1.400000 241 120
1.440000 236 119
1.480000 232 119
1.520000 229 118
1.560000 224 117
1.600000 218 117
1.640000 212 119
1.680000 207 119
1.720000 205 119
1.760000 199 120
1.800000 195 120
1.840000 192 120
1.880000 190 121
1.920000 186 119
1.960000 181 119
2.000000 177 118
2.040000 173 117
2.080000 167 117
2.120000 162 117
2.160000 155 118
2.200000 148 119
2.240000 143 121
2.280000 142 121
2.320000 144 122
2.360000 136 122
2.400000 127 119
2.440000 123 118
2.480000 121 117
2.520000 118 117
2.560000 115 117
2.600000 106 115
2.640000 103 118
2.680000 100 119
2.720000 95 121
2.760000 91 122
2.800000 88 122
2.840000 86 123
2.880000 81 122
2.920000 78 121
2.960000 71 119
3.000000 64 119
3.040000 59 117
3.080000 58 118
3.120000 53 119
3.160000 44 119
3.200000 43 119
3.240000 42 120
3.280000 39 121
3.320000 36 119
3.360000 32 119
3.400000 27 119
3.440000 25 118
3.480000 23 118
3.520000 18 118
3.560000 12 118
3.640000 2 117
