1.960000 217 68
2.000000 217 67
2.040000 213 66
2.080000 210 66
2.120000 205 65
2.160000 199 66
2.200000 201 68
2.240000 193 68
2.280000 179 67
2.320000 173 65
2.360000 171 65
2.400000 170 65
2.440000 169 65
2.480000 171 65
2.520000 172 65
2.560000 169 65
2.600000 166 66
2.640000 161 67
2.680000 154 69
2.720000 147 71
2.760000 138 71
2.800000 131 70
2.840000 126 67
2.880000 124 67
2.920000 123 66
2.960000 122 65
3.000000 121 66
3.040000 118 68
3.080000 116 69
3.120000 108 70
3.160000 99 71
3.200000 94 71
3.240000 87 71
