1.960000 217 65
2.000000 209 63
2.040000 197 62
2.080000 189 62
2.120000 186 62
2.160000 188 63
2.200000 180 63
2.240000 184 64
2.280000 191 68
2.320000 188 70
2.360000 178 70
2.400000 166 68
2.440000 155 66
2.480000 142 63
2.520000 131 61
2.560000 127 61
2.600000 126 61
2.640000 127 61
2.680000 129 62
2.720000 127 63
2.760000 126 63
2.800000 124 64
2.840000 121 63
2.880000 108 63
2.920000 97 63
2.960000 88 62
3.000000 84 61
3.040000 84 61
3.080000 80 61
3.120000 84 61
3.160000 86 62
3.200000 81 63
3.240000 81 65
