1.960000 211 124
2.000000 208 123
2.040000 203 123
2.080000 199 122
2.120000 194 120
2.160000 190 121
2.200000 184 122
2.240000 179 123
2.280000 174 123
2.320000 170 124
2.360000 165 124
2.400000 162 124
2.440000 158 124
2.480000 153 122
2.520000 149 121
2.560000 144 120
2.600000 140 121
2.640000 135 121
2.680000 132 122
2.720000 127 123
2.760000 123 123
2.800000 119 124
2.840000 116 123
2.880000 110 123
2.920000 106 123
2.960000 101 122
3.000000 97 122
3.040000 93 122
3.080000 88 123
3.120000 84 123
3.160000 81 124
3.200000 79 124
3.240000 75 124
