1.600000 320 113
1.640000 320 119
1.680000 315 118
1.720000 314 119
1.760000 310 118
1.800000 304 118
1.840000 302 119
1.880000 299 118
1.920000 295 115
1.960000 293 118
2.000000 290 118
2.040000 288 117
2.080000 284 117
2.120000 281 115
2.160000 277 117
2.200000 273 116
2.240000 268 116
2.280000 266 117
2.320000 260 117
2.360000 255 117
2.400000 251 118
2.440000 247 118
2.480000 244 117
2.520000 238 117
2.560000 236 117
2.600000 231 115
2.640000 226 113
2.680000 222 114
2.720000 216 114
2.760000 212 116
2.800000 212 116
2.840000 204 117
2.880000 201 117
2.920000 196 117
2.960000 193 117
3.000000 190 116
3.040000 187 117
3.080000 184 113
3.120000 182 113
3.160000 177 113
3.200000 171 113
3.240000 162 113
3.280000 160 113
3.320000 148 113
3.360000 143 113
3.400000 144 116
3.440000 143 115
3.480000 142 117
3.520000 132 115
3.560000 131 115
3.600000 123 113
3.640000 120 111
3.680000 108 110
3.720000 102 111
3.760000 99 113
3.800000 96 114
3.840000 95 116
3.880000 95 118
3.920000 92 118
3.960000 90 118
4.000000 84 117
4.040000 82 117
4.080000 77 115
4.120000 71 113
4.200000 55 113
4.240000 49 112
4.280000 45 113
4.320000 47 114
4.360000 46 113
4.400000 45 113
4.440000 43 116
4.480000 40 116
4.520000 35 114
4.560000 32 114
4.600000 27 113
4.640000 27 113
4.680000 24 114
4.720000 19 113
4.760000 16 114
4.800000 12 113
4.840000 8 114
