1.480000 315 91
1.520000 314 96
1.560000 311 93
1.600000 303 93
1.640000 297 93
1.680000 292 94
1.720000 286 96
1.760000 282 94
1.800000 277 91
1.840000 275 91
1.880000 272 91
1.920000 267 87
1.960000 263 89
2.000000 262 89
2.040000 257 89
2.080000 257 89
2.120000 253 92
2.160000 257 95
2.200000 253 93
2.240000 252 92
2.280000 250 92
2.320000 247 91
2.360000 245 92
2.400000 241 89
2.440000 236 91
2.480000 226 92
2.520000 220 88
2.560000 210 87
2.600000 200 91
2.640000 193 93
2.680000 186 93
2.720000 179 93
2.760000 200 88
2.800000 198 87
2.840000 169 91
2.880000 190 87
2.920000 161 87
2.960000 158 89
3.000000 153 89
3.040000 153 87
3.080000 147 88
3.120000 147 91
3.160000 148 93
3.200000 147 92
3.240000 144 89
3.280000 143 88
3.320000 140 88
3.360000 137 87
3.400000 132 88
3.440000 124 89
3.480000 116 88
3.520000 103 87
3.560000 97 87
3.600000 91 90
3.640000 92 94
3.680000 77 93
3.720000 72 93
3.760000 69 91
3.800000 66 91
3.840000 64 91
3.880000 59 87
3.920000 55 87
3.960000 51 88
4.000000 48 88
4.040000 49 87
4.080000 49 88
4.120000 48 92
4.160000 46 92
4.200000 44 90
4.240000 43 90
4.280000 40 90
4.320000 38 87
4.360000 34 87
4.400000 29 89
4.440000 23 90
4.480000 14 91
4.520000 8 91
4.600000 2 93
