0.000000 292 65
0.040000 292 65
0.080000 292 65
0.120000 292 65
0.160000 292 65
0.200000 292 65
0.240000 292 65
0.280000 292 65
0.320000 292 65
0.360000 292 65
0.400000 292 65
0.440000 292 65
0.480000 292 65
0.520000 292 65
0.560000 292 65
0.600000 292 65
0.640000 288 61
0.680000 288 61
0.720000 320 72
0.760000 289 61
0.800000 288 61
0.840000 299 74
0.880000 289 62
0.920000 277 65
0.960000 262 61
1.000000 247 60
1.040000 240 61
1.080000 236 61
1.120000 235 60
1.160000 233 57
1.200000 234 58
1.240000 234 59
1.280000 235 59
1.320000 236 61
1.360000 235 60
1.400000 236 59
1.440000 235 58
1.480000 234 59
1.520000 234 61
1.560000 174 61
1.600000 173 59
1.640000 225 66
1.680000 216 69
1.720000 206 71
1.760000 195 71
1.800000 179 71
1.840000 170 61
1.880000 155 61
1.920000 139 59
1.960000 173 60
2.000000 116 60
2.040000 112 59
2.080000 112 57
2.120000 112 56
2.160000 112 56
2.200000 143 73
2.240000 112 56
2.280000 112 59
2.320000 112 59
2.360000 112 58
2.400000 112 57
2.440000 112 58
2.480000 112 59
2.520000 111 59
2.560000 107 61
2.600000 103 65
2.640000 95 67
2.680000 55 58
2.720000 75 69
2.760000 60 71
2.800000 52 63
2.840000 56 58
2.880000 55 59
2.920000 7 61
2.960000 5 61
3.000000 4 61
3.040000 3 60
3.080000 2 59
3.120000 2 59
3.160000 2 59
3.200000 2 59
3.240000 2 59
3.280000 2 69
3.320000 2 69
3.360000 2 69
3.400000 2 69
3.440000 2 69
3.480000 2 69
3.520000 2 69
3.560000 2 69
3.600000 2 69
3.640000 2 69
3.680000 2 69
