0.000000 315 119
0.040000 315 119
0.080000 315 119
0.120000 315 119
0.160000 315 119
0.200000 315 119
0.240000 315 119
0.280000 315 119
0.320000 315 119
0.360000 315 119
0.400000 315 119
0.440000 315 119
0.480000 315 119
0.520000 315 119
0.560000 315 119
0.600000 315 119
0.640000 315 118
0.680000 309 117
0.720000 299 118
0.760000 296 119
0.800000 292 120
0.840000 288 121
0.880000 283 119
0.920000 280 119
0.960000 277 119
1.000000 272 118
1.040000 268 115
1.080000 263 115
1.120000 257 115
1.160000 252 117
1.200000 246 119
1.240000 239 118
1.280000 232 119
1.320000 229 119
1.360000 225 120
1.400000 221 118
1.440000 216 118
1.480000 210 117
1.520000 205 114
1.560000 207 114
1.600000 203 114
1.640000 188 116
1.680000 186 117
1.720000 179 117
1.760000 174 119
1.800000 174 119
1.840000 168 120
1.880000 164 119
1.920000 158 119
1.960000 149 117
2.000000 148 113
2.040000 144 112
2.080000 137 111
2.120000 131 113
2.160000 123 115
2.200000 112 117
2.240000 110 118
2.280000 107 119
2.320000 108 119
2.360000 97 118
2.400000 93 117
2.440000 91 115
2.480000 90 116
2.520000 84 115
2.560000 80 115
2.600000 75 115
2.640000 69 115
2.680000 65 117
2.720000 60 116
2.760000 58 118
2.800000 53 118
2.840000 41 118
2.880000 35 118
2.920000 38 117
2.960000 32 114
3.000000 31 113
3.040000 27 114
3.080000 14 115
3.120000 12 116
3.160000 10 117
3.200000 9 117
3.240000 7 118
3.280000 2 117
3.320000 2 117
3.360000 2 117
3.400000 2 117
3.440000 2 117
3.480000 2 117
3.520000 2 117
3.560000 2 117
3.600000 2 117
3.640000 2 117
3.680000 2 117
