3.200000 169 86
3.240000 164 87
3.280000 160 87
3.320000 159 87
3.360000 156 87
3.400000 153 87
3.440000 151 88
3.480000 148 89
3.520000 148 88
3.560000 145 87
3.600000 140 85
3.640000 137 84
3.680000 132 83
3.720000 124 84
3.760000 118 84
3.800000 113 84
3.840000 107 85
3.880000 100 86
3.920000 94 87
3.960000 88 88
4.000000 84 89
4.040000 79 90
4.080000 77 88
4.120000 76 86
4.160000 70 84
4.200000 67 84
4.240000 64 85
4.280000 58 86
4.320000 56 86
4.360000 51 87
4.400000 48 87
4.440000 45 88
4.480000 42 89
4.520000 41 88
4.560000 42 87
4.600000 37 86
4.640000 36 85
4.680000 33 84
4.720000 27 84
4.760000 22 84
4.800000 14 84
4.840000 8 87
4.880000 6 88
4.920000 4 89
4.960000 3 90
