3.200000 175 132
3.240000 169 131
3.280000 161 129
3.320000 157 129
3.360000 154 129
3.400000 151 129
3.440000 149 130
3.480000 144 130
3.520000 138 130
3.560000 133 131
3.600000 127 131
3.640000 121 131
3.680000 117 131
3.720000 112 132
3.760000 108 132
3.800000 104 131
3.840000 98 131
3.880000 95 131
3.920000 93 131
3.960000 92 131
4.000000 89 131
4.040000 86 131
4.080000 80 131
4.120000 76 130
4.160000 71 129
4.200000 68 129
4.240000 64 129
4.280000 60 130
4.320000 59 131
4.360000 57 132
4.400000 56 133
4.440000 54 133
4.480000 52 133
4.520000 50 132
4.560000 48 131
4.600000 43 131
4.640000 39 130
4.680000 36 130
4.720000 32 129
4.760000 27 129
4.800000 19 130
4.840000 6 133
4.880000 3 134
4.920000 2 134
4.960000 2 134
