0.000000 310 156
0.040000 310 156
0.080000 310 156
0.120000 310 156
0.160000 310 156
0.200000 310 156
0.240000 310 156
0.280000 310 156
0.320000 310 156
0.360000 310 156
0.400000 310 156
0.440000 310 156
0.480000 310 156
0.520000 310 156
0.560000 310 156
0.600000 310 156
0.640000 310 156
0.680000 310 156
0.720000 310 156
0.760000 310 156
0.800000 310 156
0.840000 310 156
0.880000 310 156
0.920000 310 156
0.960000 310 156
1.000000 310 156
1.040000 310 156
1.080000 310 156
1.120000 310 156
1.160000 310 156
1.200000 310 156
1.240000 307 158
1.280000 303 158
1.320000 298 159
1.360000 294 156
1.400000 290 156
1.440000 286 155
1.480000 282 154
1.520000 277 154
1.560000 272 154
1.600000 268 155
1.640000 263 155
1.680000 260 156
1.720000 257 156
1.760000 252 158
1.800000 245 159
1.840000 242 159
1.880000 237 159
1.920000 233 156
1.960000 228 156
2.000000 223 155
2.040000 218 155
2.080000 213 155
2.120000 208 156
2.160000 205 158
2.200000 200 159
2.240000 195 159
2.280000 190 159
2.320000 186 158
2.360000 180 156
2.400000 177 155
2.440000 172 154
2.480000 167 154
2.520000 160 154
2.560000 155 154
2.600000 149 154
2.640000 145 155
2.680000 141 157
2.720000 137 159
2.760000 133 159
2.800000 128 159
2.840000 127 158
2.880000 123 156
2.920000 121 155
2.960000 116 154
3.000000 112 154
3.040000 106 154
3.080000 101 155
3.120000 97 156
3.160000 95 156
3.200000 89 158
3.240000 83 157
3.280000 77 156
3.320000 71 155
3.360000 66 154
3.400000 60 151
3.440000 55 152
3.480000 52 154
3.520000 49 154
3.560000 47 154
3.600000 43 155
3.640000 39 156
3.680000 37 155
3.720000 33 155
3.760000 27 152
3.800000 23 150
3.840000 19 150
3.880000 16 150
3.920000 12 149
3.960000 8 150
4.000000 6 151
4.040000 6 151
4.080000 6 151
4.120000 6 151
4.160000 6 151
4.200000 6 151
4.240000 6 151
4.280000 6 151
4.320000 6 151
4.360000 6 151
4.400000 6 151
4.440000 6 151
4.480000 6 151
4.520000 6 151
4.560000 6 151
4.600000 6 151
4.640000 6 151
4.680000 6 151
4.720000 6 151
