0.000000 305 59
0.040000 305 59
0.080000 305 59
0.120000 305 59
0.160000 305 59
0.200000 305 59
0.240000 305 59
0.280000 305 59
0.320000 305 59
0.360000 305 59
0.400000 305 59
0.440000 305 59
0.480000 305 59
0.520000 305 59
0.560000 305 59
0.600000 305 59
0.640000 305 59
0.680000 305 59
0.720000 305 59
0.760000 305 59
0.800000 305 59
0.840000 305 59
0.880000 305 59
0.920000 305 59
0.960000 305 59
1.000000 305 59
1.040000 305 59
1.080000 305 59
1.120000 305 59
1.160000 305 59
1.200000 305 59
1.240000 305 59
1.280000 305 59
1.320000 305 59
1.360000 305 59
1.400000 305 59
1.440000 305 59
1.480000 305 59
1.520000 305 59
1.560000 305 59
1.600000 305 59
1.640000 305 59
1.680000 305 59
1.720000 305 59
1.760000 305 59
1.800000 305 59
1.840000 305 59
1.880000 305 59
1.920000 305 59
1.960000 305 59
2.000000 305 59
2.040000 299 59
2.080000 294 59
2.120000 288 59
2.160000 273 61
2.200000 268 60
2.240000 267 57
2.280000 266 56
2.320000 266 56
2.360000 266 56
2.400000 266 56
2.440000 267 56
2.480000 268 56
2.520000 264 56
2.560000 266 56
2.600000 267 56
2.640000 267 56
2.680000 267 56
2.720000 266 55
2.760000 264 55
2.800000 258 55
2.840000 249 54
2.880000 235 54
2.920000 220 52
2.960000 207 51
3.000000 193 51
3.040000 179 55
3.080000 171 56
3.120000 169 52
3.160000 169 50
3.200000 168 50
3.240000 168 50
3.280000 168 50
3.320000 169 50
3.360000 169 50
3.400000 168 50
3.440000 168 50
3.480000 169 50
3.520000 169 50
3.560000 169 48
3.600000 169 48
3.640000 168 48
3.680000 163 50
3.720000 153 50
3.760000 138 50
3.800000 126 52
3.840000 110 50
3.880000 95 50
3.920000 82 52
3.960000 74 56
4.000000 69 54
4.040000 69 51
4.080000 69 51
4.120000 69 51
4.160000 68 50
4.200000 68 50
4.240000 69 50
4.280000 69 50
4.320000 68 50
4.360000 68 50
4.400000 68 50
4.440000 68 50
4.480000 69 50
4.520000 68 48
4.560000 65 49
4.600000 56 52
4.640000 46 52
4.680000 36 54
4.720000 12 52
4.760000 10 53
4.800000 8 54
4.840000 6 55
4.880000 4 56
4.920000 2 56
4.960000 2 56
5.000000 2 56
5.040000 2 56
5.080000 2 56
5.120000 2 56
5.160000 2 56
