0.000000 299 119
0.040000 299 119
0.080000 299 119
0.120000 299 119
0.160000 299 119
0.200000 299 119
0.240000 299 119
0.280000 299 119
0.320000 299 119
0.360000 299 119
0.400000 299 119
0.440000 299 119
0.480000 299 119
0.520000 299 119
0.560000 299 119
0.600000 299 119
0.640000 299 119
0.680000 299 119
0.720000 299 119
0.760000 299 119
0.800000 299 119
0.840000 299 119
0.880000 299 119
0.920000 299 119
0.960000 299 119
1.000000 299 119
1.040000 299 119
1.080000 299 119
1.120000 299 119
1.160000 299 119
1.200000 299 119
1.240000 299 119
1.280000 299 119
1.320000 299 119
1.360000 299 119
1.400000 299 119
1.440000 299 119
1.480000 299 119
1.520000 299 119
1.560000 299 119
1.600000 299 119
1.640000 299 119
1.680000 299 119
1.720000 299 119
1.760000 299 119
1.800000 299 119
1.840000 299 119
1.880000 299 119
1.920000 299 119
1.960000 299 119
2.000000 299 119
2.040000 299 119
2.080000 299 119
2.120000 294 120
2.160000 288 119
2.200000 283 119
2.240000 279 119
2.280000 277 119
2.320000 275 119
2.360000 273 119
2.400000 271 120
2.440000 269 121
2.480000 267 122
2.520000 265 123
2.560000 256 118
2.600000 246 122
2.640000 243 122
2.680000 240 122
2.720000 237 122
2.760000 234 122
2.800000 226 118
2.840000 224 118
2.880000 223 118
2.920000 222 118
2.960000 212 118
3.000000 205 118
3.040000 197 118
3.080000 191 118
3.120000 185 118
3.160000 182 117
3.200000 179 117
3.240000 176 117
3.280000 172 118
3.320000 169 118
3.360000 166 118
3.400000 160 119
3.440000 161 119
3.480000 162 118
3.520000 163 117
3.560000 164 116
3.600000 160 114
3.640000 153 115
3.680000 123 122
3.720000 121 120
3.760000 117 120
3.800000 114 120
3.840000 111 119
3.880000 108 119
3.920000 97 119
3.960000 90 119
4.000000 85 119
4.040000 79 119
4.080000 76 119
4.120000 73 119
4.160000 70 119
4.200000 68 118
4.240000 65 118
4.280000 62 118
4.320000 79 114
4.360000 76 116
4.400000 75 115
4.440000 70 114
4.480000 66 113
4.520000 60 113
4.560000 48 114
4.600000 42 115
4.640000 37 115
4.680000 31 116
4.720000 26 116
4.760000 20 117
4.800000 27 114
4.840000 25 115
4.880000 24 115
4.920000 22 115
4.960000 16 113
5.000000 8 113
5.040000 2 113
5.080000 2 113
5.120000 2 113
5.160000 2 113
