3.040000 178 57
3.080000 177 60
3.120000 175 63
3.160000 168 67
3.200000 164 71
3.240000 155 72
3.280000 145 72
3.320000 135 69
3.360000 125 65
3.400000 114 60
3.440000 102 57
3.480000 90 56
3.520000 81 56
3.560000 75 56
3.600000 75 56
3.640000 73 55
3.680000 75 54
3.720000 74 54
3.760000 75 54
3.800000 76 54
3.840000 74 54
3.880000 72 55
3.920000 71 55
3.960000 69 56
4.000000 64 56
4.040000 68 55
4.080000 69 55
4.120000 71 55
4.160000 69 56
4.200000 69 58
4.240000 66 60
4.280000 63 65
4.320000 58 68
4.360000 51 70
4.400000 36 71
4.440000 30 68
