3.040000 160 87
3.080000 156 88
3.120000 149 88
3.160000 140 89
3.200000 133 88
3.240000 125 88
3.280000 118 90
3.320000 112 92
3.360000 106 93
3.400000 102 93
3.440000 97 91
3.480000 94 88
3.520000 91 88
3.560000 90 87
3.600000 86 87
3.640000 82 86
3.680000 79 87
3.720000 76 86
3.760000 75 84
3.800000 74 85
3.840000 71 87
3.880000 68 88
3.920000 64 88
3.960000 60 88
4.000000 53 89
4.040000 57 88
4.080000 57 87
4.120000 56 87
4.160000 53 86
4.200000 49 87
4.240000 42 87
4.280000 35 88
4.320000 29 88
4.360000 23 87
4.400000 16 88
4.440000 13 88
