2.120000 320 118
2.160000 315 118
2.200000 313 119
2.240000 305 119
2.280000 301 120
2.320000 298 120
2.360000 294 122
2.400000 288 121
2.440000 284 122
2.480000 283 121
2.520000 278 122
2.560000 274 119
2.600000 271 119
2.640000 267 119
2.680000 262 119
2.720000 257 119
2.760000 251 118
2.800000 247 119
2.840000 242 119
2.880000 240 122
2.920000 236 122
2.960000 231 122
3.000000 228 122
3.040000 225 121
3.080000 220 119
3.120000 216 119
3.160000 210 119
3.200000 206 119
3.240000 199 119
3.280000 195 119
3.320000 189 119
3.360000 184 119
3.400000 180 119
3.440000 175 119
3.480000 170 119
3.520000 168 118
3.560000 163 117
3.600000 158 116
3.640000 152 117
3.680000 147 117
3.720000 142 118
3.760000 138 119
3.800000 133 119
3.840000 134 120
3.880000 131 121
3.920000 124 120
3.960000 121 118
4.000000 118 115
4.040000 112 115
4.080000 106 114
4.120000 103 115
4.160000 97 117
4.200000 88 118
4.240000 80 118
4.280000 75 119
4.320000 74 119
4.360000 67 119
4.400000 65 118
4.440000 62 117
4.480000 60 116
4.520000 55 115
4.560000 54 118
4.600000 49 118
4.640000 47 118
4.680000 35 117
4.720000 38 118
4.760000 35 119
4.800000 32 119
4.840000 29 119
4.880000 25 119
4.920000 21 118
4.960000 18 118
5.000000 13 117
5.040000 9 117
5.080000 2 118
