0.000000 301 87
0.040000 301 87
0.080000 301 87
0.120000 301 87
0.160000 301 87
0.200000 301 87
0.240000 301 87
0.280000 301 87
0.320000 301 87
0.360000 301 87
0.400000 301 87
0.440000 301 87
0.480000 301 87
0.520000 301 87
0.560000 301 87
0.600000 301 87
0.640000 301 87
0.680000 301 87
0.720000 301 87
0.760000 301 87
0.800000 301 87
0.840000 301 87
0.880000 301 87
0.920000 301 87
0.960000 301 87
1.000000 301 87
1.040000 301 87
1.080000 301 87
1.120000 301 87
1.160000 301 87
1.200000 301 87
1.240000 301 87
1.280000 301 87
1.320000 301 87
1.360000 301 87
1.400000 301 87
1.440000 301 87
1.480000 301 87
1.520000 301 87
1.560000 301 87
1.600000 301 87
1.640000 301 87
1.680000 301 87
1.720000 301 87
1.760000 301 87
1.800000 301 87
1.840000 301 87
1.880000 301 87
1.920000 301 87
1.960000 301 87
2.000000 301 87
2.040000 301 87
2.080000 301 87
2.120000 301 87
2.160000 301 87
2.200000 301 87
2.240000 301 87
2.280000 301 87
2.320000 301 87
2.360000 301 87
2.400000 301 87
2.440000 301 87
2.480000 301 87
2.520000 301 87
2.560000 301 87
2.600000 301 87
2.640000 299 89
2.680000 298 88
2.720000 294 89
2.760000 295 89
2.800000 294 89
2.840000 293 87
2.880000 292 87
2.920000 288 87
2.960000 286 86
3.000000 282 85
3.040000 277 83
3.080000 268 85
3.120000 260 83
3.160000 249 84
3.200000 240 87
3.240000 231 87
3.280000 224 88
3.320000 216 88
3.360000 210 87
3.400000 205 87
3.440000 199 87
3.480000 190 83
3.520000 184 83
3.560000 179 84
3.600000 176 87
3.640000 175 85
3.680000 174 87
3.720000 173 86
3.760000 171 87
3.800000 170 85
3.840000 168 84
3.880000 166 83
3.920000 162 83
3.960000 158 82
4.000000 151 82
4.040000 142 82
4.080000 132 81
4.120000 121 82
4.160000 111 85
4.200000 102 86
4.240000 95 87
4.280000 86 87
4.320000 82 86
4.360000 79 86
4.400000 73 85
4.440000 67 84
4.480000 62 83
4.520000 58 84
4.560000 54 84
4.600000 54 83
4.640000 50 85
4.680000 45 87
4.720000 47 87
4.760000 46 87
4.800000 45 85
4.840000 44 82
4.880000 40 83
4.920000 36 82
4.960000 31 82
5.000000 15 82
5.040000 11 83
5.080000 8 83
5.120000 5 83
5.160000 2 83
5.200000 2 83
5.240000 2 83
5.280000 2 83
5.320000 2 83
5.360000 2 83
5.400000 2 83
5.440000 2 83
5.480000 2 83
