0.000000 309 161
0.040000 309 161
0.080000 309 161
0.120000 309 161
0.160000 309 161
0.200000 309 161
0.240000 309 161
0.280000 309 161
0.320000 309 161
0.360000 309 161
0.400000 309 161
0.440000 309 161
0.480000 309 161
0.520000 309 161
0.560000 309 161
0.600000 309 161
0.640000 309 161
0.680000 309 161
0.720000 309 161
0.760000 309 161
0.800000 309 161
0.840000 309 161
0.880000 309 161
0.920000 309 161
0.960000 309 161
1.000000 309 161
1.040000 309 161
1.080000 309 161
1.120000 309 161
1.160000 309 161
1.200000 309 161
1.240000 309 161
1.280000 309 161
1.320000 309 161
1.360000 309 161
1.400000 309 161
1.440000 309 161
1.480000 309 161
1.520000 309 161
1.560000 309 161
1.600000 309 161
1.640000 309 161
1.680000 309 161
1.720000 309 161
1.760000 309 161
1.800000 309 161
1.840000 309 161
1.880000 309 161
1.920000 309 161
1.960000 309 161
2.000000 309 161
2.040000 309 161
2.080000 309 161
2.120000 309 161
2.160000 309 161
2.200000 309 161
2.240000 309 161
2.280000 309 161
2.320000 309 161
2.360000 309 161
2.400000 309 161
2.440000 309 161
2.480000 309 161
2.520000 309 161
2.560000 309 161
2.600000 309 161
2.640000 304 165
2.680000 299 165
2.720000 295 167
2.760000 290 168
2.800000 287 169
2.840000 282 168
2.880000 278 166
2.920000 273 165
2.960000 268 165
3.000000 263 164
3.040000 258 163
3.080000 253 165
3.120000 247 166
3.160000 242 168
3.200000 238 170
3.240000 233 170
3.280000 227 171
3.320000 223 170
3.360000 218 169
3.400000 212 167
3.440000 207 165
3.480000 201 165
3.520000 195 165
3.560000 190 165
3.600000 184 166
3.640000 179 167
3.680000 174 169
3.720000 169 170
3.760000 163 170
3.800000 158 169
3.840000 153 169
3.880000 147 166
3.920000 142 165
3.960000 136 165
4.000000 131 165
4.040000 126 165
4.080000 121 165
4.120000 116 166
4.160000 110 167
4.200000 105 170
4.240000 99 170
4.280000 95 169
4.320000 89 166
4.360000 84 165
4.400000 79 165
4.440000 74 164
4.480000 69 164
4.520000 64 165
4.560000 59 164
4.600000 54 165
4.640000 49 165
4.680000 44 165
4.720000 39 165
4.760000 34 165
4.800000 31 164
4.840000 27 161
4.880000 23 160
4.920000 18 160
4.960000 13 159
5.000000 8 159
5.040000 5 160
5.080000 5 160
5.120000 5 160
5.160000 5 160
5.200000 5 160
5.240000 5 160
5.280000 5 160
5.320000 5 160
5.360000 5 160
5.400000 5 160
5.440000 5 160
5.480000 5 160
