0.000000 312 113
0.040000 312 113
0.080000 312 113
0.120000 312 113
0.160000 312 113
0.200000 312 113
0.240000 312 113
0.280000 312 113
0.320000 312 113
0.360000 312 113
0.400000 312 113
0.440000 312 113
0.480000 312 113
0.520000 312 113
0.560000 312 113
0.600000 312 113
0.640000 312 113
0.680000 312 113
0.720000 312 113
0.760000 312 113
0.800000 312 113
0.840000 312 113
0.880000 312 113
0.920000 312 113
0.960000 312 113
1.000000 312 113
1.040000 312 113
1.080000 312 113
1.120000 312 113
1.160000 312 113
1.200000 312 113
1.240000 312 113
1.280000 312 113
1.320000 312 113
1.360000 312 113
1.400000 312 113
1.440000 312 113
1.480000 312 113
1.520000 312 113
1.560000 312 113
1.600000 312 113
1.640000 312 113
1.680000 312 113
1.720000 312 113
1.760000 312 113
1.800000 312 113
1.840000 312 113
1.880000 312 113
1.920000 312 113
1.960000 312 113
2.000000 312 113
2.040000 312 113
2.080000 312 113
2.120000 312 113
2.160000 312 113
2.200000 312 113
2.240000 312 113
2.280000 312 113
2.320000 312 113
2.360000 312 113
2.400000 312 113
2.440000 312 113
2.480000 312 113
2.520000 312 113
2.560000 312 113
2.600000 312 113
2.640000 305 116
2.680000 302 117
2.720000 298 119
2.760000 292 118
2.800000 288 118
2.840000 284 118
2.880000 280 116
2.920000 277 115
2.960000 272 113
3.000000 267 113
3.040000 261 113
3.080000 254 113
3.120000 248 114
3.160000 244 117
3.200000 240 118
3.240000 236 117
3.280000 231 118
3.320000 225 117
3.360000 221 115
3.400000 216 114
3.440000 212 113
3.480000 208 111
3.520000 204 110
3.560000 198 112
3.600000 192 113
3.640000 185 115
3.680000 177 115
3.720000 173 115
3.760000 168 117
3.800000 163 117
3.840000 158 114
3.880000 153 113
3.920000 149 113
3.960000 143 110
4.000000 136 109
4.040000 128 111
4.080000 123 113
4.120000 121 113
4.160000 114 117
4.200000 111 117
4.240000 110 118
4.280000 102 117
4.320000 98 114
4.360000 95 113
4.400000 90 111
4.440000 86 112
4.480000 80 112
4.520000 75 113
4.560000 70 113
4.600000 58 113
4.640000 55 115
4.680000 56 115
4.720000 53 117
4.760000 49 117
4.800000 44 115
4.840000 40 113
4.880000 35 113
4.920000 29 112
4.960000 24 112
5.000000 19 113
5.040000 14 113
5.080000 10 113
5.120000 7 116
5.160000 7 116
5.200000 7 116
5.240000 7 116
5.280000 7 116
5.320000 7 116
5.360000 7 116
5.400000 7 116
5.440000 7 116
5.480000 7 116
