1.960000 216 159
2.000000 211 159
2.040000 207 159
2.080000 202 159
2.120000 199 156
2.160000 194 158
2.200000 189 157
2.240000 184 158
2.280000 179 159
2.320000 175 159
2.360000 171 159
2.400000 168 159
2.440000 163 159
2.480000 158 159
2.520000 153 158
2.560000 149 156
2.600000 144 156
2.640000 140 157
2.680000 135 156
2.720000 132 157
2.760000 127 158
2.800000 122 159
2.840000 120 159
2.880000 116 159
2.920000 111 157
2.960000 106 156
3.000000 101 156
3.040000 97 156
3.080000 93 156
3.120000 89 157
3.160000 85 157
3.200000 81 158
3.240000 77 158
