1.960000 205 175
2.000000 201 174
2.040000 197 174
2.080000 192 172
2.120000 188 171
2.160000 184 171
2.200000 179 171
2.240000 174 171
2.280000 170 174
2.320000 166 174
2.360000 161 174
2.400000 157 174
2.440000 153 174
2.480000 148 172
2.520000 143 171
2.560000 138 171
2.600000 134 170
2.640000 130 171
2.680000 127 171
2.720000 121 172
2.760000 117 172
2.800000 112 172
2.840000 109 174
2.880000 105 172
2.920000 101 171
2.960000 96 171
3.000000 92 170
3.040000 88 170
3.080000 82 171
3.120000 80 171
3.160000 75 171
3.200000 71 171
3.240000 68 172
