0.000000 303 92
0.040000 303 92
0.080000 303 92
0.120000 303 92
0.160000 303 92
0.200000 303 92
0.240000 303 92
0.280000 303 92
0.320000 303 92
0.360000 303 92
0.400000 303 92
0.440000 303 92
0.480000 303 92
0.520000 303 92
0.560000 303 92
0.600000 303 92
0.640000 303 92
0.680000 303 92
0.720000 303 92
0.760000 303 92
0.800000 303 92
0.840000 303 92
0.880000 303 92
0.920000 303 92
0.960000 303 92
1.000000 303 92
1.040000 303 92
1.080000 303 92
1.120000 303 92
1.160000 303 92
1.200000 303 92
1.240000 303 92
1.280000 303 92
1.320000 303 92
1.360000 303 92
1.400000 303 92
1.440000 303 92
1.480000 303 92
1.520000 303 92
1.560000 303 92
1.600000 303 92
1.640000 303 92
1.680000 303 92
1.720000 303 92
1.760000 303 92
1.800000 303 92
1.840000 303 92
1.880000 303 92
1.920000 303 92
1.960000 303 92
2.000000 303 92
2.040000 303 92
2.080000 303 92
2.120000 303 92
2.160000 303 92
2.200000 303 92
2.240000 303 92
2.280000 303 92
2.320000 303 92
2.360000 303 92
2.400000 303 92
2.440000 303 92
2.480000 320 83
2.520000 320 83
2.560000 288 87
2.600000 284 90
2.640000 283 92
2.680000 283 91
2.720000 280 91
2.760000 275 93
2.800000 268 93
2.840000 262 93
2.880000 257 93
2.920000 252 92
2.960000 247 92
3.000000 241 89
3.040000 235 88
3.080000 230 88
3.120000 227 91
3.160000 225 87
3.200000 221 88
3.240000 220 89
3.280000 220 87
3.320000 220 88
3.360000 195 93
3.400000 190 88
3.440000 184 87
3.480000 179 87
3.520000 173 85
3.560000 168 87
3.600000 178 86
3.640000 166 87
3.680000 162 87
3.720000 152 91
3.760000 144 91
3.800000 138 91
3.840000 133 89
3.880000 131 89
3.920000 127 89
3.960000 121 87
4.000000 113 87
4.040000 107 87
4.080000 103 87
4.120000 102 87
4.160000 100 87
4.200000 96 88
4.240000 96 88
4.280000 95 87
4.320000 94 87
4.360000 91 85
4.400000 90 85
4.440000 85 84
4.480000 80 83
4.520000 71 84
4.560000 60 87
4.600000 49 87
4.640000 44 87
4.680000 38 88
4.720000 31 90
4.760000 24 91
4.800000 21 91
4.840000 18 87
4.880000 14 86
4.920000 10 85
4.960000 6 82
5.000000 2 85
5.040000 2 85
5.080000 2 85
5.120000 2 85
5.160000 2 85
5.200000 2 85
5.240000 2 85
5.280000 2 85
5.320000 2 85
5.360000 2 85
5.400000 2 85
5.440000 2 85
5.480000 2 85
5.520000 2 85
5.560000 2 85
5.600000 2 85
5.640000 2 85
5.680000 2 85
5.720000 2 85
5.760000 2 85
5.800000 2 85
5.840000 2 85
5.880000 2 85
5.920000 2 85
5.960000 2 85
6.000000 2 85
6.040000 2 85
6.080000 2 85
6.120000 2 85
6.160000 2 85
6.200000 2 85
6.240000 2 85
6.280000 2 85
6.320000 2 85
6.360000 2 85
6.400000 2 85
6.440000 2 85
6.480000 2 85
6.520000 2 85
6.560000 2 85
6.600000 2 85
6.640000 2 85
6.680000 2 85
6.720000 2 85
6.760000 2 85
6.800000 2 85
6.840000 2 85
6.880000 2 85
