0.000000 320 155
0.040000 320 155
0.080000 320 155
0.120000 320 155
0.160000 320 155
0.200000 320 155
0.240000 320 155
0.280000 320 155
0.320000 320 155
0.360000 320 155
0.400000 320 155
0.440000 320 155
0.480000 320 155
0.520000 320 155
0.560000 320 155
0.600000 320 155
0.640000 320 155
0.680000 320 155
0.720000 320 155
0.760000 320 155
0.800000 320 155
0.840000 320 155
0.880000 320 155
0.920000 320 155
0.960000 320 155
1.000000 320 155
1.040000 320 155
1.080000 320 155
1.120000 320 155
1.160000 320 155
1.200000 320 155
1.240000 320 155
1.280000 320 155
1.320000 320 155
1.360000 320 155
1.400000 320 155
1.440000 320 155
1.480000 320 155
1.520000 320 155
1.560000 320 155
1.600000 320 155
1.640000 320 155
1.680000 320 155
1.720000 320 155
1.760000 320 155
1.800000 320 155
1.840000 320 155
1.880000 320 155
1.920000 320 155
1.960000 320 155
2.000000 320 155
2.040000 320 155
2.080000 320 155
2.120000 320 155
2.160000 320 155
2.200000 320 155
2.240000 320 155
2.280000 320 155
2.320000 320 155
2.360000 320 155
2.400000 320 155
2.440000 320 156
2.480000 314 155
2.520000 308 154
2.560000 303 154
2.600000 299 155
2.640000 294 155
2.680000 290 156
2.720000 285 158
2.760000 282 158
2.800000 277 158
2.840000 273 158
2.880000 268 156
2.920000 262 155
2.960000 258 154
3.000000 252 154
3.040000 247 154
3.080000 242 154
3.120000 237 155
3.160000 233 155
3.200000 227 158
3.240000 223 159
3.280000 219 159
3.320000 213 159
3.360000 210 159
3.400000 204 158
3.440000 199 156
3.480000 194 156
3.520000 188 155
3.560000 182 157
3.600000 176 157
3.640000 172 159
3.680000 168 159
3.720000 163 159
3.760000 157 160
3.800000 153 159
3.840000 147 159
3.880000 142 158
3.920000 137 156
3.960000 131 155
4.000000 126 155
4.040000 120 156
4.080000 116 156
4.120000 110 158
4.160000 106 158
4.200000 101 159
4.240000 97 159
4.280000 93 159
4.320000 88 157
4.360000 84 155
4.400000 79 154
4.440000 75 154
4.480000 70 154
4.520000 65 154
4.560000 60 154
4.600000 55 154
4.640000 50 155
4.680000 47 155
4.720000 43 156
4.760000 39 157
4.800000 34 156
4.840000 30 154
4.880000 25 154
4.920000 22 154
4.960000 18 152
5.000000 12 153
5.040000 6 152
5.080000 6 152
5.120000 6 152
5.160000 6 152
5.200000 6 152
5.240000 6 152
5.280000 6 152
5.320000 6 152
5.360000 6 152
5.400000 6 152
5.440000 6 152
5.480000 6 152
5.520000 6 152
5.560000 6 152
5.600000 6 152
5.640000 6 152
5.680000 6 152
5.720000 6 152
5.760000 6 152
5.800000 6 152
5.840000 6 152
5.880000 6 152
5.920000 6 152
5.960000 6 152
6.000000 6 152
6.040000 6 152
6.080000 6 152
6.120000 6 152
6.160000 6 152
6.200000 6 152
6.240000 6 152
6.280000 6 152
6.320000 6 152
6.360000 6 152
6.400000 6 152
6.440000 6 152
6.480000 6 152
6.520000 6 152
6.560000 6 152
6.600000 6 152
6.640000 6 152
6.680000 6 152
6.720000 6 152
6.760000 6 152
6.800000 6 152
6.840000 6 152
6.880000 6 152
