2.640000 320 121
2.680000 320 119
2.720000 320 118
2.760000 311 118
2.800000 305 119
2.840000 301 120
2.880000 297 121
2.920000 294 123
2.960000 288 123
3.000000 283 122
3.040000 279 122
3.080000 277 121
3.120000 273 122
3.160000 268 120
3.200000 262 120
3.240000 257 119
3.280000 252 119
3.320000 246 117
3.360000 242 118
3.400000 238 120
3.440000 235 121
3.480000 230 119
3.520000 226 119
3.560000 221 119
3.600000 216 118
3.640000 210 116
3.680000 205 117
3.720000 199 118
3.760000 194 117
3.800000 186 119
3.840000 182 122
3.880000 177 122
3.920000 171 123
3.960000 164 120
4.000000 158 119
4.040000 155 117
4.080000 151 117
4.120000 144 115
4.160000 137 115
4.200000 132 115
4.240000 127 116
4.280000 121 118
4.320000 118 121
4.360000 112 120
4.400000 108 122
4.440000 104 120
4.480000 100 119
4.520000 95 119
4.560000 89 118
4.600000 84 117
4.640000 79 118
4.680000 75 118
4.720000 68 119
4.760000 64 119
4.800000 59 120
4.840000 54 120
4.880000 49 122
4.920000 48 119
4.960000 43 119
5.000000 38 119
5.040000 32 116
5.080000 27 116
5.120000 23 118
5.160000 18 119
5.200000 13 119
5.240000 10 119
5.280000 5 119
5.360000 2 122
5.400000 2 120
5.440000 2 118
