2.600000 299 61
2.640000 292 61
2.680000 288 61
2.720000 288 59
2.760000 288 58
2.800000 288 58
2.840000 287 58
2.880000 287 58
2.920000 286 59
2.960000 293 66
3.000000 288 60
3.040000 287 59
3.080000 288 59
3.120000 288 59
3.160000 287 61
3.200000 287 61
3.240000 283 67
3.280000 277 72
3.320000 268 74
3.360000 257 71
3.400000 245 68
3.440000 228 61
3.480000 216 58
3.520000 201 56
3.560000 190 56
3.600000 182 56
3.640000 179 55
3.680000 179 52
3.720000 179 52
3.760000 179 52
3.800000 179 52
3.840000 179 52
3.880000 177 55
3.920000 179 54
3.960000 178 54
4.000000 179 54
4.040000 179 52
4.080000 179 54
4.120000 178 56
4.160000 174 61
4.200000 168 66
4.240000 158 70
4.280000 148 70
4.320000 137 67
4.360000 123 66
4.400000 107 58
4.440000 95 56
4.480000 81 56
4.520000 73 56
4.560000 69 56
4.600000 68 55
4.640000 66 53
4.680000 66 54
4.720000 68 54
4.760000 66 54
4.800000 66 56
4.840000 69 56
4.880000 66 56
4.920000 66 56
4.960000 66 56
5.000000 66 56
5.040000 66 56
5.080000 63 61
5.120000 58 66
5.160000 49 69
5.200000 40 70
5.240000 31 67
5.280000 22 65
5.360000 18 55
