2.600000 320 124
2.640000 320 123
2.680000 313 120
2.720000 307 119
2.760000 301 119
2.800000 297 120
2.840000 293 122
2.880000 288 122
2.920000 284 124
2.960000 281 124
3.000000 278 123
3.040000 273 123
3.080000 270 122
3.120000 267 122
3.160000 261 121
3.200000 257 120
3.240000 251 120
3.280000 246 119
3.320000 241 118
3.360000 235 119
3.400000 231 122
3.440000 227 122
3.480000 221 121
3.520000 216 120
3.560000 214 120
3.600000 210 118
3.640000 204 117
3.680000 196 117
3.720000 190 118
3.760000 184 118
3.800000 183 119
3.840000 179 122
3.880000 177 123
3.920000 173 123
3.960000 168 122
4.000000 162 119
4.040000 157 118
4.080000 149 118
4.120000 145 116
4.160000 139 116
4.200000 132 116
4.240000 126 117
4.280000 119 118
4.320000 118 122
4.360000 116 122
4.400000 106 122
4.440000 103 121
4.480000 97 119
4.520000 96 119
4.560000 91 119
4.600000 85 118
4.640000 81 119
4.680000 77 119
4.720000 75 119
4.760000 70 121
4.800000 66 122
4.840000 63 122
4.880000 59 123
4.920000 54 122
4.960000 49 120
5.000000 45 121
5.040000 39 118
5.080000 34 118
5.120000 28 119
5.160000 23 119
5.200000 21 119
5.240000 18 121
5.280000 12 121
5.360000 6 122
