0.000000 313 123
0.040000 313 123
0.080000 313 123
0.120000 313 123
0.160000 313 123
0.200000 313 123
0.240000 313 123
0.280000 313 123
0.320000 313 123
0.360000 313 123
0.400000 313 123
0.440000 313 123
0.480000 313 123
0.520000 313 123
0.560000 313 123
0.600000 313 123
0.640000 313 123
0.680000 313 123
0.720000 313 123
0.760000 313 123
0.800000 313 123
0.840000 313 123
0.880000 313 123
0.920000 313 123
0.960000 313 123
1.000000 313 123
1.040000 313 123
1.080000 313 123
1.120000 313 123
1.160000 313 123
1.200000 313 123
1.240000 313 123
1.280000 313 123
1.320000 313 123
1.360000 313 123
1.400000 313 123
1.440000 313 123
1.480000 313 123
1.520000 313 123
1.560000 313 123
1.600000 313 123
1.640000 309 123
1.680000 306 123
1.720000 302 123
1.760000 296 122
1.800000 293 122
1.840000 290 120
1.880000 289 119
1.920000 288 123
1.960000 283 119
2.000000 286 118
2.040000 283 118
2.080000 283 118
2.120000 282 117
2.160000 278 117
2.200000 276 117
2.240000 272 117
2.280000 266 118
2.320000 258 118
2.360000 251 117
2.400000 241 117
2.440000 233 117
2.480000 224 117
2.520000 215 118
2.560000 204 118
2.600000 194 118
2.640000 184 118
2.680000 179 119
2.720000 173 119
2.760000 169 119
2.800000 166 118
2.840000 164 118
2.880000 163 117
2.920000 162 117
2.960000 158 115
3.000000 158 116
3.040000 158 117
3.080000 155 115
3.120000 153 115
3.160000 148 114
3.200000 144 114
3.240000 138 115
3.280000 132 115
3.320000 122 115
3.360000 115 115
3.400000 103 113
3.440000 95 117
3.480000 101 115
3.520000 75 115
3.560000 66 118
3.600000 58 117
3.640000 53 118
3.680000 48 119
3.720000 44 119
3.760000 40 118
3.800000 69 117
3.840000 37 115
3.880000 35 115
3.920000 35 115
3.960000 34 114
4.000000 33 113
4.040000 32 113
4.080000 30 113
4.120000 28 114
4.160000 23 115
4.200000 19 115
4.240000 13 115
4.280000 8 115
4.320000 8 115
4.360000 8 115
4.400000 8 115
4.440000 8 115
4.480000 8 115
4.520000 8 115
4.560000 8 115
4.600000 8 115
4.640000 8 115
4.680000 8 115
4.720000 8 115
4.760000 8 115
4.800000 8 115
4.840000 8 115
4.880000 8 115
4.920000 8 115
4.960000 8 115
5.000000 8 115
5.040000 8 115
5.080000 8 115
