0.000000 320 113
0.040000 320 113
0.080000 320 113
0.120000 320 113
0.160000 320 113
0.200000 320 113
0.240000 320 113
0.280000 320 113
0.320000 320 113
0.360000 320 113
0.400000 320 113
0.440000 320 113
0.480000 320 113
0.520000 320 113
0.560000 320 113
0.600000 320 113
0.640000 320 113
0.680000 320 113
0.720000 320 113
0.760000 320 113
0.800000 320 113
0.840000 320 113
0.880000 320 113
0.920000 320 113
0.960000 320 113
1.000000 320 113
1.040000 320 113
1.080000 320 113
1.120000 320 113
1.160000 320 113
1.200000 320 113
1.240000 320 113
1.280000 320 113
1.320000 320 113
1.360000 320 113
1.400000 320 113
1.440000 320 113
1.480000 320 113
1.520000 320 113
1.560000 320 113
1.600000 320 113
1.640000 320 113
1.680000 320 113
1.720000 320 113
1.760000 320 113
1.800000 320 113
1.840000 320 113
1.880000 320 113
1.920000 320 113
1.960000 320 113
2.000000 320 113
2.040000 320 113
2.080000 311 113
2.120000 307 114
2.160000 301 113
2.200000 299 115
2.240000 294 115
2.280000 292 114
2.320000 288 114
2.360000 283 113
2.400000 279 113
2.440000 277 110
2.480000 272 109
2.520000 266 110
2.560000 262 110
2.600000 257 113
2.640000 251 112
2.680000 247 113
2.720000 244 113
2.760000 238 113
2.800000 236 113
2.840000 231 113
2.880000 228 113
2.920000 225 113
2.960000 220 110
3.000000 215 113
3.040000 208 112
3.080000 202 112
3.120000 195 111
3.160000 190 112
3.200000 188 113
3.240000 183 113
3.280000 179 114
3.320000 174 114
3.360000 171 113
3.400000 167 113
3.440000 162 110
3.480000 158 109
3.520000 151 109
3.560000 144 109
3.600000 138 110
3.640000 132 111
3.680000 128 112
3.720000 125 113
3.760000 121 114
3.800000 117 113
3.840000 112 113
3.880000 109 113
3.920000 106 111
3.960000 101 109
4.000000 96 109
4.040000 91 109
4.080000 86 109
4.120000 81 111
4.160000 75 113
4.200000 71 113
4.240000 69 113
4.280000 64 113
4.320000 60 113
4.360000 57 113
4.400000 53 113
4.440000 49 111
4.480000 45 110
4.520000 40 109
4.560000 34 109
4.600000 29 109
4.640000 26 113
4.680000 23 113
4.720000 18 113
4.760000 15 114
4.800000 8 113
4.840000 6 113
4.880000 5 113
4.920000 3 113
4.960000 2 113
5.000000 2 113
