0.000000 297 61
0.040000 297 61
0.080000 297 61
0.120000 297 61
0.160000 297 61
0.200000 297 61
0.240000 297 61
0.280000 297 61
0.320000 297 61
0.360000 297 61
0.400000 297 61
0.440000 297 61
0.480000 297 61
0.520000 297 61
0.560000 297 61
0.600000 297 61
0.640000 297 61
0.680000 297 61
0.720000 297 61
0.760000 297 61
0.800000 297 61
0.840000 297 61
0.880000 297 61
0.920000 297 61
0.960000 297 61
1.000000 297 61
1.040000 297 61
1.080000 297 61
1.120000 297 61
1.160000 297 61
1.200000 297 61
1.240000 297 61
1.280000 297 61
1.320000 297 61
1.360000 297 61
1.400000 297 61
1.440000 297 61
1.480000 297 61
1.520000 297 61
1.560000 297 61
1.600000 297 61
1.640000 297 61
1.680000 297 61
1.720000 297 61
1.760000 297 61
1.800000 297 61
1.840000 297 61
1.880000 297 61
1.920000 297 61
1.960000 297 61
2.000000 297 61
2.040000 296 58
2.080000 295 58
2.120000 294 58
2.160000 294 58
2.200000 295 58
2.240000 293 61
2.280000 298 61
2.320000 295 59
2.360000 295 59
2.400000 294 59
2.440000 295 60
2.480000 294 61
2.520000 293 61
2.560000 292 65
2.600000 285 70
2.640000 277 72
2.680000 268 70
2.720000 257 67
2.760000 238 59
2.800000 226 59
2.840000 215 57
2.880000 243 56
2.920000 244 55
2.960000 188 56
3.000000 242 56
3.040000 241 57
3.080000 236 63
3.120000 184 52
3.160000 221 67
3.200000 184 52
3.240000 179 55
3.280000 187 55
3.320000 184 55
3.360000 184 54
3.400000 184 54
3.440000 184 54
3.480000 184 56
3.520000 183 57
3.560000 179 60
3.600000 173 66
3.640000 165 69
3.680000 154 67
3.720000 143 66
3.760000 131 61
3.800000 112 57
3.840000 101 56
3.880000 90 56
3.920000 81 56
3.960000 75 56
4.000000 73 56
4.040000 72 54
4.080000 70 53
4.120000 112 66
4.160000 70 52
4.200000 91 66
4.240000 80 63
4.280000 72 56
4.320000 71 56
4.360000 70 55
4.400000 70 56
4.440000 70 56
4.480000 70 56
4.520000 69 58
4.560000 69 61
4.600000 63 65
4.640000 55 68
4.680000 49 69
4.720000 38 66
4.760000 29 65
4.800000 19 56
4.840000 18 57
4.880000 18 58
4.920000 18 58
4.960000 18 59
5.000000 18 59
