0.000000 303 60
0.040000 303 60
0.080000 303 60
0.120000 303 60
0.160000 303 60
0.200000 303 60
0.240000 303 60
0.280000 303 60
0.320000 303 60
0.360000 303 60
0.400000 303 60
0.440000 303 60
0.480000 303 60
0.520000 303 60
0.560000 303 60
0.600000 303 60
0.640000 303 60
0.680000 303 60
0.720000 303 60
0.760000 303 60
0.800000 303 60
0.840000 303 60
0.880000 303 60
0.920000 303 60
0.960000 303 60
1.000000 303 60
1.040000 303 60
1.080000 303 60
1.120000 303 60
1.160000 303 60
1.200000 303 60
1.240000 303 60
1.280000 303 60
1.320000 303 60
1.360000 303 60
1.400000 303 60
1.440000 303 60
1.480000 303 60
1.520000 303 60
1.560000 303 60
1.600000 303 60
1.640000 303 60
1.680000 303 60
1.720000 303 60
1.760000 303 60
1.800000 303 60
1.840000 303 60
1.880000 303 60
1.920000 303 59
1.960000 303 59
2.000000 303 58
2.040000 303 58
2.080000 303 58
2.120000 299 57
2.160000 294 60
2.200000 284 59
2.240000 272 58
2.280000 257 58
2.320000 245 56
2.360000 231 56
2.400000 217 59
2.440000 209 61
2.480000 205 61
2.520000 201 58
2.560000 200 56
2.600000 200 56
2.640000 200 56
2.680000 200 56
2.720000 199 55
2.760000 199 55
2.800000 199 55
2.840000 199 55
2.880000 199 54
2.920000 199 54
2.960000 199 54
3.000000 199 54
3.040000 195 55
3.080000 186 57
3.120000 174 57
3.160000 161 56
3.200000 144 56
3.240000 132 56
3.280000 117 57
3.320000 103 59
3.360000 95 61
3.400000 90 61
3.440000 89 56
3.480000 88 55
3.520000 88 54
3.560000 88 54
3.600000 87 54
3.640000 87 54
3.680000 88 54
3.720000 86 54
3.760000 87 54
3.800000 87 53
3.840000 87 52
3.880000 86 52
3.920000 86 52
3.960000 82 55
4.000000 73 56
4.040000 64 57
4.080000 46 57
4.120000 38 55
4.160000 23 55
4.200000 6 61
4.240000 5 60
4.280000 3 58
4.320000 2 57
4.360000 2 56
4.400000 2 55
4.440000 2 54
4.480000 2 54
4.520000 2 54
4.560000 2 54
4.600000 2 54
4.640000 2 54
4.680000 2 54
4.720000 2 54
4.760000 2 54
4.800000 2 54
4.840000 2 54
4.880000 2 54
4.920000 2 54
4.960000 2 54
5.000000 2 54
5.040000 2 54
5.080000 2 54
5.120000 2 54
5.160000 2 54
5.200000 2 54
5.240000 2 54
