0.000000 320 141
0.040000 320 141
0.080000 320 141
0.120000 320 141
0.160000 320 141
0.200000 320 141
0.240000 320 141
0.280000 320 141
0.320000 320 141
0.360000 320 141
0.400000 320 141
0.440000 320 141
0.480000 320 141
0.520000 320 141
0.560000 320 141
0.600000 320 141
0.640000 320 141
0.680000 320 141
0.720000 320 141
0.760000 320 141
0.800000 320 141
0.840000 320 141
0.880000 320 141
0.920000 320 141
0.960000 320 141
1.000000 320 141
1.040000 320 141
1.080000 320 141
1.120000 320 141
1.160000 320 141
1.200000 320 141
1.240000 320 141
1.280000 320 141
1.320000 320 141
1.360000 320 141
1.400000 320 141
1.440000 320 141
1.480000 320 141
1.520000 320 141
1.560000 320 141
1.600000 320 141
1.640000 320 141
1.680000 320 141
1.720000 320 141
1.760000 320 141
1.800000 320 141
1.840000 320 141
1.880000 320 141
1.920000 320 141
1.960000 320 141
2.000000 308 139
2.040000 315 139
2.080000 314 139
2.120000 310 139
2.160000 307 139
2.200000 303 139
2.240000 299 139
2.280000 295 137
2.320000 291 136
2.360000 287 135
2.400000 282 136
2.440000 277 135
2.480000 271 137
2.520000 264 138
2.560000 257 139
2.600000 251 139
2.640000 246 139
2.680000 241 137
2.720000 236 137
2.760000 231 135
2.800000 226 134
2.840000 221 134
2.880000 218 135
2.920000 213 135
2.960000 210 135
3.000000 205 137
3.040000 204 139
3.080000 201 139
3.120000 199 139
3.160000 195 139
3.200000 191 139
3.240000 189 138
3.280000 184 137
3.320000 179 135
3.360000 174 134
3.400000 169 134
3.440000 163 134
3.480000 158 134
3.520000 151 134
3.560000 145 134
3.600000 142 136
3.640000 131 135
3.680000 125 137
3.720000 118 137
3.760000 112 134
3.800000 107 134
3.840000 101 134
3.880000 96 134
3.920000 91 134
3.960000 86 134
4.000000 84 134
4.040000 81 134
4.080000 90 136
4.120000 73 134
4.160000 73 135
4.200000 68 135
4.240000 69 139
4.280000 64 137
4.320000 64 136
4.360000 55 135
4.400000 49 135
4.440000 51 134
4.480000 47 133
4.520000 43 133
4.560000 38 133
4.600000 33 133
4.640000 28 133
4.680000 28 134
4.720000 24 136
4.760000 11 135
4.800000 7 137
4.840000 13 138
4.880000 12 138
4.920000 12 137
4.960000 11 137
5.000000 1 139
5.040000 2 138
5.080000 2 138
5.120000 2 138
5.160000 2 138
5.200000 2 138
