0.000000 320 128
0.040000 320 128
0.080000 320 128
0.120000 320 128
0.160000 320 128
0.200000 320 128
0.240000 320 128
0.280000 320 128
0.320000 320 128
0.360000 320 128
0.400000 320 128
0.440000 320 128
0.480000 320 128
0.520000 320 128
0.560000 320 128
0.600000 320 128
0.640000 320 128
0.680000 320 128
0.720000 320 128
0.760000 320 128
0.800000 320 128
0.840000 320 128
0.880000 320 128
0.920000 320 128
0.960000 320 128
1.000000 320 128
1.040000 320 128
1.080000 320 128
1.120000 320 128
1.160000 320 128
1.200000 320 128
1.240000 320 128
1.280000 320 128
1.320000 320 128
1.360000 320 128
1.400000 320 128
1.440000 320 128
1.480000 320 128
1.520000 320 128
1.560000 320 128
1.600000 320 128
1.640000 320 128
1.680000 320 128
1.720000 320 128
1.760000 320 128
1.800000 320 128
1.840000 320 128
1.880000 314 128
1.920000 309 124
1.960000 305 125
2.000000 303 124
2.040000 298 123
2.080000 295 123
2.120000 293 123
2.160000 289 123
2.200000 287 122
2.240000 283 120
2.280000 279 119
2.320000 273 119
2.360000 268 121
2.400000 263 122
2.440000 260 120
2.480000 256 122
2.520000 251 122
2.560000 251 123
2.600000 246 124
2.640000 245 123
2.680000 237 121
2.720000 240 122
2.760000 231 119
2.800000 225 119
2.840000 225 118
2.880000 216 118
2.920000 218 119
2.960000 213 119
3.000000 200 120
3.040000 195 122
3.080000 190 122
3.120000 188 122
3.160000 185 121
3.200000 181 121
3.240000 179 119
3.280000 174 119
3.320000 169 119
3.360000 163 118
3.400000 159 117
3.440000 152 118
3.480000 148 118
3.520000 142 119
3.560000 133 119
3.600000 130 120
3.640000 128 120
3.680000 128 120
3.720000 122 120
3.760000 114 119
3.800000 112 119
3.840000 111 119
3.880000 107 118
3.920000 104 118
3.960000 100 117
4.000000 94 117
4.040000 82 118
4.080000 77 119
4.120000 77 119
4.160000 70 121
4.200000 73 122
4.240000 66 122
4.280000 68 122
4.320000 54 119
4.360000 55 119
4.400000 58 119
4.440000 48 119
4.480000 47 119
4.520000 41 119
4.560000 29 118
4.600000 24 118
4.640000 21 119
4.680000 17 119
4.720000 14 120
4.760000 19 121
4.800000 16 121
4.840000 6 119
4.880000 7 119
4.920000 6 119
4.960000 2 120
5.000000 2 120
5.040000 2 120
5.080000 2 120
5.120000 2 120
5.160000 2 120
5.200000 2 120
