0.000000 316 115
0.040000 316 115
0.080000 316 115
0.120000 316 115
0.160000 316 115
0.200000 316 115
0.240000 316 115
0.280000 316 115
0.320000 316 115
0.360000 316 115
0.400000 316 115
0.440000 316 115
0.480000 316 115
0.520000 316 115
0.560000 316 115
0.600000 316 115
0.640000 316 115
0.680000 316 115
0.720000 316 115
0.760000 316 115
0.800000 316 115
0.840000 316 115
0.880000 316 115
0.920000 316 115
0.960000 316 115
1.000000 316 115
1.040000 316 115
1.080000 316 115
1.120000 316 115
1.160000 316 115
1.200000 316 115
1.240000 316 115
1.280000 316 115
1.320000 316 115
1.360000 316 115
1.400000 316 115
1.440000 316 115
1.480000 316 115
1.520000 316 115
1.560000 316 115
1.600000 316 115
1.640000 316 115
1.680000 316 115
1.720000 316 115
1.760000 316 115
1.800000 316 115
1.840000 316 115
1.880000 316 115
1.920000 313 113
1.960000 308 115
2.000000 303 113
2.040000 298 116
2.080000 294 117
2.120000 289 118
2.160000 283 118
2.200000 281 118
2.240000 277 116
2.280000 273 113
2.320000 268 113
2.360000 262 113
2.400000 257 114
2.440000 252 113
2.480000 247 113
2.520000 242 115
2.560000 241 117
2.600000 236 116
2.640000 231 115
2.680000 227 114
2.720000 222 113
2.760000 216 113
2.800000 210 112
2.840000 205 112
2.880000 200 111
2.920000 195 113
2.960000 190 113
3.000000 184 115
3.040000 179 116
3.080000 173 115
3.120000 168 113
3.160000 164 112
3.200000 158 111
3.240000 151 109
3.280000 145 109
3.320000 140 110
3.360000 136 111
3.400000 132 112
3.440000 128 113
3.480000 124 113
3.520000 121 113
3.560000 116 112
3.600000 111 112
3.640000 105 110
3.680000 99 109
3.720000 94 109
3.760000 89 108
3.800000 83 110
3.840000 77 113
3.880000 71 113
3.920000 65 113
3.960000 62 113
4.000000 58 113
4.040000 54 113
4.080000 49 112
4.120000 44 109
4.160000 39 109
4.200000 34 109
4.240000 29 109
4.280000 26 112
4.320000 23 113
4.360000 19 113
4.400000 16 114
4.440000 13 113
4.480000 6 113
4.520000 5 113
4.560000 4 113
4.600000 3 113
4.640000 2 114
4.680000 2 114
4.720000 2 114
4.760000 2 114
4.800000 2 114
4.840000 2 114
4.880000 2 114
4.920000 2 114
4.960000 2 114
