0.000000 316 87
0.040000 316 87
0.080000 316 87
0.120000 316 87
0.160000 316 87
0.200000 316 87
0.240000 316 87
0.280000 316 87
0.320000 316 87
0.360000 316 87
0.400000 316 87
0.440000 316 87
0.480000 316 87
0.520000 316 87
0.560000 316 87
0.600000 316 87
0.640000 316 87
0.680000 316 87
0.720000 316 87
0.760000 316 87
0.800000 316 87
0.840000 316 87
0.880000 316 87
0.920000 316 87
0.960000 316 87
1.000000 316 87
1.040000 316 87
1.080000 316 87
1.120000 316 87
1.160000 316 87
1.200000 316 87
1.240000 316 87
1.280000 316 87
1.320000 316 87
1.360000 316 87
1.400000 316 87
1.440000 316 87
1.480000 316 87
1.520000 316 87
1.560000 316 87
1.600000 316 87
1.640000 316 87
1.680000 316 87
1.720000 316 87
1.760000 316 87
1.800000 316 87
1.840000 316 87
1.880000 316 87
1.920000 316 87
1.960000 308 87
2.000000 299 87
2.040000 292 89
2.080000 284 91
2.120000 279 93
2.160000 273 92
2.200000 268 91
2.240000 262 89
2.280000 257 87
2.320000 252 87
2.360000 247 87
2.400000 245 87
2.440000 242 87
2.480000 239 86
2.520000 236 88
2.560000 236 88
2.600000 234 87
2.640000 232 87
2.680000 231 87
2.720000 227 86
2.760000 222 85
2.800000 216 83
2.840000 208 82
2.880000 198 82
2.920000 188 83
2.960000 179 86
3.000000 173 87
3.040000 167 88
3.080000 161 87
3.120000 156 85
3.160000 151 83
3.200000 144 82
3.240000 138 82
3.280000 133 82
3.320000 129 82
3.360000 127 82
3.400000 125 82
3.440000 121 85
3.480000 121 83
3.520000 121 83
3.560000 118 82
3.600000 116 82
3.640000 112 82
3.680000 107 82
3.720000 101 80
3.760000 91 80
3.800000 80 82
3.840000 73 82
3.880000 65 83
3.920000 59 86
3.960000 53 87
4.000000 48 87
4.040000 44 83
4.080000 40 83
4.120000 35 83
4.160000 31 83
4.200000 28 83
4.240000 23 82
4.280000 22 82
4.320000 20 83
4.360000 18 86
4.400000 15 87
4.440000 14 87
4.480000 12 83
4.520000 10 84
4.560000 9 84
4.600000 8 84
4.640000 2 84
4.680000 2 84
4.720000 2 84
4.760000 2 84
4.800000 2 84
4.840000 2 84
4.880000 2 84
4.920000 2 84
4.960000 2 84
