0.000000 313 150
0.040000 313 150
0.080000 313 150
0.120000 313 150
0.160000 313 150
0.200000 313 150
0.240000 313 150
0.280000 313 150
0.320000 313 150
0.360000 313 150
0.400000 313 150
0.440000 313 150
0.480000 313 150
0.520000 313 150
0.560000 313 150
0.600000 313 150
0.640000 313 150
0.680000 313 150
0.720000 313 150
0.760000 313 150
0.800000 313 150
0.840000 313 150
0.880000 313 150
0.920000 313 150
0.960000 313 150
1.000000 313 150
1.040000 313 150
1.080000 313 150
1.120000 313 150
1.160000 313 150
1.200000 313 150
1.240000 313 150
1.280000 313 150
1.320000 313 150
1.360000 313 150
1.400000 313 150
1.440000 313 150
1.480000 313 150
1.520000 313 150
1.560000 313 150
1.600000 313 150
1.640000 313 150
1.680000 313 150
1.720000 313 150
1.760000 313 150
1.800000 313 150
1.840000 313 150
1.880000 309 150
1.920000 304 150
1.960000 299 150
2.000000 294 150
2.040000 291 150
2.080000 287 152
2.120000 282 154
2.160000 277 154
2.200000 273 153
2.240000 268 150
2.280000 263 149
2.320000 258 149
2.360000 254 149
2.400000 251 149
2.440000 245 150
2.480000 242 151
2.520000 237 154
2.560000 232 154
2.600000 228 154
2.640000 224 154
2.680000 220 153
2.720000 215 151
2.760000 210 150
2.800000 205 150
2.840000 200 150
2.880000 194 150
2.920000 189 152
2.960000 184 154
3.000000 180 154
3.040000 177 154
3.080000 171 154
3.120000 164 152
3.160000 159 151
3.200000 153 150
3.240000 148 149
3.280000 143 150
3.320000 138 150
3.360000 132 150
3.400000 127 150
3.440000 123 151
3.480000 118 153
3.520000 115 154
3.560000 111 153
3.600000 106 153
3.640000 103 150
3.680000 98 149
3.720000 94 150
3.760000 88 149
3.800000 84 150
3.840000 76 152
3.880000 75 151
3.920000 73 154
3.960000 68 151
4.000000 64 151
4.040000 60 152
4.080000 54 149
4.120000 49 148
4.160000 45 148
4.200000 40 148
4.240000 36 148
4.280000 32 148
4.320000 28 149
4.360000 25 149
4.400000 21 150
4.440000 18 150
4.480000 14 150
4.520000 11 150
4.560000 7 153
4.600000 7 153
4.640000 7 153
4.680000 7 153
4.720000 7 153
4.760000 7 153
4.800000 7 153
4.840000 7 153
4.880000 7 153
4.920000 7 153
4.960000 7 153
