0.000000 314 66
0.040000 314 66
0.080000 314 66
0.120000 314 66
0.160000 314 66
0.200000 314 66
0.240000 314 66
0.280000 314 66
0.320000 314 66
0.360000 314 66
0.400000 314 66
0.440000 314 66
0.480000 314 66
0.520000 314 66
0.560000 314 66
0.600000 314 66
0.640000 314 66
0.680000 314 66
0.720000 314 66
0.760000 314 66
0.800000 314 66
0.840000 314 66
0.880000 314 66
0.920000 314 66
0.960000 314 66
1.000000 314 66
1.040000 314 66
1.080000 314 66
1.120000 314 66
1.160000 314 66
1.200000 314 66
1.240000 314 66
1.280000 314 66
1.320000 314 66
1.360000 314 66
1.400000 314 65
1.440000 314 65
1.480000 314 65
1.520000 313 66
1.560000 312 67
1.600000 310 70
1.640000 307 74
1.680000 299 76
1.720000 292 76
1.760000 282 72
1.800000 270 68
1.840000 258 61
1.880000 242 59
1.920000 231 57
1.960000 219 57
2.000000 214 56
2.040000 211 56
2.080000 211 56
2.120000 210 56
2.160000 210 56
2.200000 211 56
2.240000 211 56
2.280000 211 58
2.320000 212 57
2.360000 211 57
2.400000 211 57
2.440000 211 58
2.480000 211 60
2.520000 210 62
2.560000 205 67
2.600000 198 71
2.640000 189 71
2.680000 179 70
2.720000 168 67
2.760000 153 60
2.800000 142 57
2.840000 126 55
2.880000 112 55
2.920000 101 56
2.960000 97 56
3.000000 96 56
3.040000 96 55
3.080000 96 55
3.120000 96 55
3.160000 96 56
3.200000 96 56
3.240000 96 57
3.280000 96 56
3.320000 96 56
3.360000 96 56
3.400000 96 56
3.440000 96 57
3.480000 95 61
3.520000 90 66
3.560000 81 70
3.600000 75 69
3.640000 65 68
3.680000 55 66
3.720000 44 59
3.760000 32 61
3.800000 22 57
3.840000 11 58
3.880000 1 61
3.920000 2 59
3.960000 10 62
4.000000 18 65
4.040000 26 68
4.080000 29 72
4.120000 21 71
4.160000 21 71
4.200000 21 71
4.240000 21 71
4.280000 21 71
4.320000 21 71
4.360000 21 71
4.400000 21 71
4.440000 21 71
4.480000 21 71
