1.760000 320 59
1.800000 320 61
1.840000 320 66
1.880000 320 70
1.920000 320 67
1.960000 310 73
2.000000 302 72
2.040000 288 67
2.080000 280 65
2.120000 267 65
2.160000 255 61
2.200000 243 61
2.240000 236 61
2.280000 236 60
2.320000 234 60
2.360000 233 59
2.400000 233 60
2.440000 233 60
2.480000 233 60
2.520000 233 60
2.560000 232 61
2.600000 233 61
2.640000 232 61
2.680000 231 61
2.720000 231 61
2.760000 231 61
2.800000 228 62
2.840000 225 65
2.880000 220 69
2.920000 210 71
2.960000 199 71
3.000000 188 70
3.040000 175 62
3.080000 163 64
3.120000 148 60
3.160000 136 58
3.200000 127 59
3.240000 122 59
3.280000 121 57
3.320000 121 57
3.360000 120 57
3.400000 120 57
3.440000 120 57
3.480000 121 57
3.520000 120 57
3.560000 120 58
3.600000 120 59
3.640000 118 57
3.680000 118 58
3.720000 118 59
3.760000 117 61
3.800000 115 61
3.840000 110 65
3.880000 101 69
3.920000 92 69
3.960000 81 70
4.000000 71 67
4.040000 62 60
4.080000 49 60
4.120000 35 58
4.160000 27 60
4.200000 18 59
4.240000 18 59
4.280000 18 59
4.320000 17 59
4.360000 17 58
4.400000 17 59
4.440000 17 59
4.480000 16 60
4.520000 15 60
4.560000 15 61
4.600000 14 60
4.680000 14 61
4.760000 12 61
4.800000 8 64
