2.360000 308 61
2.480000 281 61
2.520000 275 61
2.560000 272 58
2.600000 271 56
2.640000 271 56
2.680000 271 56
2.720000 271 56
2.760000 271 56
2.800000 271 56
2.840000 273 56
2.880000 272 56
2.920000 271 56
2.960000 271 56
3.000000 272 56
3.040000 272 56
3.080000 272 56
3.120000 271 55
3.160000 271 54
3.200000 268 55
3.240000 225 56
3.280000 254 56
3.320000 242 57
3.360000 225 54
3.400000 218 54
3.440000 205 53
3.480000 190 55
3.520000 183 57
3.560000 179 56
3.600000 178 54
3.640000 178 51
3.680000 177 51
3.720000 177 51
3.760000 177 51
3.800000 177 51
3.840000 177 50
3.880000 179 50
3.920000 177 51
3.960000 177 51
4.000000 177 50
4.040000 177 50
4.080000 176 50
4.120000 176 50
4.160000 175 50
4.200000 127 56
4.240000 168 52
4.280000 158 55
4.320000 147 52
4.360000 133 55
4.400000 122 52
4.440000 109 51
4.480000 95 52
4.520000 126 55
4.560000 79 59
4.600000 78 56
4.640000 75 54
4.680000 75 52
4.720000 75 52
4.760000 75 51
4.800000 75 51
4.840000 75 51
4.880000 75 51
4.920000 75 51
4.960000 75 51
5.000000 75 51
5.040000 75 50
5.080000 75 50
5.120000 74 50
5.160000 75 50
5.200000 74 52
5.240000 69 52
5.280000 59 55
5.320000 49 56
5.360000 34 56
5.400000 28 54
5.440000 17 54
5.480000 7 56
5.520000 6 56
5.560000 34 56
5.600000 2 57
5.680000 2 55
5.800000 19 60
