2.360000 315 122
2.440000 308 121
2.480000 307 119
2.520000 303 119
2.560000 299 119
2.600000 295 119
2.640000 292 119
2.680000 288 119
2.720000 284 119
2.760000 282 119
2.800000 278 119
2.840000 275 119
2.880000 273 119
2.920000 270 119
2.960000 266 118
3.000000 262 118
3.040000 261 118
3.080000 257 117
3.120000 251 118
3.160000 247 118
3.200000 244 118
3.240000 241 119
3.280000 236 119
3.320000 232 119
3.360000 231 119
3.400000 226 120
3.440000 222 120
3.480000 220 119
3.520000 216 118
3.560000 211 117
3.600000 208 117
3.640000 201 117
3.680000 197 118
3.720000 193 118
3.760000 189 118
3.800000 184 119
3.840000 184 119
3.880000 179 118
3.920000 174 117
3.960000 171 117
4.000000 168 115
4.040000 164 114
4.080000 159 114
4.120000 154 114
4.160000 149 115
4.200000 148 118
4.240000 142 118
4.280000 138 118
4.320000 136 119
4.360000 136 119
4.400000 134 118
4.440000 132 118
4.480000 123 118
4.520000 114 117
4.560000 116 116
4.600000 112 115
4.640000 107 114
4.680000 101 115
4.720000 95 117
4.760000 93 117
4.800000 91 117
4.840000 90 117
4.880000 86 118
4.920000 81 118
4.960000 77 117
5.000000 75 117
5.040000 70 117
5.080000 69 117
5.120000 65 118
5.160000 60 118
5.200000 57 118
5.240000 54 117
5.280000 49 117
5.320000 46 117
5.360000 44 118
5.400000 40 117
5.440000 38 118
5.480000 33 117
5.520000 30 117
5.560000 26 114
5.600000 23 117
5.640000 18 117
5.680000 14 115
5.720000 12 115
