0.880000 302 134
0.920000 301 134
0.960000 296 130
1.000000 294 128
1.040000 294 128
1.080000 294 128
1.280000 278 128
1.320000 272 129
1.360000 268 132
1.400000 261 129
1.560000 246 129
1.680000 237 128
1.720000 231 128
1.760000 224 129
1.800000 216 130
1.840000 210 130
1.880000 205 132
1.920000 199 133
1.960000 195 132
2.000000 190 130
2.040000 189 129
2.080000 186 128
2.120000 184 128
2.160000 184 128
2.320000 169 125
2.360000 160 123
2.400000 183 126
2.440000 179 125
2.480000 175 124
2.520000 173 124
2.560000 168 123
2.600000 162 123
2.640000 154 122
2.720000 121 128
2.760000 120 126
2.840000 111 125
2.880000 105 128
2.920000 98 132
2.960000 117 120
3.000000 116 120
3.040000 112 119
3.080000 75 129
3.120000 74 129
3.160000 71 128
3.200000 70 126
3.400000 73 124
3.440000 70 124
3.480000 69 124
3.520000 66 124
3.560000 64 124
3.600000 60 123
3.640000 57 122
3.680000 53 121
3.720000 48 120
3.760000 40 120
3.800000 34 122
3.840000 28 121
4.040000 12 130
