0.000000 315 133
0.040000 315 133
0.080000 315 133
0.120000 315 133
0.160000 315 133
0.200000 315 133
0.240000 315 133
0.280000 315 133
0.320000 315 133
0.360000 315 133
0.400000 315 133
0.440000 315 133
0.480000 315 133
0.520000 315 133
0.560000 315 133
0.600000 315 133
0.640000 315 133
0.680000 315 133
0.720000 315 133
0.760000 315 133
0.800000 315 133
0.840000 315 133
0.880000 315 133
0.920000 315 133
0.960000 315 133
1.000000 315 133
1.040000 315 133
1.080000 315 133
1.120000 315 133
1.160000 315 133
1.200000 315 133
1.240000 315 133
1.280000 315 133
1.320000 315 133
1.360000 315 133
1.400000 315 133
1.440000 315 133
1.480000 315 133
1.520000 315 133
1.560000 315 133
1.600000 315 133
1.640000 315 133
1.680000 315 133
1.720000 315 133
1.760000 315 133
1.800000 315 133
1.840000 315 133
1.880000 315 133
1.920000 315 133
1.960000 315 133
2.000000 315 133
2.040000 315 133
2.080000 315 133
2.120000 315 133
2.160000 315 133
2.200000 315 133
2.240000 315 133
2.280000 315 133
2.320000 310 132
2.360000 307 133
2.400000 304 133
2.440000 301 133
2.480000 298 133
2.520000 292 133
2.560000 288 134
2.600000 283 133
2.640000 278 133
2.680000 275 132
2.720000 271 132
2.760000 267 130
2.800000 264 132
2.840000 262 132
2.880000 256 130
2.920000 253 131
2.960000 251 131
3.000000 248 132
3.040000 246 132
3.080000 243 133
3.120000 236 132
3.160000 231 132
3.200000 227 131
3.240000 223 131
3.280000 217 130
3.320000 213 130
3.360000 206 132
3.400000 204 133
3.440000 203 133
3.480000 201 134
3.520000 195 130
3.560000 189 133
3.600000 184 133
3.640000 179 134
3.680000 174 133
3.720000 169 132
3.760000 165 132
3.800000 162 132
3.840000 158 132
3.880000 151 129
3.920000 148 130
3.960000 145 130
4.000000 142 130
4.040000 139 130
4.080000 136 130
4.120000 128 130
4.160000 123 130
4.200000 120 130
4.240000 111 129
4.280000 108 130
4.320000 106 130
4.360000 97 130
4.400000 95 131
4.440000 92 132
4.480000 89 132
4.520000 87 132
4.560000 85 131
4.600000 83 131
4.640000 75 132
4.680000 71 131
4.720000 68 130
4.760000 64 129
4.800000 60 128
4.840000 56 128
4.880000 54 129
4.920000 52 129
4.960000 50 129
5.000000 48 129
5.040000 46 130
5.080000 44 130
5.120000 42 130
5.160000 39 129
5.200000 36 129
5.240000 33 128
5.280000 29 128
5.320000 24 128
5.360000 19 128
5.400000 16 127
5.440000 12 129
5.480000 12 129
5.520000 12 129
5.560000 12 129
5.600000 12 129
5.640000 12 129
5.680000 12 129
5.720000 12 129
5.760000 12 129
5.800000 12 129
5.840000 12 129
5.880000 12 129
5.920000 12 129
5.960000 12 129
