1.360000 240 54
1.400000 240 54
1.440000 240 54
1.480000 240 54
1.520000 240 54
1.560000 240 56
1.600000 240 56
1.640000 240 54
1.680000 240 55
1.720000 240 56
1.760000 240 56
1.800000 240 56
1.840000 239 57
1.880000 237 60
1.920000 234 64
1.960000 226 69
2.000000 216 72
2.040000 205 71
2.080000 194 67
2.120000 177 61
2.160000 163 58
2.200000 147 56
2.240000 132 53
2.280000 119 52
2.320000 111 52
2.360000 108 52
2.400000 108 51
2.440000 107 52
2.480000 107 52
2.520000 107 52
2.560000 107 52
2.600000 108 54
2.640000 107 53
2.680000 108 54
2.720000 107 53
2.760000 107 53
2.800000 107 54
2.840000 107 54
2.880000 107 56
2.920000 106 57
2.960000 101 61
3.000000 94 67
3.040000 84 71
3.080000 76 71
3.120000 66 69
3.160000 55 64
3.200000 44 59
3.240000 30 57
3.280000 19 56
3.320000 9 56
3.360000 3 56
3.400000 2 56
3.440000 2 56
3.480000 7 60
3.520000 12 64
3.560000 17 67
3.600000 22 71
