1.360000 272 95
1.400000 264 94
1.440000 255 93
1.480000 246 92
1.520000 236 92
1.560000 226 94
1.600000 218 96
1.640000 211 98
1.680000 205 98
1.720000 201 97
1.760000 195 94
1.800000 191 93
1.840000 185 92
1.880000 179 92
1.920000 175 93
1.960000 170 93
2.000000 168 93
2.040000 166 92
2.080000 164 93
2.120000 164 93
2.160000 164 93
2.200000 163 93
2.240000 160 93
2.280000 158 93
2.320000 153 93
2.360000 148 92
2.400000 141 92
2.440000 132 92
2.480000 121 92
2.520000 111 92
2.560000 102 92
2.600000 94 94
2.640000 87 96
2.680000 80 97
2.720000 76 97
2.760000 72 95
2.800000 69 93
2.840000 64 92
2.880000 60 92
2.920000 55 91
2.960000 50 91
3.000000 48 92
3.040000 47 92
3.080000 45 91
3.120000 45 92
3.160000 44 93
3.200000 44 93
3.240000 42 93
3.280000 40 92
3.320000 38 92
3.360000 36 92
3.400000 33 92
3.440000 26 92
3.480000 15 93
3.520000 11 93
3.560000 8 93
3.600000 5 93
