0.000000 291 61
0.040000 291 61
0.080000 291 61
0.120000 291 61
0.160000 291 61
0.200000 291 61
0.240000 291 61
0.280000 291 61
0.320000 291 61
0.360000 291 61
0.400000 291 61
0.440000 291 61
0.480000 291 61
0.520000 291 61
0.560000 291 61
0.600000 291 61
0.640000 291 61
0.680000 291 61
0.720000 291 61
0.760000 291 61
0.800000 291 61
0.840000 291 61
0.880000 291 61
0.920000 291 61
0.960000 291 61
1.000000 291 61
1.040000 291 61
1.080000 291 61
1.120000 291 61
1.160000 291 61
1.200000 291 61
1.240000 291 61
1.280000 291 61
1.320000 291 61
1.360000 291 61
1.400000 291 61
1.440000 288 61
1.480000 288 61
1.520000 288 61
1.560000 288 61
1.600000 288 61
1.640000 288 61
1.680000 288 62
1.720000 289 65
1.760000 288 61
1.800000 288 61
1.840000 288 61
1.880000 288 61
1.920000 288 62
1.960000 288 64
2.000000 286 66
2.040000 283 69
2.080000 277 72
2.120000 269 74
2.160000 262 72
2.200000 253 71
2.240000 240 65
2.280000 229 62
2.320000 216 59
2.360000 205 59
2.400000 197 59
2.440000 194 59
2.480000 191 57
2.520000 190 56
2.560000 190 56
2.600000 190 56
2.640000 190 56
2.680000 190 57
2.720000 190 60
2.760000 195 65
2.800000 190 59
2.840000 190 57
2.880000 190 57
2.920000 190 58
2.960000 190 58
3.000000 190 61
3.040000 188 61
3.080000 184 66
3.120000 178 70
3.160000 170 71
3.200000 162 71
3.240000 152 69
3.280000 143 67
3.320000 127 64
3.360000 116 57
3.400000 105 56
3.440000 96 57
3.480000 92 56
3.520000 90 56
3.560000 90 56
3.600000 90 56
3.640000 90 56
3.680000 90 56
3.720000 90 57
3.760000 91 56
3.800000 91 61
3.840000 90 56
3.880000 90 56
3.920000 90 56
3.960000 90 56
4.000000 90 56
4.040000 89 57
4.080000 86 60
4.120000 85 62
4.160000 81 66
4.200000 75 68
4.240000 69 69
4.280000 60 67
4.320000 51 65
4.360000 43 57
4.400000 34 61
4.440000 23 59
4.480000 14 60
4.520000 9 61
4.560000 6 60
4.600000 6 60
4.640000 6 59
4.680000 6 59
4.720000 6 58
4.760000 6 58
4.800000 17 70
4.840000 17 70
4.880000 17 70
4.920000 17 70
4.960000 17 70
5.000000 17 70
5.040000 17 70
5.080000 17 70
5.120000 17 70
5.160000 17 70
5.200000 17 70
5.240000 17 70
5.280000 17 70
