0.000000 299 124
0.040000 299 124
0.080000 299 124
0.120000 299 124
0.160000 299 124
0.200000 299 124
0.240000 299 124
0.280000 299 124
0.320000 299 124
0.360000 299 124
0.400000 299 124
0.440000 299 124
0.480000 299 124
0.520000 299 124
0.560000 299 124
0.600000 299 124
0.640000 299 124
0.680000 299 124
0.720000 299 124
0.760000 299 124
0.800000 299 124
0.840000 299 124
0.880000 299 124
0.920000 299 124
0.960000 299 124
1.000000 299 124
1.040000 299 124
1.080000 299 124
1.120000 299 124
1.160000 299 124
1.200000 299 124
1.240000 299 124
1.280000 299 124
1.320000 299 124
1.360000 299 124
1.400000 299 124
1.440000 299 124
1.480000 296 125
1.520000 293 125
1.560000 290 126
1.600000 287 126
1.640000 284 127
1.680000 281 127
1.720000 278 128
1.760000 268 129
1.800000 262 131
1.840000 255 133
1.880000 249 134
1.920000 242 135
1.960000 241 138
2.000000 236 139
2.040000 232 138
2.080000 231 137
2.120000 229 135
2.160000 227 134
2.200000 227 129
2.240000 225 128
2.280000 223 127
2.320000 221 126
2.360000 216 128
2.400000 207 128
2.440000 211 128
2.480000 216 128
2.520000 220 128
2.560000 214 123
2.600000 207 124
2.640000 201 125
2.680000 194 126
2.720000 188 127
2.760000 181 128
2.800000 175 129
2.840000 162 131
2.880000 153 131
2.920000 147 134
2.960000 141 134
3.000000 137 135
3.040000 132 135
3.080000 130 135
3.120000 129 135
3.160000 127 133
3.200000 126 132
3.240000 122 128
3.280000 119 128
3.320000 116 128
3.360000 113 128
3.400000 132 128
3.440000 132 128
3.480000 131 126
3.520000 127 126
3.560000 123 124
3.600000 118 124
3.640000 106 123
3.680000 99 124
3.720000 93 125
3.760000 87 126
3.800000 81 126
3.840000 75 127
3.880000 69 128
3.920000 55 130
3.960000 53 133
4.000000 48 134
4.040000 45 134
4.080000 40 134
4.120000 38 134
4.160000 33 130
4.200000 34 130
4.240000 35 129
4.280000 36 128
4.320000 37 127
4.360000 38 127
4.400000 39 126
4.440000 40 125
4.480000 42 125
4.520000 40 126
4.560000 39 124
4.600000 38 124
4.640000 34 124
4.680000 29 124
4.720000 24 123
4.760000 19 123
4.800000 12 123
4.840000 12 123
4.880000 12 123
4.920000 12 123
4.960000 12 123
5.000000 12 123
5.040000 12 123
5.080000 12 123
5.120000 12 123
5.160000 12 123
5.200000 12 123
5.240000 12 123
5.280000 12 123
