3.680000 174 111
3.720000 169 113
3.760000 164 113
3.800000 160 117
3.840000 155 116
3.880000 154 117
3.920000 153 119
3.960000 145 118
4.000000 143 118
4.040000 142 118
4.080000 138 117
4.120000 134 117
4.160000 129 115
4.200000 123 114
4.240000 118 113
4.280000 113 114
4.320000 107 113
4.360000 101 115
4.400000 99 115
4.440000 95 117
4.480000 92 118
4.520000 87 118
4.560000 84 119
4.600000 80 119
4.640000 77 117
4.680000 73 117
4.720000 70 115
4.760000 65 113
4.800000 62 113
4.840000 55 111
4.880000 51 113
