3.680000 179 112
3.720000 173 113
3.760000 164 115
3.800000 157 117
3.840000 151 118
3.880000 149 119
3.920000 147 119
3.960000 151 118
4.000000 142 119
4.040000 136 119
4.080000 132 117
4.120000 130 116
4.160000 127 115
4.200000 127 117
4.240000 120 114
4.280000 116 115
4.320000 111 115
4.360000 108 116
4.400000 105 115
4.440000 99 117
4.480000 97 119
4.520000 95 119
4.560000 90 119
4.600000 86 119
4.640000 80 118
4.680000 77 118
4.720000 73 117
4.760000 70 114
4.800000 65 113
4.840000 64 113
4.880000 58 113
