3.680000 173 158
3.720000 169 158
3.760000 164 158
3.800000 158 158
3.840000 156 159
3.880000 153 159
3.920000 149 160
3.960000 151 160
4.000000 147 160
4.040000 142 160
4.080000 138 160
4.120000 136 159
4.160000 132 159
4.200000 128 157
4.240000 125 155
4.280000 121 155
4.320000 116 155
4.360000 111 156
4.400000 107 156
4.440000 101 159
4.480000 97 159
4.520000 95 159
4.560000 90 160
4.600000 86 159
4.640000 80 159
4.680000 71 159
4.720000 69 158
4.760000 66 157
4.800000 61 156
4.840000 61 155
4.880000 58 155
