0.000000 297 60
0.040000 297 60
0.080000 297 60
0.120000 297 60
0.160000 297 60
0.200000 297 60
0.240000 297 60
0.280000 297 60
0.320000 297 60
0.360000 297 60
0.400000 297 60
0.440000 297 60
0.480000 297 60
0.520000 297 60
0.560000 297 60
0.600000 297 60
0.640000 297 60
0.680000 297 60
0.720000 297 60
0.760000 297 60
0.800000 297 60
0.840000 297 60
0.880000 297 60
0.920000 297 60
0.960000 297 60
1.000000 297 60
1.040000 297 60
1.080000 297 60
1.120000 297 60
1.160000 297 60
1.200000 297 60
1.240000 297 60
1.280000 297 60
1.320000 297 60
1.360000 297 60
1.400000 297 60
1.440000 297 60
1.480000 297 60
1.520000 297 60
1.560000 297 60
1.600000 297 60
1.640000 297 60
1.680000 297 60
1.720000 297 60
1.760000 297 60
1.800000 297 60
1.840000 297 60
1.880000 297 60
1.920000 288 58
1.960000 276 59
2.000000 266 61
2.040000 256 61
2.080000 254 60
2.120000 254 57
2.160000 253 56
2.200000 253 56
2.240000 253 56
2.280000 253 56
2.320000 254 56
2.360000 252 56
2.400000 236 57
2.440000 253 56
2.480000 254 56
2.520000 253 55
2.560000 252 54
2.600000 252 54
2.640000 201 56
2.680000 251 52
2.720000 242 56
2.760000 231 56
2.800000 218 56
2.840000 200 56
2.880000 190 55
2.920000 178 56
2.960000 164 59
3.000000 157 61
3.040000 153 59
3.080000 152 56
3.120000 151 55
3.160000 151 55
3.200000 150 54
3.240000 151 54
3.280000 151 54
3.320000 151 54
3.360000 140 56
3.400000 126 56
3.440000 153 54
3.480000 106 61
3.520000 101 59
3.560000 151 52
3.600000 150 52
3.640000 147 53
3.680000 139 55
3.720000 129 55
3.760000 101 54
3.800000 94 55
3.840000 88 55
3.880000 81 56
3.920000 65 61
3.960000 57 61
4.000000 55 58
4.040000 54 56
4.080000 53 56
4.120000 53 56
4.160000 53 55
4.200000 53 55
4.240000 53 55
4.280000 51 56
4.320000 38 58
4.360000 27 61
4.400000 53 55
4.440000 14 63
4.480000 12 61
4.520000 53 54
4.560000 50 53
4.600000 44 54
4.640000 38 56
4.680000 27 56
4.720000 7 56
4.760000 8 56
4.800000 10 56
4.840000 9 56
4.880000 9 56
4.920000 9 56
4.960000 9 56
5.000000 9 56
5.040000 9 56
5.080000 9 56
5.120000 9 56
5.160000 9 56
5.200000 9 56
5.240000 9 56
5.280000 9 56
5.320000 9 56
5.360000 9 56
5.400000 9 56
5.440000 9 56
