0.000000 310 61
0.040000 310 61
0.080000 310 61
0.120000 310 61
0.160000 310 61
0.200000 310 61
0.240000 310 61
0.280000 310 61
0.320000 310 61
0.360000 310 61
0.400000 310 61
0.440000 310 61
0.480000 310 61
0.520000 310 61
0.560000 310 61
0.600000 310 61
0.640000 310 61
0.680000 310 61
0.720000 310 61
0.760000 310 61
0.800000 310 61
0.840000 310 61
0.880000 310 61
0.920000 310 61
0.960000 310 61
1.000000 310 61
1.040000 310 61
1.080000 310 61
1.120000 310 61
1.160000 310 61
1.200000 310 61
1.240000 310 61
1.280000 310 61
1.320000 310 61
1.360000 310 61
1.400000 310 61
1.440000 310 61
1.480000 310 61
1.520000 310 61
1.560000 310 61
1.600000 310 61
1.640000 310 61
1.680000 310 61
1.720000 310 61
1.760000 310 61
1.800000 310 61
1.840000 310 61
1.880000 310 61
1.920000 303 61
1.960000 289 57
2.000000 277 56
2.040000 268 56
2.080000 267 56
2.120000 266 55
2.160000 266 54
2.200000 266 55
2.240000 267 56
2.280000 267 56
2.320000 268 58
2.360000 264 57
2.400000 250 60
2.440000 268 56
2.480000 268 56
2.520000 267 56
2.560000 267 57
2.600000 266 59
2.640000 214 55
2.680000 257 67
2.720000 250 68
2.760000 241 67
2.800000 231 66
2.840000 216 56
2.880000 205 56
2.920000 191 56
2.960000 179 55
3.000000 169 54
3.040000 166 54
3.080000 164 52
3.120000 164 51
3.160000 165 52
3.200000 165 53
3.240000 166 53
3.280000 165 54
3.320000 165 56
3.360000 153 59
3.400000 139 56
3.440000 164 55
3.480000 118 56
3.520000 116 54
3.560000 164 57
3.600000 162 60
3.640000 155 65
3.680000 147 67
3.720000 138 67
3.760000 127 66
3.800000 116 56
3.840000 101 57
3.880000 89 54
3.920000 76 54
3.960000 69 53
4.000000 66 53
4.040000 65 52
4.080000 65 52
4.120000 65 52
4.160000 66 52
4.200000 65 52
4.240000 66 56
4.280000 66 56
4.320000 50 58
4.360000 39 56
4.400000 65 55
4.440000 24 57
4.480000 23 56
4.520000 63 57
4.560000 59 62
4.600000 54 67
4.640000 44 68
4.680000 36 67
4.720000 21 58
4.760000 21 58
4.800000 22 58
4.840000 22 58
4.880000 22 58
4.920000 22 58
4.960000 22 58
5.000000 23 58
5.040000 23 58
5.080000 23 58
5.120000 23 58
5.160000 23 58
5.200000 23 58
5.240000 23 58
5.280000 23 58
5.320000 23 58
5.360000 23 58
5.400000 23 58
5.440000 23 58
