0.000000 312 120
0.040000 312 120
0.080000 312 120
0.120000 312 120
0.160000 312 120
0.200000 312 120
0.240000 312 120
0.280000 312 120
0.320000 312 120
0.360000 312 120
0.400000 312 120
0.440000 312 120
0.480000 312 120
0.520000 312 120
0.560000 312 120
0.600000 312 120
0.640000 312 120
0.680000 312 120
0.720000 312 120
0.760000 312 120
0.800000 312 120
0.840000 312 120
0.880000 312 120
0.920000 312 120
0.960000 312 120
1.000000 312 120
1.040000 312 120
1.080000 312 120
1.120000 312 120
1.160000 312 120
1.200000 312 120
1.240000 312 120
1.280000 312 120
1.320000 312 120
1.360000 312 120
1.400000 312 120
1.440000 312 120
1.480000 312 120
1.520000 312 120
1.560000 312 120
1.600000 312 120
1.640000 312 120
1.680000 312 120
1.720000 312 120
1.760000 312 120
1.800000 312 120
1.840000 312 120
1.880000 312 120
1.920000 309 121
1.960000 305 120
2.000000 302 118
2.040000 298 118
2.080000 294 117
2.120000 289 117
2.160000 285 117
2.200000 281 118
2.240000 277 118
2.280000 273 120
2.320000 268 118
2.360000 264 119
2.400000 261 119
2.440000 258 119
2.480000 255 118
2.520000 251 118
2.560000 246 117
2.600000 241 118
2.640000 234 118
2.680000 231 118
2.720000 226 118
2.760000 221 119
2.800000 217 119
2.840000 213 119
2.880000 209 119
2.920000 206 119
2.960000 203 119
3.000000 199 119
3.040000 194 117
3.080000 188 115
3.120000 183 116
3.160000 179 117
3.200000 174 118
3.240000 169 118
3.280000 164 118
3.320000 160 118
3.360000 156 119
3.400000 152 119
3.440000 149 119
3.480000 144 119
3.520000 138 117
3.560000 134 118
3.600000 129 118
3.640000 126 118
3.680000 121 119
3.720000 117 119
3.760000 112 119
3.800000 107 117
3.840000 105 118
3.880000 97 117
3.920000 95 117
3.960000 90 115
4.000000 86 114
4.040000 81 114
4.080000 75 117
4.120000 69 117
4.160000 67 118
4.200000 64 118
4.240000 60 118
4.280000 56 117
4.320000 54 119
4.360000 49 118
4.400000 45 115
4.440000 42 113
4.480000 37 113
4.520000 32 113
4.560000 28 115
4.600000 25 115
4.640000 22 119
4.680000 18 119
4.720000 9 116
4.760000 7 116
4.800000 3 116
4.840000 2 115
4.880000 2 114
4.920000 2 112
4.960000 2 111
5.000000 2 109
5.040000 2 109
5.080000 2 109
5.120000 2 109
5.160000 2 109
5.200000 2 109
5.240000 2 109
5.280000 2 109
5.320000 2 109
5.360000 2 109
5.400000 2 109
5.440000 2 109
