0.720000 304 65
0.800000 294 61
0.840000 294 61
0.880000 294 61
0.920000 294 61
0.960000 294 61
1.000000 294 61
1.040000 293 61
1.080000 293 61
1.120000 296 62
1.160000 294 61
1.200000 294 61
1.240000 294 61
1.280000 294 63
1.320000 293 65
1.360000 290 67
1.400000 288 71
1.440000 282 74
1.480000 275 76
1.520000 267 76
1.560000 257 72
1.600000 246 69
1.640000 231 66
1.680000 220 62
1.720000 206 60
1.760000 195 60
1.800000 189 59
1.840000 188 58
1.880000 187 57
1.920000 186 56
1.960000 186 58
2.000000 186 57
2.040000 186 58
2.080000 184 59
2.120000 189 60
2.160000 185 59
2.200000 186 58
2.240000 186 59
2.280000 186 60
2.320000 185 61
2.360000 184 62
2.400000 181 65
2.440000 174 69
2.480000 168 72
2.520000 158 73
2.560000 148 72
2.600000 137 69
2.640000 123 64
2.680000 112 62
2.720000 101 59
2.760000 87 58
2.800000 80 59
2.840000 76 56
2.880000 75 56
2.920000 75 56
2.960000 75 56
3.000000 75 56
3.040000 75 56
3.080000 75 58
3.120000 77 56
3.160000 75 56
3.200000 75 57
3.240000 75 57
3.280000 75 59
3.320000 73 61
3.360000 71 62
3.400000 69 64
3.440000 63 69
3.480000 58 70
3.520000 50 72
3.560000 42 71
3.600000 32 67
3.640000 22 61
3.720000 1 61
3.800000 23 61
3.880000 19 62
