0.000000 320 121
0.040000 320 121
0.080000 320 121
0.120000 320 121
0.160000 320 121
0.200000 320 121
0.240000 320 121
0.280000 320 121
0.320000 320 121
0.360000 320 121
0.400000 320 121
0.440000 320 121
0.480000 320 121
0.520000 320 121
0.560000 320 121
0.600000 320 121
0.640000 320 121
0.680000 320 121
0.720000 320 121
0.760000 320 121
0.800000 320 121
0.840000 320 121
0.880000 320 121
0.920000 320 121
0.960000 320 121
1.000000 320 121
1.040000 320 121
1.080000 320 121
1.120000 320 121
1.160000 320 121
1.200000 320 121
1.240000 320 121
1.280000 320 121
1.320000 320 121
1.360000 320 121
1.400000 320 121
1.440000 320 121
1.480000 320 121
1.520000 320 121
1.560000 320 121
1.600000 320 121
1.640000 320 121
1.680000 314 123
1.720000 308 121
1.760000 301 123
1.800000 299 123
1.840000 294 123
1.880000 289 123
1.920000 287 122
1.960000 283 120
2.000000 278 120
2.040000 273 121
2.080000 268 119
2.120000 262 119
2.160000 257 119
2.200000 252 119
2.240000 247 121
2.280000 242 123
2.320000 238 124
2.360000 234 124
2.400000 231 125
2.440000 225 123
2.480000 221 122
2.520000 218 119
2.560000 214 118
2.600000 208 118
2.640000 201 118
2.680000 194 118
2.720000 189 119
2.760000 184 121
2.800000 179 122
2.840000 174 122
2.880000 169 121
2.920000 164 120
2.960000 160 121
3.000000 156 120
3.040000 151 118
3.080000 144 119
3.120000 138 119
3.160000 132 119
3.200000 127 119
3.240000 125 123
3.280000 121 123
3.320000 116 123
3.360000 111 123
3.400000 106 122
3.440000 101 122
3.480000 96 119
3.520000 92 119
3.560000 86 118
3.600000 81 119
3.640000 75 119
3.680000 71 120
3.720000 65 120
3.760000 60 120
3.800000 57 122
3.840000 53 122
3.880000 49 121
3.920000 45 119
3.960000 40 119
4.000000 38 120
4.040000 33 119
4.080000 28 119
4.120000 23 119
4.160000 18 119
4.200000 13 121
4.240000 12 119
4.280000 7 119
4.320000 1 120
4.360000 2 119
4.400000 2 120
4.440000 2 120
4.480000 2 120
4.520000 2 120
4.560000 2 120
4.600000 2 120
4.640000 2 120
4.680000 2 120
4.720000 2 120
4.760000 2 120
4.800000 2 120
4.840000 2 120
4.880000 2 120
4.920000 2 120
4.960000 2 120
5.000000 2 120
5.040000 2 120
5.080000 2 120
5.120000 2 120
5.160000 2 120
5.200000 2 120
