1.120000 292 65
1.160000 290 63
1.200000 289 63
1.240000 288 63
1.280000 288 64
1.320000 288 63
1.360000 288 64
1.400000 288 63
1.440000 288 63
1.480000 288 63
1.520000 288 63
1.560000 288 63
1.600000 288 66
1.640000 286 67
1.680000 283 70
1.720000 275 71
1.760000 267 69
1.800000 255 67
1.840000 240 63
1.880000 230 63
1.920000 215 61
1.960000 203 61
2.000000 194 61
2.040000 190 59
2.080000 189 59
2.120000 188 58
2.160000 188 58
2.200000 188 58
2.240000 189 59
2.280000 188 60
2.320000 188 59
2.360000 188 58
2.400000 187 59
2.440000 186 59
2.480000 186 61
2.520000 184 61
2.560000 180 65
2.600000 174 66
2.640000 165 67
2.680000 155 67
2.720000 142 66
2.760000 129 60
2.800000 116 59
2.840000 102 57
2.880000 92 58
2.920000 85 57
2.960000 84 57
3.000000 84 56
3.040000 82 56
3.080000 82 56
3.120000 82 56
3.160000 81 58
3.200000 81 59
3.240000 81 57
3.280000 82 58
3.320000 81 57
3.360000 81 59
3.400000 81 59
3.440000 80 61
3.480000 75 62
3.520000 70 65
3.560000 64 66
3.600000 54 66
3.640000 42 66
3.680000 19 61
3.760000 2 59
3.840000 29 61
3.880000 28 64
3.920000 23 66
3.960000 17 67
4.000000 7 70
