1.120000 279 65
1.160000 279 61
1.200000 278 61
1.240000 278 61
1.280000 278 61
1.320000 278 60
1.360000 278 60
1.400000 278 60
1.440000 277 60
1.480000 278 60
1.520000 278 59
1.560000 277 59
1.600000 277 58
1.640000 277 58
1.680000 277 58
1.720000 271 60
1.760000 260 58
1.800000 246 57
1.840000 227 58
1.880000 217 56
1.920000 203 57
1.960000 189 59
2.000000 181 61
2.040000 177 59
2.080000 176 56
2.120000 175 56
2.160000 175 56
2.200000 175 56
2.240000 175 56
2.280000 175 56
2.320000 175 56
2.360000 175 56
2.400000 175 56
2.440000 174 55
2.480000 175 55
2.520000 174 54
2.560000 173 54
2.600000 170 55
2.640000 160 56
2.680000 148 56
2.720000 131 56
2.760000 118 55
2.800000 105 56
2.840000 90 56
2.880000 80 59
2.920000 73 58
2.960000 71 57
3.000000 71 56
3.040000 70 55
3.080000 70 55
3.120000 70 54
3.160000 71 54
3.200000 70 54
3.240000 69 55
3.280000 70 54
3.320000 70 54
3.360000 71 54
3.400000 70 52
3.440000 70 52
3.480000 70 52
3.520000 67 52
3.560000 59 56
3.600000 49 56
3.640000 34 56
3.680000 10 56
3.760000 2 56
3.840000 21 56
3.880000 20 56
3.920000 18 56
3.960000 18 56
4.000000 8 59
