3.680000 312 168
3.720000 307 167
3.760000 303 166
3.800000 299 165
3.840000 296 165
3.880000 292 165
3.920000 288 166
3.960000 284 166
4.000000 280 168
4.040000 276 169
4.080000 272 170
4.120000 268 170
4.160000 264 169
4.200000 259 169
4.240000 255 167
4.280000 251 166
4.320000 246 166
4.360000 242 167
4.400000 236 167
4.440000 233 169
4.480000 228 170
4.520000 225 170
4.560000 220 170
4.600000 216 170
4.640000 210 170
4.680000 206 169
4.720000 201 167
4.760000 197 167
4.800000 192 169
4.840000 187 169
4.880000 183 169
4.920000 178 170
4.960000 173 169
5.000000 169 170
5.040000 164 170
5.080000 159 169
5.120000 155 167
5.160000 149 167
5.200000 144 166
5.240000 139 166
5.280000 134 166
5.320000 130 168
5.360000 126 170
5.400000 121 170
5.440000 116 170
5.480000 111 170
5.520000 106 169
5.560000 101 167
5.600000 96 166
5.640000 92 165
5.680000 87 165
5.720000 82 165
5.760000 78 165
5.800000 75 166
5.840000 69 166
5.880000 64 167
5.920000 60 166
5.960000 56 166
6.000000 51 165
6.040000 49 165
6.080000 43 163
6.120000 38 163
6.160000 34 163
6.200000 29 163
6.240000 27 165
6.280000 23 165
6.320000 18 165
6.360000 13 165
6.400000 11 165
6.440000 7 164
6.480000 2 161
6.520000 2 161
