3.640000 315 67
3.680000 308 66
3.720000 320 63
3.760000 320 65
3.800000 320 66
3.840000 320 66
3.880000 320 67
3.920000 314 70
3.960000 308 72
4.000000 297 72
4.040000 288 74
4.080000 275 66
4.120000 264 66
4.160000 252 63
4.200000 242 63
4.240000 236 66
4.280000 232 61
4.320000 231 59
4.360000 231 59
4.400000 231 59
4.440000 231 59
4.480000 248 67
4.520000 238 64
4.560000 235 61
4.600000 232 59
4.640000 232 60
4.680000 232 61
4.720000 231 61
4.760000 231 61
4.800000 227 65
4.840000 222 67
4.880000 214 68
4.920000 203 68
4.960000 192 67
5.000000 177 61
5.040000 164 61
5.080000 153 61
5.120000 142 61
5.160000 136 61
5.200000 132 57
5.240000 132 56
5.280000 132 56
5.320000 132 56
5.360000 132 56
5.400000 132 57
5.440000 134 59
5.480000 132 57
5.520000 132 56
5.560000 132 57
5.600000 132 57
5.640000 132 60
5.680000 127 62
5.720000 122 65
5.760000 115 67
5.800000 105 67
5.840000 92 66
5.880000 80 65
5.920000 65 61
5.960000 55 61
6.000000 44 61
6.040000 37 61
6.080000 79 56
6.120000 34 59
6.160000 34 58
6.200000 33 57
6.240000 33 57
6.280000 33 58
6.320000 34 61
6.360000 32 60
6.400000 33 58
6.440000 33 58
6.480000 33 59
6.520000 32 59
6.560000 31 60
