0.000000 309 63
0.040000 309 63
0.080000 309 63
0.120000 309 63
0.160000 309 63
0.200000 309 63
0.240000 309 63
0.280000 309 63
0.320000 309 63
0.360000 309 63
0.400000 309 63
0.440000 309 63
0.480000 309 63
0.520000 309 63
0.560000 309 63
0.600000 309 63
0.640000 309 63
0.680000 309 63
0.720000 309 63
0.760000 309 63
0.800000 309 63
0.840000 309 62
0.880000 308 62
0.920000 308 63
0.960000 310 69
1.000000 309 65
1.040000 308 64
1.080000 308 64
1.120000 308 65
1.160000 307 66
1.200000 305 67
1.240000 302 70
1.280000 296 72
1.320000 288 74
1.360000 278 76
1.400000 267 74
1.440000 256 72
1.480000 241 67
1.520000 228 66
1.560000 214 62
1.600000 200 62
1.640000 192 64
1.680000 188 63
1.720000 185 61
1.760000 184 61
1.800000 184 61
1.840000 184 61
1.880000 184 61
1.920000 184 61
1.960000 184 61
2.000000 184 62
2.040000 184 61
2.080000 184 61
2.120000 183 61
2.160000 182 63
2.200000 180 65
2.240000 177 67
2.280000 169 70
2.320000 160 72
2.360000 149 73
2.400000 138 72
2.440000 127 71
2.480000 112 67
2.520000 101 65
2.560000 87 62
2.600000 77 64
2.640000 70 65
2.680000 66 63
2.720000 65 62
2.760000 64 61
2.800000 64 61
2.840000 64 61
2.880000 64 61
2.920000 63 63
2.960000 65 65
3.000000 64 61
3.040000 64 63
3.080000 63 62
3.120000 62 65
3.160000 60 66
3.200000 59 67
3.240000 55 70
3.280000 47 72
3.320000 31 76
3.360000 26 74
3.400000 21 72
3.440000 16 69
3.480000 11 67
3.520000 7 64
3.560000 7 64
3.600000 7 64
3.640000 7 64
3.680000 7 64
3.720000 7 64
3.760000 7 64
3.800000 7 64
3.840000 7 64
3.880000 7 64
3.920000 7 64
3.960000 7 64
4.000000 7 64
