0.000000 314 124
0.040000 314 124
0.080000 314 124
0.120000 314 124
0.160000 314 124
0.200000 314 124
0.240000 314 124
0.280000 314 124
0.320000 314 124
0.360000 314 124
0.400000 314 124
0.440000 314 124
0.480000 314 124
0.520000 314 124
0.560000 314 124
0.600000 314 124
0.640000 314 124
0.680000 314 124
0.720000 314 124
0.760000 314 124
0.800000 314 124
0.840000 314 124
0.880000 312 128
0.920000 306 129
0.960000 303 129
1.000000 298 129
1.040000 293 128
1.080000 288 128
1.120000 284 128
1.160000 279 125
1.200000 273 127
1.240000 268 128
1.280000 262 124
1.320000 257 126
1.360000 251 127
1.400000 246 127
1.440000 240 125
1.480000 235 128
1.520000 231 128
1.560000 226 128
1.600000 221 124
1.640000 217 124
1.680000 212 123
1.720000 205 123
1.760000 199 125
1.800000 194 124
1.840000 188 124
1.880000 183 126
1.920000 179 129
1.960000 177 129
2.000000 174 128
2.040000 168 128
2.080000 163 127
2.120000 160 126
2.160000 153 124
2.200000 148 124
2.240000 143 124
2.280000 137 122
2.320000 129 123
2.360000 121 126
2.400000 116 128
2.440000 112 128
2.480000 106 128
2.520000 101 128
2.560000 97 126
2.600000 95 124
2.640000 92 124
2.680000 88 123
2.720000 83 124
2.760000 76 124
2.800000 71 124
2.840000 69 128
2.880000 65 127
2.920000 64 127
2.960000 58 128
3.000000 50 128
3.040000 47 128
3.080000 43 127
3.120000 39 124
3.160000 33 123
3.200000 29 122
3.240000 23 123
3.280000 19 123
3.320000 7 124
3.360000 6 125
3.400000 5 125
3.440000 4 126
3.480000 3 126
3.520000 2 126
3.560000 2 126
3.600000 2 126
3.640000 2 126
3.680000 2 126
3.720000 2 126
3.760000 2 126
3.800000 2 126
3.840000 2 126
3.880000 2 126
3.920000 2 126
3.960000 2 126
4.000000 2 126
