4.600000 269 63
4.640000 265 65
4.680000 261 67
4.720000 252 69
4.760000 243 69
4.800000 235 68
4.840000 224 66
4.880000 218 62
4.920000 208 61
4.960000 198 60
5.000000 191 59
5.040000 181 59
5.080000 174 58
5.120000 173 58
5.160000 179 58
5.200000 172 57
5.240000 166 57
5.280000 163 57
5.320000 163 58
5.360000 165 61
5.400000 166 60
5.440000 165 60
5.480000 164 58
5.520000 163 57
5.560000 163 57
5.600000 160 58
5.640000 157 59
5.680000 152 60
5.720000 143 61
5.760000 132 61
5.800000 126 63
5.840000 117 62
