4.600000 237 135
4.640000 232 136
4.680000 229 137
4.720000 225 138
4.760000 223 138
4.800000 222 138
4.840000 219 138
4.880000 214 137
4.920000 209 137
4.960000 206 137
5.000000 206 137
5.040000 207 138
5.080000 205 138
5.120000 201 138
5.160000 195 138
5.200000 186 137
5.240000 174 138
5.280000 169 138
5.320000 164 138
5.360000 160 138
5.400000 158 138
5.440000 150 138
5.480000 145 138
5.520000 139 137
5.560000 133 136
5.600000 129 137
5.640000 126 137
5.680000 122 136
5.720000 116 136
5.760000 111 136
5.800000 107 136
5.840000 105 136
