1.680000 294 60
1.720000 294 60
1.760000 294 60
1.800000 294 60
1.840000 294 61
1.880000 295 61
1.920000 295 61
1.960000 295 61
2.000000 294 61
2.040000 294 61
2.080000 294 61
2.120000 293 61
2.160000 293 63
2.200000 288 66
2.240000 283 68
2.280000 246 59
2.320000 261 68
2.360000 247 61
2.400000 234 60
2.440000 220 57
2.480000 205 57
2.520000 197 56
2.560000 195 56
2.600000 195 56
2.640000 195 56
2.680000 195 55
2.720000 195 55
2.760000 195 56
2.800000 195 56
2.840000 195 56
2.880000 195 56
2.920000 195 56
2.960000 195 56
3.000000 194 56
3.040000 194 58
3.080000 189 61
3.120000 184 65
3.160000 173 66
3.200000 162 63
3.240000 147 61
3.280000 134 56
3.320000 117 56
3.360000 103 56
3.400000 94 56
3.440000 87 56
3.480000 88 55
3.520000 88 55
3.560000 87 54
3.600000 87 54
3.640000 87 54
3.680000 87 55
3.720000 87 56
3.760000 86 56
3.800000 87 55
3.840000 86 54
3.880000 86 55
3.920000 86 56
3.960000 82 61
4.000000 78 61
4.040000 70 63
4.080000 60 63
4.120000 49 65
4.160000 38 56
4.200000 27 57
4.240000 13 57
4.280000 6 56
4.320000 2 58
4.360000 2 59
4.440000 2 56
4.480000 28 66
4.520000 19 67
