1.680000 320 153
1.720000 320 152
1.760000 315 152
1.800000 313 152
1.840000 308 153
1.880000 304 154
1.920000 299 155
1.960000 294 155
2.000000 292 155
2.040000 287 154
2.080000 283 154
2.120000 277 154
2.160000 273 154
2.200000 268 154
2.240000 263 154
2.280000 258 155
2.320000 256 155
2.360000 251 156
2.400000 246 156
2.440000 242 155
2.480000 237 154
2.520000 233 153
2.560000 228 152
2.600000 223 152
2.640000 218 153
2.680000 212 153
2.720000 207 154
2.760000 202 154
2.800000 199 154
2.840000 194 155
2.880000 189 154
2.920000 183 154
2.960000 177 153
3.000000 171 152
3.040000 166 152
3.080000 160 152
3.120000 155 153
3.160000 150 154
3.200000 147 154
3.240000 142 155
3.280000 136 155
3.320000 131 155
3.360000 127 154
3.400000 121 152
3.440000 116 150
3.480000 110 150
3.520000 106 150
3.560000 101 151
3.600000 96 152
3.640000 90 153
3.680000 86 154
3.720000 80 154
3.760000 75 154
3.800000 71 154
3.840000 66 153
3.880000 61 151
3.920000 57 150
3.960000 53 150
4.000000 48 150
4.040000 43 150
4.080000 39 150
4.120000 34 150
4.160000 32 153
4.200000 28 152
4.240000 23 152
4.280000 19 150
4.320000 17 149
4.360000 12 148
4.400000 8 148
4.440000 2 148
4.480000 2 149
4.520000 2 154
