1.680000 295 61
1.760000 320 75
1.800000 320 70
1.840000 313 71
1.880000 303 72
1.920000 289 65
1.960000 278 65
2.000000 266 63
2.040000 256 65
2.080000 248 65
2.120000 246 61
2.160000 246 59
2.200000 246 59
2.240000 246 60
2.280000 246 59
2.320000 246 61
2.360000 249 64
2.400000 247 61
2.440000 246 60
2.480000 246 61
2.520000 246 61
2.560000 246 61
2.600000 243 63
2.640000 239 66
2.680000 235 67
2.720000 221 68
2.760000 210 67
2.800000 200 67
2.840000 184 61
2.880000 171 61
2.920000 158 61
2.960000 149 62
3.000000 142 58
3.040000 141 56
3.080000 142 56
3.120000 142 56
3.160000 142 56
3.200000 141 56
3.240000 142 57
3.280000 143 57
3.320000 142 56
3.360000 142 56
3.400000 142 56
3.440000 142 57
3.480000 141 58
3.520000 138 61
3.560000 132 65
3.600000 122 67
3.640000 112 66
3.680000 101 66
3.720000 90 63
3.760000 74 61
3.800000 62 60
3.840000 51 60
3.880000 44 61
3.920000 40 58
3.960000 40 58
4.000000 42 56
4.040000 41 56
4.080000 40 56
4.120000 40 59
4.160000 43 60
4.200000 42 57
4.240000 41 57
4.280000 40 57
4.320000 40 58
4.360000 39 59
4.400000 39 61
4.440000 34 63
4.520000 19 67
