0.000000 320 132
0.040000 320 132
0.080000 320 132
0.120000 320 132
0.160000 320 132
0.200000 320 132
0.240000 320 132
0.280000 320 132
0.320000 320 132
0.360000 320 132
0.400000 320 132
0.440000 320 132
0.480000 320 132
0.520000 320 132
0.560000 320 132
0.600000 320 132
0.640000 320 132
0.680000 320 132
0.720000 320 132
0.760000 320 132
0.800000 320 132
0.840000 320 132
0.880000 320 132
0.920000 320 132
0.960000 320 132
1.000000 320 132
1.040000 320 132
1.080000 320 132
1.120000 320 132
1.160000 320 132
1.200000 320 132
1.240000 320 132
1.280000 320 132
1.320000 320 132
1.360000 320 132
1.400000 320 132
1.440000 320 132
1.480000 320 132
1.520000 320 132
1.560000 320 132
1.600000 320 132
1.640000 320 132
1.680000 320 132
1.720000 320 132
1.760000 320 132
1.800000 320 132
1.840000 320 132
1.880000 320 132
1.920000 320 132
1.960000 320 132
2.000000 320 132
2.040000 312 133
2.080000 312 137
2.120000 309 134
2.160000 305 135
2.200000 303 134
2.240000 299 134
2.280000 296 134
2.320000 290 134
2.360000 286 134
2.400000 282 135
2.440000 276 135
2.480000 269 137
2.520000 264 137
2.560000 258 135
2.600000 251 133
2.640000 242 132
2.680000 236 132
2.720000 231 132
2.760000 225 133
2.800000 220 133
2.840000 216 134
2.880000 212 134
2.920000 210 134
2.960000 205 135
3.000000 205 135
3.040000 200 133
3.080000 195 133
3.120000 191 133
3.160000 188 133
3.200000 183 133
3.240000 177 133
3.280000 170 134
3.320000 164 134
3.360000 158 135
3.400000 153 137
3.440000 145 139
3.480000 137 133
3.520000 131 133
3.560000 125 133
3.600000 118 133
3.640000 112 132
3.680000 107 133
3.720000 102 133
3.760000 100 134
3.800000 96 133
3.840000 94 134
3.880000 91 134
3.920000 90 135
3.960000 85 135
4.000000 81 133
4.040000 75 133
4.080000 71 133
4.120000 66 132
4.160000 60 133
4.200000 55 133
4.240000 50 134
4.280000 44 133
4.320000 38 133
4.360000 32 132
4.400000 25 132
4.440000 21 133
4.480000 17 133
4.520000 7 133
4.560000 5 134
4.600000 4 134
4.640000 3 134
4.680000 2 134
4.720000 2 134
4.760000 2 134
4.800000 2 134
4.840000 2 134
4.880000 2 134
4.920000 2 134
4.960000 2 134
5.000000 2 134
5.040000 2 134
5.080000 2 134
5.120000 2 134
