0.000000 299 118
0.040000 299 118
0.080000 299 118
0.120000 299 118
0.160000 299 118
0.200000 299 118
0.240000 299 118
0.280000 299 118
0.320000 299 118
0.360000 299 118
0.400000 299 118
0.440000 299 118
0.480000 299 118
0.520000 299 118
0.560000 299 118
0.600000 299 118
0.640000 299 118
0.680000 299 118
0.720000 299 118
0.760000 299 118
0.800000 299 118
0.840000 299 118
0.880000 299 118
0.920000 299 118
0.960000 299 118
1.000000 299 118
1.040000 299 118
1.080000 299 118
1.120000 299 118
1.160000 299 118
1.200000 299 118
1.240000 299 118
1.280000 299 118
1.320000 299 118
1.360000 299 118
1.400000 299 118
1.440000 299 118
1.480000 299 118
1.520000 299 118
1.560000 299 118
1.600000 299 118
1.640000 299 118
1.680000 299 118
1.720000 299 118
1.760000 299 118
1.800000 293 117
1.840000 288 118
1.880000 283 117
1.920000 278 117
1.960000 273 115
2.000000 272 116
2.040000 271 117
2.080000 267 117
2.120000 264 117
2.160000 262 116
2.200000 259 115
2.240000 257 115
2.280000 248 117
2.320000 245 117
2.360000 242 117
2.400000 239 116
2.440000 236 116
2.480000 233 116
2.520000 227 115
2.560000 224 115
2.600000 221 115
2.640000 219 115
2.680000 216 115
2.720000 207 117
2.760000 201 118
2.800000 196 118
2.840000 191 117
2.880000 188 117
2.920000 184 117
2.960000 180 114
3.000000 177 115
3.040000 174 115
3.080000 171 116
3.120000 169 116
3.160000 166 116
3.200000 160 117
3.240000 158 117
3.280000 156 117
3.320000 154 117
3.360000 139 117
3.400000 136 117
3.440000 134 117
3.480000 131 117
3.520000 129 117
3.560000 126 116
3.600000 124 116
3.640000 121 116
3.680000 119 116
3.720000 112 117
3.760000 108 118
3.800000 105 117
3.840000 101 116
3.880000 94 114
3.920000 93 114
3.960000 92 114
4.000000 91 114
4.040000 90 114
4.080000 89 114
4.120000 88 114
4.160000 87 114
4.200000 86 114
4.240000 85 114
4.280000 84 114
4.320000 81 111
4.360000 77 111
4.400000 74 109
4.440000 69 111
4.480000 64 111
4.520000 60 112
4.560000 55 110
4.600000 55 110
4.640000 55 110
4.680000 55 110
4.720000 55 110
4.760000 55 110
4.800000 55 110
4.840000 55 110
4.880000 55 110
4.920000 55 110
4.960000 55 110
5.000000 55 110
5.040000 55 110
5.080000 55 110
5.120000 55 110
5.160000 55 110
5.200000 55 110
5.240000 55 110
5.280000 55 110
5.320000 55 110
5.360000 55 110
5.400000 55 110
5.440000 55 110
5.480000 55 110
5.520000 55 110
5.560000 55 110
5.600000 55 110
5.640000 55 110
5.680000 55 110
5.720000 55 110
5.760000 55 110
