1.720000 303 61
1.760000 303 61
1.800000 303 61
1.840000 303 61
1.880000 303 61
1.920000 303 61
1.960000 303 61
2.000000 303 61
2.040000 303 61
2.080000 303 61
2.120000 302 62
2.160000 299 64
2.200000 297 67
2.240000 292 67
2.280000 283 67
2.320000 273 67
2.360000 262 65
2.400000 252 59
2.440000 241 57
2.480000 229 57
2.520000 220 58
2.560000 215 57
2.600000 214 57
2.640000 211 56
2.680000 210 56
2.720000 210 56
2.760000 210 56
2.800000 210 56
2.840000 210 57
2.880000 210 56
2.920000 211 56
2.960000 210 56
3.000000 210 56
3.040000 210 56
3.080000 210 57
3.120000 209 58
3.160000 205 61
3.200000 200 63
3.240000 194 63
3.280000 184 63
3.320000 169 61
3.360000 162 56
3.400000 147 56
3.440000 137 56
3.480000 127 56
3.520000 121 56
3.560000 120 56
3.600000 118 56
3.640000 118 56
3.680000 152 65
3.720000 118 56
3.760000 117 55
3.800000 118 56
3.840000 117 56
3.880000 118 56
3.920000 117 55
3.960000 117 56
4.000000 117 56
4.040000 116 56
4.080000 115 57
4.120000 111 60
4.160000 106 62
4.200000 97 63
4.240000 88 65
4.280000 75 57
4.320000 69 56
4.360000 58 56
4.400000 48 56
4.440000 39 58
4.480000 35 58
4.520000 34 57
4.560000 34 56
4.600000 34 56
4.640000 64 66
4.680000 34 56
4.720000 33 56
4.760000 34 56
4.800000 33 59
4.840000 33 58
4.880000 33 57
4.920000 34 56
4.960000 33 57
5.000000 33 58
5.040000 30 60
5.160000 15 66
