1.720000 309 88
1.760000 308 89
1.800000 304 87
1.840000 304 87
1.880000 303 87
1.920000 302 87
1.960000 300 87
2.000000 299 85
2.040000 298 85
2.080000 294 85
2.120000 291 86
2.160000 285 86
2.200000 278 85
2.240000 271 86
2.280000 262 87
2.320000 257 87
2.360000 251 87
2.400000 246 89
2.440000 241 87
2.480000 237 87
2.520000 234 87
2.560000 230 85
2.600000 225 87
2.640000 221 83
2.680000 216 85
2.720000 214 87
2.760000 211 84
2.800000 210 85
2.840000 205 87
2.880000 210 86
2.920000 208 85
2.960000 206 83
3.000000 205 82
3.040000 200 83
3.080000 196 83
3.120000 192 83
3.160000 184 82
3.200000 177 82
3.240000 168 82
3.280000 162 85
3.320000 154 87
3.360000 149 87
3.400000 143 87
3.440000 140 87
3.480000 138 84
3.520000 133 84
3.560000 129 82
3.600000 127 83
3.640000 122 83
3.680000 126 84
3.720000 117 84
3.760000 116 85
3.800000 111 87
3.840000 112 84
3.880000 112 83
3.920000 111 82
3.960000 109 82
4.000000 106 82
4.040000 101 82
4.080000 96 82
4.120000 90 82
4.160000 80 83
4.200000 73 83
4.240000 68 85
4.280000 62 87
4.320000 57 87
4.360000 53 87
4.400000 49 86
4.440000 48 85
4.480000 44 83
4.520000 42 83
4.560000 38 83
4.600000 34 85
4.640000 34 86
4.680000 30 84
4.720000 29 87
4.760000 26 87
4.800000 23 88
4.840000 24 87
4.880000 25 83
4.920000 23 83
4.960000 22 83
5.000000 18 83
5.040000 14 83
5.160000 2 82
