0.000000 305 130
0.040000 305 130
0.080000 305 130
0.120000 305 130
0.160000 305 130
0.200000 305 130
0.240000 305 130
0.280000 305 130
0.320000 305 130
0.360000 305 130
0.400000 305 130
0.440000 305 130
0.480000 305 130
0.520000 305 130
0.560000 305 130
0.600000 305 130
0.640000 305 130
0.680000 305 130
0.720000 305 130
0.760000 305 130
0.800000 305 130
0.840000 305 130
0.880000 305 130
0.920000 305 130
0.960000 305 130
1.000000 305 130
1.040000 305 130
1.080000 305 130
1.120000 305 130
1.160000 305 130
1.200000 305 130
1.240000 305 130
1.280000 305 130
1.320000 305 130
1.360000 305 130
1.400000 305 130
1.440000 305 130
1.480000 305 130
1.520000 305 130
1.560000 305 130
1.600000 305 130
1.640000 305 130
1.680000 305 130
1.720000 305 130
1.760000 305 130
1.800000 305 130
1.840000 305 130
1.880000 305 130
1.920000 305 130
1.960000 305 130
2.000000 305 130
2.040000 305 130
2.080000 299 130
2.120000 295 129
2.160000 292 129
2.200000 288 129
2.240000 284 129
2.280000 283 129
2.320000 278 130
2.360000 274 130
2.400000 270 130
2.440000 266 130
2.480000 263 130
2.520000 259 130
2.560000 255 130
2.600000 252 129
2.640000 248 129
2.680000 244 129
2.720000 240 129
2.760000 237 129
2.800000 233 129
2.840000 229 129
2.880000 222 131
2.920000 218 129
2.960000 210 130
3.000000 206 129
3.040000 201 129
3.080000 199 129
3.120000 196 129
3.160000 188 130
3.200000 186 130
3.240000 184 130
3.280000 182 130
3.320000 181 130
3.360000 179 130
3.400000 177 130
3.440000 174 130
3.480000 169 130
3.520000 164 131
3.560000 147 131
3.600000 143 131
3.640000 140 130
3.680000 136 130
3.720000 133 129
3.760000 129 129
3.800000 126 128
3.840000 121 129
3.880000 115 129
3.920000 110 129
3.960000 101 129
4.000000 98 130
4.040000 95 130
4.080000 92 130
4.120000 89 130
4.160000 86 130
4.200000 83 130
4.240000 80 130
4.280000 81 131
4.320000 77 131
4.360000 74 130
4.400000 69 130
4.440000 64 130
4.480000 47 130
4.520000 44 130
4.560000 42 130
4.600000 40 130
4.640000 38 130
4.680000 36 130
4.720000 29 128
4.760000 31 128
4.800000 20 126
4.840000 18 127
4.880000 16 127
4.920000 14 128
4.960000 13 128
5.000000 13 128
5.040000 13 128
5.080000 13 128
5.120000 13 128
5.160000 13 128
5.200000 13 128
5.240000 13 128
5.280000 13 128
5.320000 13 128
5.360000 13 128
5.400000 13 128
5.440000 13 128
