0.000000 316 91
0.040000 316 91
0.080000 316 91
0.120000 316 91
0.160000 316 91
0.200000 316 91
0.240000 316 91
0.280000 316 91
0.320000 316 91
0.360000 316 91
0.400000 316 91
0.440000 316 91
0.480000 316 91
0.520000 316 91
0.560000 316 91
0.600000 316 91
0.640000 316 91
0.680000 316 91
0.720000 316 91
0.760000 316 91
0.800000 316 91
0.840000 316 91
0.880000 316 91
0.920000 316 91
0.960000 316 91
1.000000 316 91
1.040000 316 91
1.080000 316 91
1.120000 316 91
1.160000 316 91
1.200000 316 91
1.240000 316 91
1.280000 316 91
1.320000 316 91
1.360000 316 91
1.400000 316 91
1.440000 316 91
1.480000 316 91
1.520000 316 91
1.560000 316 91
1.600000 316 91
1.640000 316 91
1.680000 316 91
1.720000 316 91
1.760000 316 91
1.800000 316 91
1.840000 316 91
1.880000 316 91
1.920000 316 91
1.960000 316 91
2.000000 316 91
2.040000 316 91
2.080000 312 91
2.120000 309 90
2.160000 304 91
2.200000 297 91
2.240000 290 89
2.280000 283 89
2.320000 274 91
2.360000 269 93
2.400000 262 94
2.440000 258 94
2.480000 255 92
2.520000 251 92
2.560000 247 91
2.600000 242 90
2.640000 258 87
2.680000 236 89
2.720000 235 90
2.760000 232 89
2.800000 231 90
2.840000 231 90
2.880000 229 92
2.920000 228 90
2.960000 226 89
3.000000 222 89
3.040000 218 87
3.080000 210 88
3.120000 201 87
3.160000 194 87
3.200000 184 89
3.240000 178 92
3.280000 188 90
3.320000 167 93
3.360000 163 91
3.400000 158 88
3.440000 153 88
3.480000 148 87
3.520000 144 88
3.560000 142 87
3.600000 139 87
3.640000 137 87
3.680000 133 90
3.720000 133 89
3.760000 133 88
3.800000 132 87
3.840000 131 87
3.880000 127 87
3.920000 121 87
3.960000 113 88
4.000000 105 87
4.040000 97 86
4.080000 90 87
4.120000 86 88
4.160000 75 91
4.200000 70 91
4.240000 66 91
4.280000 64 89
4.320000 59 87
4.360000 55 87
4.400000 51 87
4.440000 49 88
4.480000 49 87
4.520000 44 87
4.560000 42 87
4.600000 40 88
4.640000 40 89
4.680000 40 88
4.720000 39 87
4.760000 38 87
4.800000 34 87
4.840000 29 88
4.880000 23 88
4.920000 5 87
4.960000 4 88
5.000000 3 88
5.040000 2 89
5.080000 2 89
5.120000 2 89
5.160000 2 89
5.200000 2 89
5.240000 2 89
5.280000 2 89
5.320000 2 89
5.360000 2 89
5.400000 2 89
5.440000 2 89
