0.800000 297 59
0.840000 297 59
0.880000 296 59
0.920000 296 59
0.960000 298 61
1.000000 303 59
1.040000 294 59
1.080000 294 58
1.120000 295 58
1.160000 294 58
1.200000 294 58
1.240000 294 58
1.280000 293 58
1.320000 286 60
1.360000 275 60
1.400000 262 60
1.440000 251 64
1.480000 231 58
1.520000 216 58
1.560000 200 61
1.600000 188 65
1.640000 179 67
1.680000 174 66
1.720000 172 61
1.760000 171 57
1.800000 170 57
1.840000 170 57
1.880000 170 57
1.920000 170 56
1.960000 171 57
2.000000 173 56
2.040000 169 56
2.080000 169 56
2.120000 169 56
2.160000 169 56
2.200000 168 56
2.240000 168 56
2.280000 166 56
2.320000 159 59
2.360000 148 59
2.400000 133 58
2.440000 125 61
2.480000 105 59
2.520000 92 58
2.560000 78 61
2.600000 65 66
2.640000 58 67
2.680000 55 65
2.720000 54 61
2.760000 53 60
2.800000 51 59
2.840000 51 59
2.880000 51 59
2.920000 53 59
2.960000 53 58
3.000000 51 60
3.040000 51 59
3.080000 51 59
3.120000 51 59
3.160000 51 59
3.200000 50 57
3.240000 49 57
3.280000 49 59
3.320000 42 63
3.360000 32 64
3.480000 2 59
