0.000000 314 114
0.040000 314 114
0.080000 314 114
0.120000 314 114
0.160000 314 114
0.200000 314 114
0.240000 314 114
0.280000 314 114
0.320000 314 114
0.360000 314 114
0.400000 314 114
0.440000 314 114
0.480000 314 114
0.520000 314 114
0.560000 314 114
0.600000 314 114
0.640000 314 114
0.680000 314 114
0.720000 314 114
0.760000 314 114
0.800000 314 114
0.840000 314 114
0.880000 314 114
0.920000 314 114
0.960000 314 114
1.000000 314 114
1.040000 314 114
1.080000 314 114
1.120000 314 114
1.160000 314 114
1.200000 314 114
1.240000 309 117
1.280000 304 118
1.320000 300 118
1.360000 296 119
1.400000 293 119
1.440000 288 119
1.480000 284 119
1.520000 282 119
1.560000 278 118
1.600000 273 118
1.640000 268 117
1.680000 269 118
1.720000 259 117
1.760000 255 117
1.800000 251 118
1.840000 247 119
1.880000 242 119
1.920000 240 119
1.960000 236 119
2.000000 232 117
2.040000 227 117
2.080000 224 116
2.120000 218 115
2.160000 213 115
2.200000 209 115
2.240000 203 115
2.280000 199 117
2.320000 195 118
2.360000 190 118
2.400000 186 118
2.440000 182 117
2.480000 178 115
2.520000 173 114
2.560000 169 116
2.600000 162 115
2.640000 163 117
2.680000 153 117
2.720000 151 117
2.760000 147 117
2.800000 143 118
2.840000 138 116
2.880000 133 116
2.920000 132 114
2.960000 128 113
3.000000 123 113
3.040000 118 113
3.080000 111 113
3.120000 102 115
3.160000 99 115
3.200000 97 118
3.240000 95 118
3.280000 87 118
3.320000 84 115
3.360000 80 115
3.400000 75 114
3.440000 71 113
3.480000 65 113
3.520000 60 114
3.560000 58 117
3.600000 56 117
3.640000 55 118
3.680000 49 119
3.720000 45 118
3.760000 43 118
3.800000 38 117
3.840000 33 116
3.880000 29 115
3.920000 24 115
3.960000 19 115
4.000000 12 116
4.040000 12 118
4.080000 10 118
4.120000 8 118
4.160000 6 118
4.200000 5 118
4.240000 5 118
4.280000 5 118
4.320000 5 118
4.360000 5 118
4.400000 5 118
4.440000 5 118
4.480000 5 118
4.520000 5 118
4.560000 5 118
4.600000 5 118
4.640000 5 118
4.680000 5 118
4.720000 5 118
4.760000 5 118
4.800000 5 118
4.840000 5 118
4.880000 5 118
4.920000 5 118
