0.000000 292 61
0.040000 292 61
0.080000 292 61
0.120000 292 61
0.160000 292 61
0.200000 292 61
0.240000 292 61
0.280000 292 61
0.320000 292 61
0.360000 292 61
0.400000 292 61
0.440000 292 61
0.480000 292 61
0.520000 292 61
0.560000 292 61
0.600000 292 61
0.640000 292 61
0.680000 292 61
0.720000 292 61
0.760000 292 61
0.800000 292 61
0.840000 292 61
0.880000 292 61
0.920000 292 61
0.960000 292 61
1.000000 292 61
1.040000 292 61
1.080000 292 61
1.120000 292 61
1.160000 292 61
1.200000 292 61
1.240000 292 61
1.280000 320 56
1.320000 320 58
1.360000 320 66
1.400000 320 67
1.440000 314 70
1.480000 304 67
1.520000 292 60
1.560000 279 60
1.600000 266 56
1.640000 253 56
1.680000 246 55
1.720000 242 54
1.760000 242 52
1.800000 242 54
1.840000 243 53
1.880000 243 54
1.920000 242 55
1.960000 245 56
2.000000 243 54
2.040000 243 54
2.080000 242 54
2.120000 242 56
2.160000 242 56
2.200000 241 58
2.240000 237 61
2.280000 232 66
2.320000 223 66
2.360000 212 65
2.400000 199 61
2.440000 186 56
2.480000 173 56
2.520000 157 51
2.560000 143 52
2.600000 136 52
2.640000 134 51
2.680000 133 50
2.720000 133 51
2.760000 133 51
2.800000 134 51
2.840000 134 52
2.880000 135 53
2.920000 134 52
2.960000 134 52
3.000000 135 52
3.040000 134 53
3.080000 133 55
3.120000 131 56
3.160000 126 61
3.200000 119 65
3.240000 109 65
3.280000 97 61
3.320000 85 56
3.360000 75 56
3.400000 62 52
3.440000 49 55
3.480000 39 56
3.520000 35 56
3.560000 34 56
3.600000 34 55
3.640000 34 55
3.680000 34 55
3.720000 34 56
3.760000 34 56
3.800000 34 56
3.840000 34 56
3.880000 34 56
3.920000 34 56
3.960000 34 56
4.000000 33 58
4.040000 29 61
4.080000 29 61
4.120000 29 61
4.160000 29 61
4.200000 29 61
4.240000 29 61
4.280000 29 61
4.320000 29 61
4.360000 29 61
