0.000000 320 109
0.040000 320 109
0.080000 320 109
0.120000 320 109
0.160000 320 109
0.200000 320 109
0.240000 320 109
0.280000 320 109
0.320000 320 109
0.360000 320 109
0.400000 320 109
0.440000 320 109
0.480000 320 109
0.520000 320 109
0.560000 320 109
0.600000 320 109
0.640000 320 109
0.680000 320 109
0.720000 320 109
0.760000 320 109
0.800000 320 109
0.840000 320 109
0.880000 320 109
0.920000 320 109
0.960000 320 109
1.000000 320 109
1.040000 320 109
1.080000 320 109
1.120000 320 109
1.160000 320 109
1.200000 320 109
1.240000 320 109
1.280000 320 109
1.320000 320 109
1.360000 320 109
1.400000 320 109
1.440000 320 109
1.480000 320 109
1.520000 320 109
1.560000 320 109
1.600000 320 109
1.640000 320 109
1.680000 320 109
1.720000 320 109
1.760000 320 109
1.800000 320 109
1.840000 320 109
1.880000 320 109
1.920000 320 109
1.960000 320 109
2.000000 320 109
2.040000 320 109
2.080000 320 109
2.120000 320 109
2.160000 320 109
2.200000 320 109
2.240000 320 109
2.280000 320 109
2.320000 320 109
2.360000 320 109
2.400000 318 110
2.440000 317 111
2.480000 315 112
2.520000 309 110
2.560000 304 109
2.600000 302 110
2.640000 298 111
2.680000 294 111
2.720000 289 112
2.760000 287 113
2.800000 283 112
2.840000 278 113
2.880000 277 113
2.920000 273 111
2.960000 270 111
3.000000 267 109
3.040000 261 108
3.080000 257 108
3.120000 248 111
3.160000 245 111
3.200000 242 110
3.240000 238 112
3.280000 234 111
3.320000 229 112
3.360000 225 113
3.400000 221 109
3.440000 218 108
3.480000 215 108
3.520000 210 108
3.560000 205 107
3.600000 200 108
3.640000 195 109
3.680000 190 108
3.720000 185 108
3.760000 184 109
3.800000 179 112
3.840000 176 112
3.880000 171 111
3.920000 170 109
3.960000 165 108
4.000000 162 107
4.040000 158 107
4.080000 153 108
4.120000 147 108
4.160000 142 108
4.200000 136 109
4.240000 132 110
4.280000 127 111
4.320000 123 111
4.360000 118 108
4.400000 116 108
4.440000 111 107
4.480000 107 106
4.520000 101 105
4.560000 95 105
4.600000 90 106
4.640000 86 106
4.680000 84 108
4.720000 80 110
4.760000 75 110
4.800000 73 109
4.840000 70 109
4.880000 67 108
4.920000 64 108
4.960000 59 107
5.000000 55 108
5.040000 49 108
5.080000 45 108
5.120000 41 109
5.160000 38 109
5.200000 34 109
5.240000 31 109
5.280000 28 109
5.320000 23 108
5.360000 21 108
5.400000 18 108
5.440000 15 107
5.480000 12 107
5.520000 7 106
5.560000 1 107
5.600000 2 108
5.640000 2 108
5.680000 2 108
