2.680000 287 59
2.720000 284 56
2.760000 285 56
2.800000 285 56
2.840000 286 56
2.880000 288 56
2.920000 288 58
2.960000 288 57
3.000000 288 57
3.040000 259 58
3.080000 287 56
3.120000 288 57
3.160000 288 59
3.200000 237 55
3.240000 236 54
3.280000 279 67
3.320000 273 69
3.360000 264 67
3.400000 253 66
3.440000 240 56
3.480000 231 56
3.520000 215 55
3.560000 201 54
3.600000 194 54
3.640000 191 52
3.680000 190 51
3.720000 190 51
3.760000 190 51
3.800000 190 52
3.840000 190 52
3.880000 191 53
3.920000 190 55
3.960000 175 60
4.000000 164 56
4.040000 152 56
4.080000 190 54
4.120000 142 54
4.160000 139 52
4.200000 139 52
4.240000 140 52
4.280000 173 67
4.320000 164 66
4.360000 153 66
4.400000 140 55
4.440000 127 55
4.480000 112 52
4.520000 101 52
4.560000 92 52
4.600000 90 51
4.640000 90 51
4.680000 90 51
4.720000 90 51
4.760000 90 51
4.800000 90 52
4.840000 91 54
4.880000 91 54
4.920000 90 52
4.960000 90 52
5.000000 90 51
5.040000 90 52
5.080000 45 56
5.120000 88 56
5.160000 44 56
5.200000 77 67
5.240000 70 66
5.280000 60 66
5.320000 50 62
5.360000 44 56
5.400000 28 56
5.440000 17 56
5.480000 8 56
5.520000 1 56
5.560000 2 56
5.600000 2 55
5.680000 34 68
5.720000 27 69
5.760000 18 67
