2.680000 314 111
2.720000 320 115
2.760000 320 115
2.800000 314 113
2.840000 309 114
2.880000 303 114
2.920000 294 119
2.960000 284 115
3.000000 277 117
3.040000 268 119
3.080000 258 119
3.120000 252 119
3.160000 247 120
3.200000 242 120
3.240000 241 120
3.280000 239 119
3.320000 239 118
3.360000 240 118
3.400000 240 117
3.440000 241 117
3.480000 241 115
3.520000 242 115
3.560000 242 114
3.600000 241 113
3.640000 236 114
3.680000 233 114
3.720000 227 115
3.760000 220 115
3.800000 212 113
3.840000 204 113
3.880000 194 113
3.920000 184 114
3.960000 174 113
4.000000 164 117
4.040000 155 118
4.080000 147 118
4.120000 141 119
4.160000 136 119
4.200000 132 119
4.240000 130 118
4.280000 129 118
4.320000 128 117
4.360000 131 116
4.400000 132 115
4.440000 131 115
4.480000 132 113
4.520000 132 113
4.560000 130 113
4.600000 127 113
4.640000 123 113
4.680000 118 113
4.720000 112 113
4.760000 102 113
4.800000 95 113
4.840000 86 113
4.880000 79 112
4.920000 68 113
4.960000 60 117
5.000000 51 114
5.040000 45 116
5.080000 40 118
5.120000 36 118
5.160000 34 118
5.200000 32 117
5.240000 29 115
5.280000 29 116
5.320000 29 113
5.360000 29 113
5.400000 29 115
5.440000 29 113
5.480000 29 113
5.520000 27 113
5.560000 23 113
5.600000 19 110
5.640000 16 110
