2.560000 309 66
2.600000 298 62
2.720000 320 65
2.760000 320 66
2.800000 315 69
2.840000 309 72
2.880000 302 72
2.920000 291 71
2.960000 283 65
3.000000 269 65
3.040000 284 61
3.080000 247 61
3.120000 241 61
3.160000 238 61
3.200000 283 61
3.240000 279 65
3.280000 236 58
3.320000 236 58
3.360000 236 57
3.400000 236 60
3.440000 239 61
3.480000 236 61
3.520000 236 60
3.560000 236 60
3.600000 236 60
3.640000 235 60
3.680000 234 61
3.720000 231 63
3.760000 225 66
3.800000 216 68
3.840000 208 67
3.880000 197 67
3.920000 189 58
3.960000 188 57
4.000000 188 56
4.040000 188 56
4.080000 142 59
4.120000 187 57
4.160000 184 58
4.200000 182 61
4.240000 175 65
4.280000 137 56
4.320000 137 56
4.360000 137 58
4.400000 140 61
4.440000 138 58
4.480000 138 57
4.520000 138 57
4.560000 138 58
4.600000 137 58
4.640000 136 59
4.680000 132 62
4.720000 125 66
4.760000 116 66
4.800000 106 66
4.840000 93 65
4.880000 85 61
4.920000 70 61
4.960000 60 61
5.000000 53 61
5.040000 47 61
5.080000 85 56
5.120000 44 59
5.160000 80 61
5.200000 43 59
5.240000 43 60
5.280000 42 61
5.320000 43 61
5.360000 43 61
5.400000 44 61
5.440000 44 61
5.480000 43 61
5.520000 43 61
5.560000 42 61
5.600000 40 62
5.640000 38 65
5.720000 23 69
5.760000 13 68
