1.600000 320 117
1.640000 316 117
1.680000 314 113
1.720000 310 113
1.760000 306 113
1.800000 302 113
1.840000 292 113
1.880000 288 113
1.920000 285 113
1.960000 279 113
2.000000 275 114
2.040000 271 115
2.080000 267 115
2.120000 262 113
2.160000 260 113
2.200000 257 113
2.240000 252 113
2.280000 247 112
2.320000 242 111
2.360000 236 111
2.400000 231 113
2.440000 226 113
2.480000 221 113
2.520000 216 112
2.560000 212 113
2.600000 210 113
2.640000 206 113
2.680000 199 113
2.720000 198 113
2.760000 192 112
2.800000 189 111
2.840000 184 111
2.880000 174 111
2.920000 169 112
2.960000 164 113
3.000000 159 113
3.040000 153 113
3.080000 148 114
3.120000 142 113
3.160000 138 113
3.200000 134 112
3.240000 131 109
3.280000 125 108
3.320000 118 107
3.360000 112 108
3.400000 106 108
3.440000 101 108
3.480000 97 113
3.520000 96 113
3.560000 90 113
3.600000 86 113
3.640000 80 113
3.680000 81 113
3.720000 75 109
3.760000 71 109
3.800000 61 108
3.840000 55 109
3.880000 50 111
3.920000 44 112
3.960000 40 111
4.000000 36 112
4.040000 32 113
4.080000 28 113
4.120000 24 112
4.160000 19 112
4.200000 17 110
4.240000 13 109
4.280000 8 108
4.320000 2 108
4.400000 2 113
