1.600000 298 63
1.640000 283 65
1.680000 273 66
1.720000 264 69
1.760000 258 70
1.800000 257 67
1.840000 305 58
1.880000 304 57
1.920000 251 59
1.960000 253 59
2.000000 253 59
2.040000 273 58
2.080000 255 59
2.120000 257 56
2.160000 253 58
2.200000 253 59
2.240000 253 58
2.280000 253 57
2.320000 253 57
2.360000 252 56
2.400000 251 56
2.440000 246 58
2.480000 235 58
2.520000 221 58
2.560000 200 56
2.600000 192 58
2.640000 177 61
2.680000 199 52
2.720000 154 66
2.760000 148 67
2.800000 143 63
2.840000 141 60
2.880000 198 50
2.920000 138 56
2.960000 138 55
3.000000 138 55
3.040000 139 56
3.080000 142 56
3.120000 147 56
3.160000 138 54
3.200000 138 55
3.240000 139 55
3.280000 138 55
3.320000 138 54
3.360000 138 53
3.400000 138 52
3.440000 131 54
3.480000 121 55
3.520000 105 53
3.560000 86 58
3.600000 79 58
3.640000 82 52
3.680000 51 61
3.720000 44 65
3.760000 36 67
3.800000 32 61
3.840000 29 57
3.880000 28 56
3.920000 28 56
3.960000 59 51
4.000000 28 56
4.040000 28 57
4.080000 34 56
4.120000 29 56
4.160000 28 56
4.200000 28 56
4.240000 28 56
4.280000 28 56
4.320000 28 55
4.360000 28 55
4.400000 25 56
