1.320000 320 155
1.360000 313 157
1.400000 314 155
1.440000 312 155
1.480000 308 154
1.520000 304 153
1.560000 299 152
1.600000 294 152
1.640000 290 150
1.680000 286 150
1.720000 280 152
1.760000 275 154
1.800000 270 155
1.840000 266 156
1.880000 261 158
1.920000 257 156
1.960000 251 155
2.000000 245 154
2.040000 240 154
2.080000 235 154
2.120000 229 154
2.160000 223 154
2.200000 218 154
2.240000 212 155
2.280000 208 155
2.320000 204 156
2.360000 199 157
2.400000 195 156
2.440000 189 156
2.480000 184 155
2.520000 179 154
2.560000 174 154
2.600000 168 152
2.640000 162 152
2.680000 156 151
2.720000 151 153
2.760000 147 154
2.800000 142 154
2.840000 136 155
2.880000 131 156
2.920000 125 158
2.960000 120 157
3.000000 114 156
3.040000 109 155
3.080000 104 154
3.120000 99 154
3.160000 94 154
3.200000 88 153
3.240000 82 153
3.280000 78 154
3.320000 74 155
3.360000 70 155
3.400000 67 156
3.440000 63 155
3.480000 59 154
3.520000 55 154
3.560000 50 154
3.600000 45 152
3.640000 40 150
3.680000 35 150
3.720000 31 150
3.760000 26 150
3.800000 23 151
3.840000 18 154
3.880000 13 154
3.920000 9 154
3.960000 6 155
4.000000 2 152
4.040000 2 150
4.080000 1 149
4.120000 2 148
