0.000000 272 68
0.040000 272 68
0.080000 272 68
0.120000 272 68
0.160000 272 68
0.200000 272 68
0.240000 272 68
0.280000 272 68
0.320000 272 68
0.360000 272 68
0.400000 272 68
0.440000 272 68
0.480000 272 68
0.520000 272 68
0.560000 272 68
0.600000 272 68
0.640000 272 68
0.680000 272 68
0.720000 272 68
0.760000 272 68
0.800000 272 68
0.840000 272 68
0.880000 272 68
0.920000 272 68
0.960000 272 68
1.000000 272 68
1.040000 272 68
1.080000 272 68
1.120000 272 68
1.160000 272 68
1.200000 272 68
1.240000 272 68
1.280000 272 68
1.320000 272 68
1.360000 272 68
1.400000 272 68
1.440000 272 68
1.480000 272 68
1.520000 272 68
1.560000 272 68
1.600000 272 68
1.640000 272 68
1.680000 272 68
1.720000 272 68
1.760000 272 68
1.800000 271 65
1.840000 269 61
1.880000 269 61
1.920000 270 61
1.960000 270 61
2.000000 269 61
2.040000 268 61
2.080000 271 61
2.120000 273 61
2.160000 268 61
2.200000 268 61
2.240000 268 61
2.280000 268 61
2.320000 268 61
2.360000 268 59
2.400000 263 61
2.440000 257 61
2.480000 245 61
2.520000 239 65
2.560000 220 61
2.600000 207 58
2.640000 190 61
2.680000 178 63
2.720000 170 66
2.760000 167 63
2.800000 164 61
2.840000 163 58
2.880000 162 57
2.920000 163 58
2.960000 162 58
3.000000 163 58
3.040000 164 61
3.080000 168 58
3.120000 163 58
3.160000 163 58
3.200000 163 58
3.240000 162 58
3.280000 162 57
3.320000 162 57
3.360000 159 56
3.400000 153 59
3.440000 140 60
3.480000 129 59
3.520000 112 64
3.560000 101 57
3.600000 90 58
3.640000 75 62
3.680000 65 65
3.720000 60 65
3.760000 59 61
3.800000 57 59
3.840000 57 57
3.880000 57 57
3.920000 56 57
3.960000 58 57
4.000000 57 57
4.040000 54 56
4.080000 58 58
4.120000 57 57
4.160000 58 58
4.200000 57 58
4.240000 55 57
4.280000 55 57
4.320000 55 57
4.360000 54 57
4.400000 45 59
4.440000 34 59
4.480000 24 61
4.520000 6 56
4.560000 6 56
4.600000 6 56
4.640000 6 55
4.680000 6 55
4.720000 6 54
4.760000 6 54
4.800000 6 54
4.840000 6 54
4.880000 6 54
4.920000 6 54
4.960000 6 54
5.000000 6 54
5.040000 6 54
5.080000 6 54
5.120000 6 54
5.160000 6 54
5.200000 6 54
5.240000 6 54
5.280000 6 54
5.320000 6 54
5.360000 6 54
