0.000000 316 144
0.040000 316 144
0.080000 316 144
0.120000 316 144
0.160000 316 144
0.200000 316 144
0.240000 316 144
0.280000 316 144
0.320000 316 144
0.360000 316 144
0.400000 316 144
0.440000 316 144
0.480000 316 144
0.520000 316 144
0.560000 316 144
0.600000 316 144
0.640000 316 144
0.680000 316 144
0.720000 316 144
0.760000 316 144
0.800000 316 144
0.840000 316 144
0.880000 316 144
0.920000 316 144
0.960000 316 144
1.000000 316 144
1.040000 316 144
1.080000 316 144
1.120000 316 144
1.160000 316 144
1.200000 316 144
1.240000 316 144
1.280000 316 144
1.320000 316 144
1.360000 316 144
1.400000 316 144
1.440000 316 144
1.480000 316 144
1.520000 316 144
1.560000 316 144
1.600000 316 144
1.640000 316 144
1.680000 316 144
1.720000 316 144
1.760000 309 139
1.800000 305 140
1.840000 302 140
1.880000 298 140
1.920000 295 140
1.960000 291 141
2.000000 288 141
2.040000 284 141
2.080000 276 143
2.120000 271 144
2.160000 263 144
2.200000 258 145
2.240000 253 145
2.280000 249 145
2.320000 245 145
2.360000 240 145
2.400000 236 145
2.440000 235 145
2.480000 231 145
2.520000 225 141
2.560000 222 141
2.600000 220 141
2.640000 218 141
2.680000 210 141
2.720000 220 143
2.760000 216 144
2.800000 211 145
2.840000 200 144
2.880000 195 145
2.920000 190 145
2.960000 181 145
3.000000 176 145
3.040000 172 144
3.080000 167 143
3.120000 158 144
3.160000 152 144
3.200000 146 145
3.240000 140 144
3.280000 137 144
3.320000 132 144
3.360000 127 143
3.400000 125 143
3.440000 122 143
3.480000 118 144
3.520000 112 143
3.560000 107 141
3.600000 103 141
3.640000 112 144
3.680000 111 145
3.720000 108 145
3.760000 105 145
3.800000 100 145
3.840000 95 143
3.880000 84 143
3.920000 79 143
3.960000 74 142
4.000000 69 142
4.040000 64 141
4.080000 59 141
4.120000 54 140
4.160000 44 141
4.200000 41 141
4.240000 38 142
4.280000 33 141
4.320000 27 139
4.360000 26 140
4.400000 25 141
4.440000 24 141
4.480000 23 142
4.520000 22 143
4.560000 18 142
4.600000 18 143
4.640000 14 143
4.680000 14 143
4.720000 14 143
4.760000 14 143
4.800000 14 143
4.840000 14 143
4.880000 14 143
4.920000 14 143
4.960000 14 143
5.000000 14 143
5.040000 14 143
5.080000 14 143
5.120000 14 143
5.160000 14 143
5.200000 14 143
5.240000 14 143
5.280000 14 143
5.320000 14 143
5.360000 14 143
