0.000000 306 126
0.040000 306 126
0.080000 306 126
0.120000 306 126
0.160000 306 126
0.200000 306 126
0.240000 306 126
0.280000 306 126
0.320000 306 126
0.360000 306 126
0.400000 306 126
0.440000 306 126
0.480000 306 126
0.520000 306 126
0.560000 306 126
0.600000 306 126
0.640000 306 126
0.680000 306 126
0.720000 306 126
0.760000 306 126
0.800000 306 126
0.840000 306 126
0.880000 306 126
0.920000 306 126
0.960000 306 126
1.000000 306 126
1.040000 306 126
1.080000 306 126
1.120000 306 126
1.160000 306 126
1.200000 306 126
1.240000 306 126
1.280000 306 126
1.320000 306 126
1.360000 306 126
1.400000 306 126
1.440000 306 126
1.480000 306 126
1.520000 306 126
1.560000 306 126
1.600000 306 126
1.640000 306 126
1.680000 306 126
1.720000 306 126
1.760000 301 124
1.800000 298 125
1.840000 295 125
1.880000 292 125
1.920000 289 125
1.960000 286 126
2.000000 283 126
2.040000 280 126
2.080000 269 128
2.120000 262 130
2.160000 253 130
2.200000 247 133
2.240000 241 134
2.280000 236 134
2.320000 231 135
2.360000 227 134
2.400000 225 134
2.440000 225 133
2.480000 222 130
2.520000 221 125
2.560000 218 125
2.600000 215 125
2.640000 212 125
2.680000 205 127
2.720000 225 126
2.760000 221 127
2.800000 216 126
2.840000 205 125
2.880000 198 126
2.920000 191 126
2.960000 184 127
3.000000 177 127
3.040000 170 128
3.080000 163 128
3.120000 148 129
3.160000 138 130
3.200000 132 133
3.240000 126 134
3.280000 122 135
3.320000 117 134
3.360000 113 134
3.400000 112 133
3.440000 112 131
3.480000 112 129
3.520000 107 127
3.560000 101 128
3.600000 95 128
3.640000 116 126
3.680000 116 128
3.720000 112 128
3.760000 110 127
3.800000 106 126
3.840000 100 124
3.880000 85 123
3.920000 78 124
3.960000 72 125
4.000000 65 126
4.040000 59 126
4.080000 52 127
4.120000 46 128
4.160000 39 129
4.200000 29 132
4.240000 27 134
4.280000 21 134
4.320000 14 132
4.360000 14 131
4.400000 15 130
4.440000 16 129
4.480000 16 128
4.520000 17 127
4.560000 18 126
4.600000 19 124
4.640000 19 125
4.680000 19 125
4.720000 19 125
4.760000 19 125
4.800000 19 125
4.840000 19 125
4.880000 19 125
4.920000 19 125
4.960000 19 125
5.000000 19 125
5.040000 19 125
5.080000 19 125
5.120000 19 125
5.160000 19 125
5.200000 19 125
5.240000 19 125
5.280000 19 125
5.320000 19 125
5.360000 19 125
