4.400000 305 118
4.440000 300 119
4.480000 296 119
4.520000 292 118
4.560000 288 118
4.600000 285 118
4.640000 281 119
4.680000 277 118
4.720000 273 117
4.760000 269 117
4.800000 265 116
4.840000 260 115
4.880000 254 115
4.920000 249 116
4.960000 243 117
5.000000 238 118
5.040000 234 118
5.080000 229 117
5.120000 225 118
5.160000 221 118
5.200000 216 117
5.240000 212 116
5.280000 207 114
5.320000 201 113
5.360000 195 113
5.400000 190 114
5.440000 184 116
5.480000 179 117
5.520000 173 117
5.560000 170 117
