4.400000 291 136
4.440000 288 136
4.480000 285 136
4.520000 282 136
4.560000 280 137
4.600000 278 137
4.640000 276 137
4.680000 272 137
4.720000 267 136
4.760000 262 135
4.800000 258 135
4.840000 252 135
4.880000 247 134
4.920000 241 135
4.960000 236 136
5.000000 233 136
5.040000 230 136
5.080000 226 137
5.120000 218 138
5.160000 211 138
5.200000 205 137
5.240000 200 137
5.280000 195 137
5.320000 190 137
5.360000 184 136
5.400000 180 136
5.440000 176 137
5.480000 174 137
5.520000 171 138
5.560000 169 138
