0.000000 316 135
0.040000 316 135
0.080000 316 135
0.120000 316 135
0.160000 316 135
0.200000 316 135
0.240000 316 135
0.280000 316 135
0.320000 316 135
0.360000 316 135
0.400000 316 135
0.440000 316 135
0.480000 316 135
0.520000 316 135
0.560000 316 135
0.600000 316 135
0.640000 316 135
0.680000 316 135
0.720000 316 135
0.760000 316 135
0.800000 316 135
0.840000 316 135
0.880000 316 135
0.920000 316 135
0.960000 316 135
1.000000 316 135
1.040000 316 135
1.080000 316 135
1.120000 316 135
1.160000 316 135
1.200000 316 135
1.240000 316 135
1.280000 316 135
1.320000 316 135
1.360000 316 135
1.400000 316 135
1.440000 316 135
1.480000 316 135
1.520000 316 135
1.560000 316 135
1.600000 316 135
1.640000 308 134
1.680000 304 134
1.720000 301 133
1.760000 297 132
1.800000 288 133
1.840000 284 134
1.880000 281 134
1.920000 278 134
1.960000 275 134
2.000000 271 134
2.040000 268 134
2.080000 265 134
2.120000 257 134
2.160000 251 134
2.200000 245 134
2.240000 240 132
2.280000 235 132
2.320000 231 132
2.360000 226 132
2.400000 221 133
2.440000 220 133
2.480000 211 131
2.520000 207 131
2.560000 204 131
2.600000 201 130
2.640000 198 130
2.680000 195 129
2.720000 192 129
2.760000 183 127
2.800000 179 127
2.840000 173 127
2.880000 163 129
2.920000 160 130
2.960000 157 130
3.000000 154 130
3.040000 151 130
3.080000 148 130
3.120000 145 130
3.160000 142 130
3.200000 132 130
3.240000 127 129
3.280000 121 128
3.320000 116 128
3.360000 108 124
3.400000 107 126
3.440000 105 128
3.480000 100 129
3.520000 95 129
3.560000 90 129
3.600000 85 130
3.640000 80 130
3.680000 75 130
3.720000 66 128
3.760000 61 128
3.800000 53 127
3.840000 64 130
3.880000 55 129
3.920000 50 129
3.960000 46 129
4.000000 42 129
4.040000 38 129
4.080000 34 129
4.120000 30 129
4.160000 25 129
4.200000 21 129
4.240000 17 129
4.280000 13 129
4.320000 9 129
4.360000 5 129
4.400000 1 128
4.440000 1 128
4.480000 1 128
4.520000 1 128
4.560000 1 128
4.600000 1 128
4.640000 1 128
4.680000 1 128
