1.240000 310 139
1.280000 305 139
1.320000 301 140
1.360000 297 139
1.400000 293 139
1.440000 288 139
1.480000 285 139
1.520000 282 139
1.560000 277 137
1.600000 273 137
1.640000 272 138
1.840000 257 137
1.880000 251 137
1.920000 246 137
2.000000 238 137
2.040000 233 136
2.080000 226 135
2.280000 206 135
2.320000 201 139
2.360000 195 139
2.400000 190 138
2.440000 185 139
2.480000 181 139
2.520000 177 139
2.560000 173 137
2.600000 168 136
2.640000 164 135
2.680000 160 134
2.920000 132 137
2.960000 147 139
3.000000 143 139
3.040000 138 139
3.080000 136 137
3.120000 131 136
3.160000 126 134
3.200000 121 134
3.240000 115 134
3.440000 95 135
3.480000 81 133
3.520000 75 134
3.560000 70 133
3.600000 68 133
3.640000 65 132
3.680000 60 132
3.720000 59 132
3.760000 58 134
3.960000 48 135
4.000000 45 135
4.040000 43 137
4.080000 40 134
4.120000 38 134
4.160000 34 133
4.200000 32 133
4.240000 28 132
4.280000 23 132
4.320000 19 132
4.360000 17 132
4.440000 8 134
