4.280000 320 66
4.320000 320 62
4.360000 320 63
4.400000 320 63
4.440000 320 66
4.480000 320 70
4.520000 310 76
4.560000 302 78
4.600000 292 79
4.640000 281 76
4.680000 270 71
4.720000 255 66
4.760000 240 61
4.800000 225 58
4.840000 210 57
4.880000 205 56
4.920000 204 55
4.960000 203 55
5.000000 202 55
5.040000 202 55
5.080000 202 56
5.120000 201 56
5.160000 205 56
5.200000 200 56
5.240000 201 56
5.280000 201 57
5.320000 201 58
5.360000 199 61
5.400000 196 65
5.440000 190 70
5.480000 181 74
5.520000 171 76
5.560000 158 76
5.600000 147 72
5.640000 134 70
5.680000 117 63
5.720000 105 61
5.760000 132 56
5.800000 75 58
5.840000 69 56
5.880000 67 56
5.920000 66 56
5.960000 66 56
6.000000 66 56
6.040000 66 56
6.080000 66 56
6.120000 66 56
6.160000 65 56
6.200000 65 56
6.240000 65 56
6.280000 65 58
6.320000 64 61
6.360000 60 65
6.400000 53 70
6.440000 44 76
6.480000 34 77
6.520000 25 77
