0.000000 320 133
0.040000 320 133
0.080000 320 133
0.120000 320 133
0.160000 320 133
0.200000 320 133
0.240000 320 133
0.280000 320 133
0.320000 320 133
0.360000 320 133
0.400000 320 133
0.440000 320 133
0.480000 320 133
0.520000 320 133
0.560000 320 133
0.600000 320 133
0.640000 320 133
0.680000 320 133
0.720000 320 133
0.760000 320 133
0.800000 320 133
0.840000 320 133
0.880000 320 133
0.920000 320 133
0.960000 320 133
1.000000 320 133
1.040000 320 133
1.080000 320 133
1.120000 320 133
1.160000 320 133
1.200000 320 133
1.240000 320 133
1.280000 320 133
1.320000 320 133
1.360000 320 133
1.400000 320 133
1.440000 320 133
1.480000 320 133
1.520000 320 133
1.560000 320 133
1.600000 320 133
1.640000 320 133
1.680000 320 133
1.720000 320 133
1.760000 320 133
1.800000 320 133
1.840000 320 133
1.880000 320 133
1.920000 320 133
1.960000 320 133
2.000000 320 133
2.040000 320 133
2.080000 320 133
2.120000 320 133
2.160000 320 133
2.200000 320 133
2.240000 320 133
2.280000 320 133
2.320000 320 134
2.360000 315 133
2.400000 310 129
2.440000 306 129
2.480000 301 129
2.520000 297 128
2.560000 293 129
2.600000 288 129
2.640000 285 129
2.680000 283 130
2.720000 278 130
2.760000 277 130
2.800000 273 132
2.840000 272 129
2.880000 268 129
2.920000 262 129
2.960000 258 129
3.000000 253 128
3.040000 247 128
3.080000 242 128
3.120000 236 128
3.160000 228 129
3.200000 222 130
3.240000 216 129
3.280000 210 129
3.320000 203 130
3.360000 195 128
3.400000 189 128
3.440000 184 128
3.480000 179 128
3.520000 173 128
3.560000 169 128
3.600000 167 129
3.640000 166 132
3.680000 163 130
3.720000 158 132
3.760000 155 132
3.800000 153 130
3.840000 148 129
3.880000 143 128
3.920000 138 129
3.960000 132 128
4.000000 127 126
4.040000 120 128
4.080000 116 128
4.120000 110 128
4.160000 100 128
4.200000 94 129
4.240000 86 129
4.280000 81 131
4.320000 75 130
4.360000 70 130
4.400000 65 129
4.440000 60 129
4.480000 57 129
4.520000 53 129
4.560000 49 129
4.600000 47 129
4.640000 44 129
4.680000 43 133
4.720000 39 130
4.760000 35 129
4.800000 34 128
4.840000 29 126
4.880000 24 126
4.920000 20 127
4.960000 8 125
5.000000 6 126
5.040000 5 127
5.080000 3 128
5.120000 2 128
5.160000 2 128
5.200000 2 128
5.240000 2 128
5.280000 2 128
5.320000 2 128
5.360000 2 128
5.400000 2 128
5.440000 2 128
