0.000000 314 123
0.040000 314 123
0.080000 314 123
0.120000 314 123
0.160000 314 123
0.200000 314 123
0.240000 314 123
0.280000 314 123
0.320000 314 123
0.360000 314 123
0.400000 314 123
0.440000 314 123
0.480000 314 123
0.520000 314 123
0.560000 314 123
0.600000 314 123
0.640000 314 123
0.680000 314 123
0.720000 314 123
0.760000 314 123
0.800000 314 123
0.840000 314 123
0.880000 314 123
0.920000 314 123
0.960000 314 123
1.000000 314 123
1.040000 314 123
1.080000 314 123
1.120000 314 123
1.160000 314 123
1.200000 314 123
1.240000 314 123
1.280000 314 123
1.320000 314 123
1.360000 314 123
1.400000 314 123
1.440000 314 123
1.480000 314 123
1.520000 314 123
1.560000 314 123
1.600000 314 123
1.640000 314 123
1.680000 314 123
1.720000 314 123
1.760000 314 123
1.800000 314 123
1.840000 314 123
1.880000 314 123
1.920000 314 123
1.960000 314 123
2.000000 314 123
2.040000 314 123
2.080000 314 123
2.120000 314 123
2.160000 314 123
2.200000 314 123
2.240000 314 123
2.280000 314 123
2.320000 310 119
2.360000 308 117
2.400000 305 115
2.440000 300 115
2.480000 295 115
2.520000 291 115
2.560000 286 115
2.600000 281 115
2.640000 277 117
2.680000 273 118
2.720000 268 118
2.760000 265 119
2.800000 262 118
2.840000 258 118
2.880000 254 118
2.920000 248 116
2.960000 244 116
3.000000 238 115
3.040000 232 117
3.080000 228 118
3.120000 222 117
3.160000 218 117
3.200000 215 117
3.240000 210 115
3.280000 205 115
3.320000 201 115
3.360000 197 114
3.400000 194 115
3.440000 186 115
3.480000 181 113
3.520000 175 114
3.560000 170 114
3.600000 168 117
3.640000 164 118
3.680000 158 116
3.720000 153 117
3.760000 149 118
3.800000 144 117
3.840000 140 117
3.880000 136 114
3.920000 130 115
3.960000 123 116
4.000000 117 115
4.040000 112 113
4.080000 107 114
4.120000 106 117
4.160000 101 117
4.200000 95 117
4.240000 92 117
4.280000 90 117
4.320000 85 115
4.360000 80 114
4.400000 75 114
4.440000 70 115
4.480000 65 116
4.520000 60 116
4.560000 59 118
4.600000 55 118
4.640000 51 119
4.680000 47 119
4.720000 43 118
4.760000 38 118
4.800000 33 115
4.840000 29 115
4.880000 24 114
4.920000 19 115
4.960000 15 115
5.000000 8 117
5.040000 6 117
5.080000 5 117
5.120000 3 117
5.160000 2 117
5.200000 2 117
5.240000 2 117
5.280000 2 117
5.320000 2 117
5.360000 2 117
5.400000 2 117
5.440000 2 117
