0.000000 299 119
0.040000 299 119
0.080000 299 119
0.120000 299 119
0.160000 299 119
0.200000 299 119
0.240000 299 119
0.280000 299 119
0.320000 299 119
0.360000 299 119
0.400000 299 119
0.440000 299 119
0.480000 299 119
0.520000 299 119
0.560000 299 119
0.600000 299 119
0.640000 299 119
0.680000 299 119
0.720000 299 119
0.760000 299 119
0.800000 299 119
0.840000 299 119
0.880000 299 119
0.920000 299 119
0.960000 299 119
1.000000 299 119
1.040000 299 119
1.080000 299 119
1.120000 299 119
1.160000 299 119
1.200000 299 119
1.240000 299 119
1.280000 299 119
1.320000 299 119
1.360000 299 119
1.400000 299 119
1.440000 299 119
1.480000 299 119
1.520000 299 119
1.560000 299 119
1.600000 299 119
1.640000 299 119
1.680000 299 119
1.720000 299 119
1.760000 299 119
1.800000 299 119
1.840000 299 119
1.880000 299 119
1.920000 299 119
1.960000 299 119
2.000000 299 119
2.040000 299 119
2.080000 299 119
2.120000 299 119
2.160000 299 119
2.200000 299 119
2.240000 299 119
2.280000 299 119
2.320000 299 119
2.360000 299 119
2.400000 296 119
2.440000 292 119
2.480000 282 119
2.520000 279 119
2.560000 275 118
2.600000 272 119
2.640000 269 119
2.680000 266 119
2.720000 263 119
2.760000 260 119
2.800000 252 122
2.840000 246 122
2.880000 240 122
2.920000 232 119
2.960000 230 119
3.000000 226 119
3.040000 220 117
3.080000 216 118
3.120000 212 118
3.160000 208 118
3.200000 205 118
3.240000 201 118
3.280000 193 118
3.320000 189 118
3.360000 185 118
3.400000 181 118
3.440000 177 118
3.480000 173 117
3.520000 169 117
3.560000 165 117
3.600000 153 118
3.640000 149 119
3.680000 146 119
3.720000 143 119
3.760000 140 119
3.800000 137 119
3.840000 128 119
3.880000 123 119
3.920000 114 118
3.960000 110 118
4.000000 107 117
4.040000 104 116
4.080000 100 116
4.120000 94 114
4.160000 96 116
4.200000 98 117
4.240000 100 119
4.280000 100 115
4.320000 96 113
4.360000 92 113
4.400000 88 113
4.440000 83 113
4.480000 76 113
4.520000 66 119
4.560000 63 120
4.600000 60 121
4.640000 57 122
4.680000 54 123
4.720000 43 124
4.760000 40 124
4.800000 37 124
4.840000 34 124
4.880000 31 124
4.920000 25 124
4.960000 22 124
5.000000 19 124
5.040000 17 124
5.080000 10 119
5.120000 9 118
5.160000 8 117
5.200000 7 116
5.240000 2 113
5.280000 2 113
5.320000 2 113
5.360000 2 113
5.400000 2 113
5.440000 2 113
