0.000000 305 60
0.040000 305 60
0.080000 305 60
0.120000 305 60
0.160000 305 60
0.200000 305 60
0.240000 305 60
0.280000 305 60
0.320000 305 60
0.360000 305 60
0.400000 305 60
0.440000 305 60
0.480000 305 60
0.520000 305 60
0.560000 305 60
0.600000 305 60
0.640000 305 60
0.680000 305 60
0.720000 305 60
0.760000 305 60
0.800000 305 60
0.840000 305 60
0.880000 305 60
0.920000 305 60
0.960000 305 60
1.000000 305 60
1.040000 305 60
1.080000 305 60
1.120000 305 60
1.160000 305 60
1.200000 305 60
1.240000 305 61
1.280000 306 61
1.320000 306 61
1.360000 305 61
1.400000 262 67
1.440000 260 67
1.480000 257 65
1.520000 253 61
1.560000 253 57
1.600000 253 57
1.640000 255 57
1.680000 256 57
1.720000 255 56
1.760000 257 57
1.800000 255 56
1.840000 256 57
1.880000 256 57
1.920000 256 57
1.960000 256 57
2.000000 255 56
2.040000 254 56
2.080000 255 56
2.120000 253 56
2.160000 249 57
2.200000 241 57
2.240000 226 57
2.280000 212 58
2.320000 195 56
2.360000 181 56
2.400000 166 56
2.440000 153 60
2.480000 145 63
2.520000 142 64
2.560000 138 61
2.600000 136 57
2.640000 134 54
2.680000 134 54
2.720000 133 54
2.760000 134 54
2.800000 135 54
2.840000 134 54
2.880000 132 55
2.920000 134 54
2.960000 133 54
3.000000 134 54
3.040000 134 54
3.080000 133 54
3.120000 133 53
3.160000 133 52
3.200000 132 52
3.240000 130 52
3.280000 121 55
3.320000 108 54
3.360000 95 56
3.400000 82 55
3.440000 69 51
3.480000 57 56
3.520000 44 58
3.560000 36 61
3.600000 33 62
3.640000 31 61
3.680000 31 56
3.720000 29 55
3.760000 29 55
3.800000 29 54
3.840000 70 59
3.880000 29 54
3.920000 29 55
3.960000 29 55
4.000000 29 55
4.040000 29 55
4.080000 29 54
4.120000 29 54
4.160000 29 54
4.200000 29 54
4.240000 28 54
4.280000 29 53
4.320000 28 52
4.360000 27 56
4.400000 22 61
4.440000 22 61
4.480000 22 61
4.520000 22 61
4.560000 22 61
4.600000 22 61
4.640000 22 61
4.680000 22 61
4.720000 22 61
4.760000 22 61
4.800000 22 61
4.840000 22 61
4.880000 22 61
4.920000 22 61
4.960000 22 61
5.000000 22 61
5.040000 22 61
