0.000000 284 57
0.040000 284 57
0.080000 284 57
0.120000 284 57
0.160000 284 57
0.200000 284 57
0.240000 284 57
0.280000 284 57
0.320000 284 57
0.360000 284 57
0.400000 284 57
0.440000 284 57
0.480000 284 57
0.520000 284 57
0.560000 284 57
0.600000 284 57
0.640000 284 57
0.680000 284 57
0.720000 284 57
0.760000 284 57
0.800000 284 57
0.840000 284 57
0.880000 284 57
0.920000 284 57
0.960000 284 57
1.000000 284 57
1.040000 284 57
1.080000 284 57
1.120000 284 57
1.160000 284 57
1.200000 284 57
1.240000 284 57
1.280000 284 57
1.320000 284 57
1.360000 307 60
1.400000 305 60
1.440000 305 61
1.480000 306 60
1.520000 305 59
1.560000 305 59
1.600000 304 61
1.640000 294 61
1.680000 283 61
1.720000 274 64
1.760000 257 61
1.800000 247 61
1.840000 232 61
1.880000 220 61
1.920000 209 66
1.960000 204 67
2.000000 200 66
2.040000 197 61
2.080000 196 57
2.120000 195 56
2.160000 195 56
2.200000 195 56
2.240000 195 56
2.280000 196 56
2.320000 198 56
2.360000 201 58
2.400000 195 57
2.440000 195 56
2.480000 195 56
2.520000 195 56
2.560000 195 56
2.600000 195 56
2.640000 195 55
2.680000 194 56
2.720000 186 59
2.760000 174 58
2.800000 160 57
2.840000 146 64
2.880000 132 58
2.920000 120 57
2.960000 106 59
3.000000 94 61
3.040000 86 67
3.080000 84 64
3.120000 83 59
3.160000 82 56
3.200000 82 56
3.240000 82 55
3.280000 82 56
3.320000 82 56
3.360000 82 56
3.400000 83 56
3.440000 86 56
3.480000 82 56
3.520000 82 55
3.560000 81 55
3.600000 82 55
3.640000 83 54
3.680000 81 55
3.720000 81 56
3.760000 81 56
3.800000 76 59
3.840000 29 53
3.880000 57 58
3.920000 49 59
3.960000 31 56
4.000000 25 57
4.040000 16 57
4.080000 1 65
4.120000 1 64
4.160000 1 62
4.200000 1 61
4.240000 2 58
4.280000 2 59
4.320000 2 58
4.360000 2 56
4.400000 2 56
4.440000 3 73
4.480000 3 73
4.520000 3 73
4.560000 3 73
4.600000 3 73
4.640000 3 73
4.680000 3 73
4.720000 3 73
4.760000 3 73
4.800000 3 73
4.840000 3 73
4.880000 3 73
4.920000 3 73
4.960000 3 73
5.000000 3 73
5.040000 3 73
