0.000000 320 137
0.040000 320 137
0.080000 320 137
0.120000 320 137
0.160000 320 137
0.200000 320 137
0.240000 320 137
0.280000 320 137
0.320000 320 137
0.360000 320 137
0.400000 320 137
0.440000 320 137
0.480000 320 137
0.520000 320 137
0.560000 320 137
0.600000 320 137
0.640000 320 137
0.680000 320 137
0.720000 320 137
0.760000 320 137
0.800000 320 137
0.840000 320 137
0.880000 320 137
0.920000 320 137
0.960000 320 137
1.000000 320 137
1.040000 320 137
1.080000 320 137
1.120000 320 137
1.160000 320 137
1.200000 320 137
1.240000 320 137
1.280000 320 133
1.320000 310 133
1.360000 307 133
1.400000 299 133
1.440000 295 134
1.480000 293 134
1.520000 288 135
1.560000 284 138
1.600000 282 138
1.640000 278 138
1.680000 275 137
1.720000 272 137
1.760000 267 136
1.800000 263 136
1.840000 260 134
1.880000 255 134
1.920000 249 135
1.960000 242 136
2.000000 236 134
2.040000 231 137
2.080000 225 138
2.120000 219 135
2.160000 213 134
2.200000 208 132
2.240000 202 130
2.280000 195 130
2.320000 190 129
2.360000 184 129
2.400000 179 129
2.440000 175 133
2.480000 170 134
2.520000 168 135
2.560000 164 137
2.600000 159 137
2.640000 157 135
2.680000 153 135
2.720000 148 134
2.760000 143 134
2.800000 138 133
2.840000 132 133
2.880000 125 133
2.920000 118 133
2.960000 112 134
3.000000 109 134
3.040000 101 134
3.080000 99 134
3.120000 92 133
3.160000 86 133
3.200000 81 132
3.240000 75 133
3.280000 69 133
3.320000 62 132
3.360000 58 133
3.400000 54 133
3.440000 53 134
3.480000 49 134
3.520000 48 135
3.560000 43 133
3.600000 40 134
3.640000 37 134
3.680000 33 134
3.720000 28 133
3.760000 24 133
3.800000 21 133
3.840000 10 133
3.880000 8 133
3.920000 6 132
3.960000 5 132
4.000000 3 131
4.040000 2 130
4.080000 2 130
4.120000 2 130
4.160000 2 130
4.200000 2 130
4.240000 2 130
4.280000 2 130
4.320000 2 130
4.360000 2 130
4.400000 2 130
