0.000000 308 97
0.040000 308 97
0.080000 308 97
0.120000 308 97
0.160000 308 97
0.200000 308 97
0.240000 308 97
0.280000 308 97
0.320000 308 97
0.360000 308 97
0.400000 308 97
0.440000 308 97
0.480000 308 97
0.520000 308 97
0.560000 308 97
0.600000 308 97
0.640000 308 97
0.680000 308 97
0.720000 308 97
0.760000 308 97
0.800000 308 97
0.840000 308 97
0.880000 308 97
0.920000 308 97
0.960000 308 97
1.000000 308 97
1.040000 308 97
1.080000 308 97
1.120000 308 97
1.160000 308 97
1.200000 308 97
1.240000 304 96
1.280000 299 93
1.320000 294 92
1.360000 290 92
1.400000 286 92
1.440000 282 93
1.480000 278 93
1.520000 276 92
1.560000 274 92
1.600000 273 93
1.640000 272 93
1.680000 270 92
1.720000 268 90
1.760000 266 91
1.800000 262 90
1.840000 257 90
1.880000 250 90
1.920000 242 89
1.960000 234 90
2.000000 225 91
2.040000 216 91
2.080000 212 93
2.120000 204 93
2.160000 198 93
2.200000 194 92
2.240000 189 91
2.280000 183 89
2.320000 179 89
2.360000 173 89
2.400000 168 89
2.440000 164 90
2.480000 164 87
2.520000 162 89
2.560000 158 91
2.600000 158 91
2.640000 157 89
2.680000 154 87
2.720000 153 87
2.760000 148 87
2.800000 143 87
2.840000 136 87
2.880000 127 87
2.920000 118 87
2.960000 111 87
3.000000 101 90
3.040000 99 91
3.080000 90 93
3.120000 84 93
3.160000 80 92
3.200000 75 89
3.240000 70 88
3.280000 65 89
3.320000 60 89
3.360000 55 90
3.400000 53 89
3.440000 51 89
3.480000 49 89
3.520000 49 92
3.560000 47 91
3.600000 45 91
3.640000 44 89
3.680000 43 88
3.720000 40 87
3.760000 37 87
3.800000 31 89
3.840000 24 89
3.880000 18 89
3.920000 11 90
3.960000 6 90
4.000000 2 91
4.040000 2 91
4.080000 2 91
4.120000 2 91
4.160000 2 91
4.200000 2 91
4.240000 2 91
4.280000 2 91
4.320000 2 91
4.360000 2 91
4.400000 2 91
