1.960000 314 145
2.000000 309 144
2.040000 306 144
2.080000 320 145
2.120000 320 144
2.160000 314 144
2.200000 308 145
2.240000 303 144
2.280000 298 144
2.320000 293 143
2.360000 283 143
2.400000 278 139
2.440000 272 139
2.480000 267 139
2.520000 262 140
2.560000 257 144
2.600000 252 144
2.640000 249 145
2.680000 247 145
2.720000 242 145
2.760000 242 145
2.800000 240 145
2.840000 236 144
2.880000 231 143
2.920000 226 143
2.960000 221 142
3.000000 216 142
3.040000 209 143
3.080000 201 143
3.120000 194 143
3.160000 186 144
3.200000 177 145
3.240000 170 145
3.280000 164 145
3.320000 155 141
3.360000 148 143
3.400000 142 144
3.440000 133 142
3.480000 127 141
3.520000 122 142
3.560000 117 141
3.600000 112 141
3.640000 108 142
3.680000 106 144
3.720000 101 145
3.760000 96 145
3.800000 95 145
3.840000 90 144
3.880000 90 143
3.920000 88 141
3.960000 81 141
4.000000 77 140
4.040000 70 139
4.080000 64 139
4.120000 60 139
4.160000 55 141
4.200000 48 140
4.240000 38 139
4.280000 30 140
4.320000 44 144
4.360000 18 141
4.400000 12 141
4.440000 8 143
4.640000 6 139
