2.000000 319 92
2.040000 304 93
2.080000 303 96
2.120000 301 93
2.160000 299 93
2.200000 299 93
2.240000 298 92
2.280000 295 93
2.320000 294 92
2.360000 292 92
2.400000 288 93
2.440000 283 92
2.480000 279 89
2.520000 272 89
2.560000 262 87
2.600000 253 89
2.640000 243 91
2.680000 236 91
2.720000 226 93
2.760000 219 93
2.800000 212 93
2.840000 207 93
2.880000 205 93
2.920000 199 91
2.960000 194 90
3.000000 186 87
3.040000 181 89
3.080000 178 91
3.120000 174 90
3.160000 173 89
3.200000 169 91
3.240000 168 91
3.280000 168 89
3.320000 164 89
3.360000 162 87
3.400000 158 87
3.440000 155 87
3.480000 151 87
3.520000 144 87
3.560000 134 87
3.600000 124 87
3.640000 112 87
3.680000 105 87
3.720000 95 91
3.760000 86 92
3.800000 81 93
3.840000 75 93
3.880000 71 93
3.920000 68 89
3.960000 64 87
4.000000 58 87
4.040000 52 86
4.080000 47 87
4.120000 44 87
4.160000 43 89
4.200000 40 89
4.240000 38 91
4.280000 38 91
4.320000 34 93
4.360000 34 91
4.400000 32 87
4.440000 29 87
4.480000 23 87
4.520000 14 87
4.600000 2 87
