0.000000 303 65
0.040000 303 65
0.080000 303 65
0.120000 303 65
0.160000 303 65
0.200000 303 65
0.240000 303 65
0.280000 303 65
0.320000 303 65
0.360000 303 65
0.400000 303 65
0.440000 303 65
0.480000 303 65
0.520000 303 65
0.560000 303 65
0.600000 303 65
0.640000 303 65
0.680000 303 65
0.720000 303 65
0.760000 303 65
0.800000 303 65
0.840000 303 65
0.880000 303 65
0.920000 303 65
0.960000 303 65
1.000000 303 65
1.040000 303 65
1.080000 303 65
1.120000 303 65
1.160000 303 65
1.200000 303 65
1.240000 303 65
1.280000 303 65
1.320000 303 65
1.360000 303 65
1.400000 303 65
1.440000 303 65
1.480000 303 65
1.520000 303 65
1.560000 303 65
1.600000 303 65
1.640000 303 65
1.680000 303 65
1.720000 303 65
1.760000 303 65
1.800000 303 65
1.840000 303 65
1.880000 303 65
1.920000 303 65
1.960000 303 65
2.000000 303 65
2.040000 303 65
2.080000 303 65
2.120000 303 65
2.160000 303 65
2.200000 303 65
2.240000 303 65
2.280000 303 65
2.320000 303 65
2.360000 303 65
2.400000 303 65
2.440000 303 65
2.480000 303 65
2.520000 303 65
2.560000 302 65
2.600000 301 64
2.640000 300 63
2.680000 299 62
2.720000 299 61
2.760000 300 61
2.800000 299 61
2.840000 299 62
2.880000 299 62
2.920000 299 62
2.960000 299 62
3.000000 299 62
3.040000 299 62
3.080000 299 63
3.120000 298 65
3.160000 296 65
3.200000 293 67
3.240000 287 71
3.280000 278 72
3.320000 270 71
3.360000 261 70
3.400000 247 67
3.440000 236 61
3.480000 225 61
3.520000 210 57
3.560000 197 58
3.600000 189 59
3.640000 184 58
3.680000 184 56
3.720000 184 56
3.760000 184 56
3.800000 183 56
3.840000 184 56
3.880000 184 56
3.920000 183 56
3.960000 184 57
4.000000 184 56
4.040000 183 56
4.080000 183 56
4.120000 182 56
4.160000 182 56
4.200000 181 59
4.240000 179 60
4.280000 174 63
4.320000 168 67
4.360000 160 69
4.400000 151 70
4.440000 142 70
4.480000 128 67
4.520000 117 61
4.560000 106 61
4.600000 91 58
4.640000 80 58
4.680000 70 61
4.720000 66 61
4.760000 64 59
4.800000 64 58
4.840000 64 58
4.880000 64 57
4.920000 64 57
4.960000 64 58
5.000000 64 58
5.040000 64 60
5.080000 64 60
5.120000 63 59
5.160000 64 58
5.200000 64 58
5.240000 62 59
5.280000 61 61
5.320000 60 61
5.360000 56 65
5.400000 53 67
5.440000 44 71
5.480000 28 72
5.520000 23 71
5.560000 19 70
5.600000 6 67
5.640000 7 67
5.680000 8 66
5.720000 10 66
5.760000 11 65
5.800000 13 64
5.840000 13 64
5.880000 13 64
5.920000 13 64
5.960000 13 64
6.000000 13 64
6.040000 13 64
6.080000 13 64
6.120000 13 64
6.160000 13 64
6.200000 13 64
6.240000 13 64
6.280000 13 64
6.320000 13 64
