2.200000 320 119
2.240000 314 121
2.280000 310 122
2.320000 306 121
2.360000 303 121
2.400000 298 119
2.440000 294 119
2.480000 288 117
2.520000 282 117
2.560000 277 117
2.600000 271 117
2.640000 267 117
2.680000 262 118
2.720000 257 118
2.760000 253 119
2.800000 248 119
2.840000 245 117
2.880000 241 114
2.920000 235 113
2.960000 227 113
3.000000 218 114
3.040000 216 113
3.080000 210 115
3.120000 204 117
3.160000 199 119
3.200000 192 119
3.240000 184 119
3.280000 182 118
3.320000 178 114
3.360000 171 113
3.400000 162 110
3.440000 154 110
3.480000 148 111
3.520000 143 113
3.560000 137 113
3.600000 133 116
3.640000 130 118
3.680000 125 119
3.720000 121 118
3.760000 116 117
3.800000 111 113
3.840000 103 113
3.880000 97 113
3.920000 91 113
3.960000 85 113
4.000000 80 114
4.040000 75 117
4.080000 69 118
4.120000 64 119
4.160000 58 119
4.200000 55 117
4.240000 49 113
4.280000 44 113
4.320000 38 109
4.360000 33 111
4.400000 28 113
4.440000 23 113
4.480000 23 116
4.520000 17 118
4.560000 12 118
4.600000 9 119
4.680000 2 117
4.720000 2 115
4.760000 2 117
