2.160000 309 60
2.200000 309 61
2.240000 309 60
2.280000 309 61
2.320000 311 63
2.360000 310 61
2.400000 310 61
2.440000 309 61
2.480000 309 61
2.520000 308 65
2.560000 305 71
2.600000 298 74
2.640000 257 54
2.680000 278 75
2.720000 268 70
2.760000 251 67
2.800000 238 61
2.840000 223 56
2.880000 210 57
2.920000 200 56
2.960000 199 55
3.000000 252 63
3.040000 199 55
3.080000 199 55
3.120000 199 55
3.160000 199 56
3.200000 204 61
3.240000 199 56
3.280000 168 54
3.320000 153 52
3.360000 141 52
3.400000 199 57
3.440000 195 62
3.480000 190 67
3.520000 179 71
3.560000 169 72
3.600000 158 70
3.640000 143 66
3.680000 127 58
3.720000 112 58
3.760000 99 56
3.800000 86 56
3.840000 137 55
3.880000 80 54
3.920000 79 54
3.960000 79 54
4.000000 79 54
4.040000 79 54
4.080000 79 65
4.120000 80 54
4.160000 80 55
4.200000 79 56
4.240000 79 56
4.280000 78 56
4.320000 76 58
4.360000 74 61
4.400000 68 67
4.440000 60 71
4.480000 25 54
4.520000 39 70
4.560000 29 66
4.600000 16 61
4.680000 26 54
4.760000 23 56
4.800000 23 61
4.840000 18 66
