2.200000 309 127
2.240000 305 125
2.320000 293 127
2.360000 284 128
2.400000 277 128
2.440000 269 130
2.480000 262 132
2.520000 257 133
2.560000 253 133
2.600000 251 132
2.640000 247 130
2.680000 246 128
2.720000 245 124
2.800000 235 123
2.840000 226 127
2.880000 218 128
2.920000 210 130
2.960000 201 130
3.000000 199 133
3.040000 195 130
3.080000 190 127
3.120000 189 127
3.240000 175 124
3.280000 168 128
3.320000 158 129
3.360000 148 129
3.400000 142 130
3.440000 136 130
3.480000 132 129
3.520000 129 129
3.560000 127 127
3.600000 125 123
3.680000 112 124
3.720000 105 128
3.760000 103 128
3.800000 123 123
3.840000 121 123
3.880000 117 123
3.920000 111 122
3.960000 105 120
4.000000 96 119
4.040000 66 127
4.200000 45 127
4.240000 39 129
4.280000 32 130
4.320000 25 130
4.360000 23 131
4.400000 19 130
4.440000 16 128
4.480000 14 123
4.640000 18 122
4.680000 18 122
4.720000 18 120
