1.120000 320 126
1.160000 320 135
1.200000 320 133
1.240000 316 133
1.280000 314 133
1.320000 310 130
1.360000 305 132
1.400000 299 132
1.440000 294 131
1.480000 289 132
1.520000 283 134
1.560000 278 134
1.600000 272 134
1.640000 267 133
1.680000 260 133
1.720000 253 132
1.760000 247 132
1.800000 242 133
1.840000 236 132
1.880000 231 132
1.920000 226 133
1.960000 221 133
2.000000 217 133
2.040000 215 133
2.080000 211 134
2.120000 207 133
2.160000 204 133
2.200000 199 133
2.240000 194 133
2.280000 188 133
2.320000 181 133
2.360000 175 131
2.400000 169 130
2.440000 163 132
2.480000 158 129
2.520000 147 130
2.560000 138 131
2.600000 132 129
2.640000 125 129
2.680000 119 129
2.720000 113 129
2.760000 107 129
2.800000 105 132
2.840000 99 130
2.880000 95 132
2.920000 91 132
2.960000 90 132
3.000000 86 133
3.040000 83 133
3.080000 80 133
3.120000 75 131
3.160000 70 131
3.200000 64 129
3.240000 58 130
3.280000 54 130
3.320000 45 129
3.360000 39 129
3.400000 32 129
3.440000 27 130
3.480000 19 129
3.520000 13 129
3.560000 7 130
3.640000 2 131
3.680000 2 131
3.760000 2 137
