1.160000 316 117
1.200000 314 118
1.240000 308 117
1.280000 304 115
1.320000 299 113
1.360000 294 113
1.400000 288 114
1.440000 283 114
1.480000 279 115
1.520000 277 117
1.560000 270 118
1.600000 264 118
1.640000 258 117
1.680000 257 116
1.720000 255 113
1.760000 249 113
1.800000 244 113
1.840000 237 113
1.880000 231 113
1.920000 226 113
1.960000 221 114
2.000000 217 116
2.040000 211 117
2.080000 205 115
2.120000 200 114
2.160000 195 113
2.200000 190 113
2.240000 184 113
2.280000 178 113
2.320000 171 113
2.360000 166 113
2.400000 161 113
2.440000 155 115
2.480000 152 113
2.520000 147 117
2.560000 144 115
2.600000 138 114
2.640000 133 113
2.680000 127 113
2.720000 121 113
2.760000 116 113
2.800000 110 113
2.840000 105 113
2.880000 100 115
2.920000 94 115
2.960000 90 116
3.000000 84 117
3.040000 77 115
3.080000 72 113
3.120000 68 113
3.160000 62 113
3.200000 55 112
3.240000 49 113
3.280000 44 113
3.320000 40 113
3.360000 37 114
3.400000 34 115
3.440000 29 115
3.480000 27 114
3.520000 23 115
3.560000 18 113
3.600000 12 113
3.640000 8 113
3.680000 1 113
3.720000 2 115
