1.160000 309 154
1.200000 305 153
1.240000 300 152
1.280000 297 152
1.320000 293 151
1.360000 288 151
1.400000 283 152
1.440000 279 152
1.480000 276 154
1.520000 271 154
1.560000 267 155
1.600000 262 155
1.640000 260 155
1.680000 256 155
1.720000 247 154
1.760000 244 154
1.800000 239 154
1.840000 234 154
1.880000 227 154
1.920000 224 154
1.960000 219 155
2.000000 214 155
2.040000 209 155
2.080000 204 155
2.120000 199 155
2.160000 194 154
2.200000 189 154
2.240000 184 153
2.280000 179 154
2.320000 173 154
2.360000 168 154
2.400000 164 154
2.440000 158 155
2.480000 152 154
2.520000 149 155
2.560000 142 155
2.600000 137 155
2.640000 133 155
2.680000 128 154
2.720000 121 154
2.760000 118 153
2.800000 111 154
2.840000 106 154
2.880000 101 154
2.920000 97 154
2.960000 92 155
3.000000 83 155
3.040000 81 154
3.080000 77 154
3.120000 71 152
3.160000 68 151
3.200000 64 150
3.240000 58 150
3.280000 54 150
3.320000 50 150
3.360000 45 152
3.400000 41 154
3.440000 38 153
3.480000 32 152
3.520000 28 150
3.560000 23 150
3.600000 19 149
3.640000 14 150
3.680000 8 150
3.720000 6 150
