1.400000 315 115
1.440000 315 114
1.480000 307 114
1.520000 303 113
1.560000 298 113
1.600000 293 113
1.640000 288 114
1.680000 284 114
1.720000 279 115
1.760000 276 115
1.800000 272 117
1.840000 275 118
1.880000 270 117
1.920000 266 117
1.960000 260 116
2.000000 251 115
2.040000 251 115
2.080000 244 115
2.120000 232 114
2.160000 229 115
2.200000 225 116
2.240000 221 117
2.280000 217 117
2.320000 213 115
2.360000 209 113
2.400000 205 113
2.440000 200 113
2.480000 194 112
2.520000 189 113
2.560000 183 113
2.600000 179 114
2.640000 174 116
2.680000 169 113
2.720000 164 113
2.760000 167 115
2.800000 157 113
2.840000 157 113
2.880000 147 112
2.920000 140 113
2.960000 133 113
3.000000 129 113
3.040000 123 113
3.080000 121 114
3.120000 116 114
3.160000 112 113
3.200000 108 113
3.240000 102 113
3.280000 97 113
3.320000 91 113
3.360000 86 113
3.400000 80 113
3.440000 73 113
3.480000 69 113
3.520000 64 113
3.560000 64 113
3.600000 60 113
3.640000 53 112
3.680000 49 112
3.720000 42 112
3.760000 37 111
3.800000 34 113
3.840000 32 113
3.880000 28 113
3.920000 24 113
3.960000 21 114
4.000000 18 114
4.040000 13 113
4.080000 11 113
4.120000 6 113
