2.160000 320 125
2.240000 311 122
2.280000 308 122
2.320000 303 122
2.360000 298 123
2.400000 296 123
2.440000 294 123
2.480000 290 123
2.520000 287 122
2.560000 283 121
2.600000 278 119
2.640000 273 119
2.680000 268 119
2.720000 262 119
2.760000 257 119
2.800000 251 119
2.840000 246 122
2.880000 242 122
2.920000 237 122
2.960000 234 123
3.000000 231 122
3.040000 227 121
3.080000 223 119
3.120000 218 118
3.160000 211 118
3.200000 203 118
3.240000 195 118
3.280000 192 119
3.320000 186 119
3.360000 181 121
3.400000 176 120
3.440000 171 120
3.480000 168 122
3.520000 163 122
3.560000 157 119
3.600000 153 119
3.640000 148 118
3.680000 142 117
3.720000 134 117
3.760000 127 118
3.800000 121 118
3.840000 117 118
3.880000 114 119
3.920000 110 119
3.960000 106 122
4.000000 101 120
4.040000 95 119
4.080000 92 118
4.120000 87 117
4.160000 82 117
4.200000 78 117
4.240000 71 115
4.280000 68 115
4.320000 63 115
4.360000 58 117
4.400000 51 119
4.440000 49 119
4.480000 44 120
4.520000 43 119
4.560000 39 119
4.600000 35 119
4.640000 32 118
4.680000 25 118
4.720000 21 118
4.760000 17 117
4.800000 12 116
4.840000 1 115
4.880000 1 118
4.920000 2 118
