2.160000 314 126
2.200000 312 122
2.240000 308 123
2.280000 306 121
2.320000 307 121
2.360000 290 123
2.400000 304 122
2.440000 303 121
2.480000 299 121
2.520000 297 120
2.560000 294 119
2.600000 289 119
2.640000 284 118
2.680000 279 117
2.720000 273 117
2.760000 267 116
2.800000 260 117
2.840000 252 119
2.880000 244 119
2.920000 236 119
2.960000 227 122
3.000000 220 123
3.040000 210 123
3.080000 205 123
3.120000 199 123
3.160000 194 122
3.200000 189 120
3.240000 185 119
3.280000 184 118
3.320000 183 118
3.360000 179 118
3.400000 179 119
3.440000 179 119
3.480000 175 119
3.520000 173 119
3.560000 169 119
3.600000 165 118
3.640000 160 117
3.680000 154 117
3.720000 147 115
3.760000 138 115
3.800000 132 113
3.840000 121 117
3.880000 112 119
3.920000 103 120
3.960000 94 119
4.000000 86 122
4.040000 78 123
4.080000 71 123
4.120000 65 123
4.160000 60 123
4.200000 55 120
4.240000 51 119
4.280000 49 118
4.320000 48 117
4.360000 64 117
4.400000 44 117
4.440000 44 117
4.480000 44 119
4.520000 39 119
4.560000 36 119
4.600000 33 119
4.640000 30 119
4.680000 27 117
4.720000 23 116
4.760000 18 113
4.800000 12 113
4.840000 7 113
4.920000 2 119
