0.000000 315 137
0.040000 315 137
0.080000 315 137
0.120000 315 137
0.160000 315 137
0.200000 315 137
0.240000 315 137
0.280000 315 137
0.320000 315 137
0.360000 315 137
0.400000 315 137
0.440000 315 137
0.480000 315 137
0.520000 315 137
0.560000 315 137
0.600000 315 137
0.640000 315 137
0.680000 315 137
0.720000 315 137
0.760000 315 137
0.800000 315 137
0.840000 315 137
0.880000 315 137
0.920000 315 137
0.960000 315 137
1.000000 315 137
1.040000 315 137
1.080000 315 137
1.120000 315 137
1.160000 315 137
1.200000 315 137
1.240000 315 137
1.280000 315 137
1.320000 315 137
1.360000 315 137
1.400000 315 137
1.440000 315 137
1.480000 315 137
1.520000 315 137
1.560000 315 137
1.600000 315 137
1.640000 315 137
1.680000 312 137
1.720000 308 137
1.760000 306 137
1.800000 303 138
1.840000 301 139
1.880000 299 135
1.920000 296 137
1.960000 293 137
2.000000 288 134
2.040000 285 134
2.080000 281 134
2.120000 276 134
2.160000 271 135
2.200000 263 137
2.240000 258 137
2.280000 252 137
2.320000 246 137
2.360000 241 138
2.400000 235 138
2.440000 227 135
2.480000 221 137
2.520000 216 135
2.560000 210 135
2.600000 205 135
2.640000 203 135
2.680000 199 136
2.720000 195 137
2.760000 194 137
2.800000 189 137
2.840000 186 137
2.880000 184 135
2.920000 179 134
2.960000 174 133
3.000000 169 133
3.040000 164 133
3.080000 158 134
3.120000 153 134
3.160000 145 134
3.200000 138 134
3.240000 133 134
3.280000 125 135
3.320000 118 134
3.360000 112 134
3.400000 106 134
3.440000 101 134
3.480000 95 134
3.520000 90 134
3.560000 85 134
3.600000 81 134
3.640000 79 135
3.680000 75 136
3.720000 70 135
3.760000 69 134
3.800000 65 136
3.840000 64 134
3.880000 59 133
3.920000 55 131
3.960000 50 131
4.000000 45 130
4.040000 40 132
4.080000 34 132
4.120000 29 133
4.160000 23 134
4.200000 19 134
4.240000 8 134
4.280000 6 134
4.320000 5 134
4.360000 3 134
4.400000 2 134
4.440000 2 134
4.480000 2 134
4.520000 2 134
4.560000 2 134
4.600000 2 134
4.640000 2 134
4.680000 2 134
4.720000 2 134
4.760000 2 134
4.800000 2 134
4.840000 2 134
4.880000 2 134
4.920000 2 134
4.960000 2 134
5.000000 2 134
5.040000 2 134
5.080000 2 134
5.120000 2 134
5.160000 2 134
5.200000 2 134
5.240000 2 134
5.280000 2 134
5.320000 2 134
5.360000 2 134
5.400000 2 134
5.440000 2 134
5.480000 2 134
5.520000 2 134
