0.000000 293 61
0.040000 293 61
0.080000 293 61
0.120000 293 61
0.160000 293 61
0.200000 293 61
0.240000 293 61
0.280000 293 61
0.320000 293 61
0.360000 293 61
0.400000 293 61
0.440000 293 61
0.480000 293 61
0.520000 293 61
0.560000 293 61
0.600000 293 61
0.640000 293 61
0.680000 293 61
0.720000 293 61
0.760000 293 61
0.800000 293 61
0.840000 293 61
0.880000 293 61
0.920000 293 61
0.960000 293 61
1.000000 293 61
1.040000 293 61
1.080000 293 61
1.120000 293 61
1.160000 293 61
1.200000 293 61
1.240000 293 61
1.280000 293 61
1.320000 293 61
1.360000 293 61
1.400000 293 61
1.440000 293 61
1.480000 293 61
1.520000 293 61
1.560000 293 61
1.600000 299 64
1.640000 306 66
1.680000 313 68
1.720000 320 69
1.760000 294 58
1.800000 299 62
1.840000 294 60
1.880000 296 59
1.920000 262 56
1.960000 252 57
2.000000 247 56
2.040000 247 56
2.080000 246 55
2.120000 246 54
2.160000 247 54
2.200000 247 55
2.240000 247 56
2.280000 247 56
2.320000 247 56
2.360000 247 56
2.400000 247 56
2.440000 200 57
2.480000 246 56
2.520000 246 58
2.560000 190 56
2.600000 190 55
2.640000 233 67
2.680000 222 70
2.720000 190 54
2.760000 195 58
2.800000 186 56
2.840000 169 55
2.880000 154 54
2.920000 142 54
2.960000 136 54
3.000000 136 53
3.040000 135 52
3.080000 134 52
3.120000 134 52
3.160000 166 71
3.200000 135 52
3.240000 143 67
3.280000 137 52
3.320000 136 53
3.360000 101 56
3.400000 133 54
3.440000 135 54
3.480000 132 56
3.520000 132 61
3.560000 80 55
3.600000 117 67
3.640000 107 68
3.680000 95 67
3.720000 81 56
3.760000 69 56
3.800000 55 56
3.840000 44 56
3.880000 33 56
3.920000 29 57
3.960000 29 56
4.000000 29 56
4.040000 29 56
4.080000 29 56
4.120000 30 56
4.160000 45 70
4.200000 31 56
4.240000 29 56
4.280000 2 60
4.320000 7 60
4.360000 12 60
4.400000 18 59
4.440000 23 59
4.480000 25 61
4.520000 25 61
4.560000 25 61
4.600000 25 61
4.640000 25 61
4.680000 25 61
4.720000 25 61
4.760000 25 61
4.800000 25 61
4.840000 25 61
4.880000 25 61
4.920000 25 61
4.960000 25 61
5.000000 25 61
5.040000 25 61
5.080000 25 61
5.120000 25 61
5.160000 25 61
5.200000 25 61
5.240000 25 61
5.280000 25 61
5.320000 25 61
5.360000 25 61
5.400000 25 61
5.440000 25 61
5.480000 25 61
5.520000 25 61
