0.000000 302 124
0.040000 302 124
0.080000 302 124
0.120000 302 124
0.160000 302 124
0.200000 302 124
0.240000 302 124
0.280000 302 124
0.320000 302 124
0.360000 302 124
0.400000 302 124
0.440000 302 124
0.480000 302 124
0.520000 302 124
0.560000 302 124
0.600000 302 124
0.640000 302 124
0.680000 302 124
0.720000 302 124
0.760000 302 124
0.800000 302 124
0.840000 302 124
0.880000 302 124
0.920000 302 124
0.960000 302 124
1.000000 302 124
1.040000 302 124
1.080000 302 124
1.120000 302 124
1.160000 302 124
1.200000 302 124
1.240000 302 124
1.280000 302 124
1.320000 302 124
1.360000 302 124
1.400000 302 124
1.440000 302 124
1.480000 302 124
1.520000 302 124
1.560000 302 124
1.600000 302 124
1.640000 302 124
1.680000 298 123
1.720000 296 122
1.760000 297 122
1.800000 298 121
1.840000 298 120
1.880000 297 118
1.920000 296 118
1.960000 294 118
2.000000 294 117
2.040000 290 117
2.080000 286 117
2.120000 281 117
2.160000 273 117
2.200000 267 118
2.240000 257 118
2.280000 251 119
2.320000 240 119
2.360000 231 119
2.400000 221 122
2.440000 214 122
2.480000 207 123
2.520000 200 123
2.560000 195 123
2.600000 190 122
2.640000 189 122
2.680000 185 122
2.720000 184 119
2.760000 184 119
2.800000 185 119
2.840000 184 119
2.880000 184 115
2.920000 182 115
2.960000 179 115
3.000000 175 114
3.040000 170 115
3.080000 164 115
3.120000 157 114
3.160000 147 114
3.200000 138 116
3.240000 130 116
3.280000 118 118
3.320000 107 117
3.360000 101 119
3.400000 92 119
3.440000 86 121
3.480000 81 122
3.520000 77 123
3.560000 71 122
3.600000 69 119
3.640000 66 119
3.680000 65 119
3.720000 64 118
3.760000 64 117
3.800000 58 122
3.840000 61 115
3.880000 60 115
3.920000 59 113
3.960000 55 113
4.000000 50 113
4.040000 44 114
4.080000 38 115
4.120000 30 114
4.160000 23 115
4.200000 18 117
4.240000 2 119
4.280000 2 120
4.320000 2 120
4.360000 2 120
4.400000 2 120
4.440000 2 120
4.480000 2 120
4.520000 2 120
4.560000 2 120
4.600000 2 120
4.640000 2 120
4.680000 2 120
4.720000 2 120
4.760000 2 120
4.800000 2 120
4.840000 2 120
4.880000 2 120
4.920000 2 120
4.960000 2 120
5.000000 2 120
5.040000 2 120
5.080000 2 120
5.120000 2 120
5.160000 2 120
5.200000 2 120
5.240000 2 120
5.280000 2 120
5.320000 2 120
5.360000 2 120
5.400000 2 120
5.440000 2 120
5.480000 2 120
5.520000 2 120
