0.000000 293 61
0.040000 293 61
0.080000 293 61
0.120000 293 61
0.160000 293 61
0.200000 293 61
0.240000 293 61
0.280000 293 61
0.320000 293 61
0.360000 293 61
0.400000 293 61
0.440000 293 61
0.480000 293 61
0.520000 293 61
0.560000 293 61
0.600000 293 61
0.640000 293 61
0.680000 293 61
0.720000 293 61
0.760000 293 61
0.800000 293 61
0.840000 293 61
0.880000 293 61
0.920000 293 61
0.960000 293 61
1.000000 293 61
1.040000 293 61
1.080000 293 61
1.120000 293 61
1.160000 293 61
1.200000 293 61
1.240000 293 61
1.280000 293 61
1.320000 293 61
1.360000 293 61
1.400000 293 61
1.440000 293 61
1.480000 293 61
1.520000 293 61
1.560000 293 61
1.600000 293 61
1.640000 293 61
1.680000 294 61
1.720000 293 61
1.760000 308 72
1.800000 297 66
1.840000 292 66
1.880000 293 64
1.920000 294 61
1.960000 293 61
2.000000 293 61
2.040000 292 64
2.080000 288 67
2.120000 284 71
2.160000 278 72
2.200000 270 72
2.240000 261 72
2.280000 250 72
2.320000 237 67
2.360000 225 63
2.400000 212 62
2.440000 243 60
2.480000 194 62
2.520000 190 61
2.560000 241 62
2.600000 236 65
2.640000 189 57
2.680000 216 69
2.720000 205 68
2.760000 190 61
2.800000 189 61
2.840000 189 59
2.880000 189 59
2.920000 189 59
2.960000 188 60
3.000000 186 61
3.040000 184 64
3.080000 179 67
3.120000 170 69
3.160000 160 70
3.200000 148 71
3.240000 133 58
3.280000 127 62
3.320000 112 65
3.360000 132 56
3.400000 88 63
3.440000 81 61
3.480000 79 63
3.520000 79 59
3.560000 121 65
3.600000 77 58
3.640000 79 56
3.680000 77 59
3.720000 81 63
3.760000 79 60
3.800000 79 58
3.840000 78 59
3.880000 78 59
3.920000 77 61
3.960000 75 61
4.000000 72 66
4.040000 68 67
4.080000 60 70
4.120000 51 71
4.160000 27 61
4.200000 31 67
4.240000 22 63
4.280000 27 61
4.320000 27 60
4.360000 27 59
4.400000 25 60
4.440000 24 61
4.480000 24 61
4.520000 24 61
4.560000 24 61
4.600000 24 61
4.640000 24 61
4.680000 24 61
4.720000 24 61
4.760000 24 61
4.800000 24 61
4.840000 24 61
4.880000 24 61
4.920000 24 61
4.960000 24 61
5.000000 24 61
5.040000 24 61
5.080000 24 61
5.120000 24 61
5.160000 24 61
5.200000 24 61
5.240000 24 61
5.280000 24 61
5.320000 24 61
5.360000 24 61
5.400000 24 61
5.440000 24 61
5.480000 24 61
5.520000 24 61
