0.000000 310 135
0.040000 310 135
0.080000 310 135
0.120000 310 135
0.160000 310 135
0.200000 310 135
0.240000 310 135
0.280000 310 135
0.320000 310 135
0.360000 310 135
0.400000 310 135
0.440000 310 135
0.480000 310 135
0.520000 310 135
0.560000 310 135
0.600000 310 135
0.640000 310 135
0.680000 310 135
0.720000 310 135
0.760000 310 135
0.800000 310 135
0.840000 310 135
0.880000 310 135
0.920000 310 135
0.960000 310 135
1.000000 310 135
1.040000 310 135
1.080000 310 135
1.120000 310 135
1.160000 310 135
1.200000 310 135
1.240000 310 135
1.280000 310 135
1.320000 310 135
1.360000 310 135
1.400000 310 135
1.440000 310 135
1.480000 310 135
1.520000 310 135
1.560000 310 135
1.600000 310 135
1.640000 308 136
1.680000 306 136
1.720000 304 137
1.760000 298 139
1.800000 293 139
1.840000 288 138
1.880000 283 136
1.920000 277 138
1.960000 273 139
2.000000 268 138
2.040000 264 139
2.080000 258 137
2.120000 256 136
2.160000 253 138
2.200000 249 139
2.240000 242 139
2.280000 239 139
2.320000 237 139
2.360000 235 138
2.400000 233 138
2.440000 223 135
2.480000 220 135
2.520000 216 137
2.560000 207 137
2.600000 203 137
2.640000 199 137
2.680000 195 137
2.720000 192 137
2.760000 188 137
2.800000 184 137
2.840000 177 137
2.880000 170 136
2.920000 164 134
2.960000 159 135
3.000000 154 135
3.040000 149 135
3.080000 145 135
3.120000 140 135
3.160000 132 137
3.200000 130 137
3.240000 128 137
3.280000 127 137
3.320000 125 137
3.360000 124 137
3.400000 122 137
3.440000 116 137
3.480000 111 136
3.520000 106 136
3.560000 95 136
3.600000 90 136
3.640000 86 136
3.680000 82 136
3.720000 77 136
3.760000 73 136
3.800000 69 136
3.840000 58 134
3.880000 54 133
3.920000 49 132
3.960000 45 132
4.000000 42 133
4.040000 37 133
4.080000 35 134
4.120000 33 135
4.160000 31 136
4.200000 29 136
4.240000 27 137
4.280000 25 138
4.320000 17 135
4.360000 14 136
4.400000 12 136
4.440000 10 137
4.480000 8 137
4.520000 8 137
4.560000 8 137
4.600000 8 137
4.640000 8 137
4.680000 8 137
4.720000 8 137
4.760000 8 137
4.800000 8 137
4.840000 8 137
4.880000 8 137
4.920000 8 137
4.960000 8 137
5.000000 8 137
5.040000 8 137
5.080000 8 137
5.120000 8 137
5.160000 8 137
5.200000 8 137
5.240000 8 137
5.280000 8 137
5.320000 8 137
5.360000 8 137
5.400000 8 137
5.440000 8 137
5.480000 8 137
5.520000 8 137
