0.000000 303 124
0.040000 303 124
0.080000 303 124
0.120000 303 124
0.160000 303 124
0.200000 303 124
0.240000 303 124
0.280000 303 124
0.320000 303 124
0.360000 303 124
0.400000 303 124
0.440000 303 124
0.480000 303 124
0.520000 303 124
0.560000 303 124
0.600000 303 124
0.640000 303 124
0.680000 303 124
0.720000 303 124
0.760000 303 124
0.800000 303 124
0.840000 303 124
0.880000 303 124
0.920000 303 124
0.960000 303 124
1.000000 303 124
1.040000 303 124
1.080000 303 124
1.120000 303 124
1.160000 303 124
1.200000 303 124
1.240000 303 124
1.280000 303 124
1.320000 303 124
1.360000 303 124
1.400000 303 124
1.440000 303 124
1.480000 303 124
1.520000 303 124
1.560000 303 124
1.600000 303 124
1.640000 300 124
1.680000 298 124
1.720000 296 124
1.760000 292 124
1.800000 288 124
1.840000 280 123
1.880000 273 124
1.920000 267 125
1.960000 261 126
2.000000 256 128
2.040000 251 128
2.080000 247 128
2.120000 243 126
2.160000 242 126
2.200000 240 125
2.240000 236 123
2.280000 233 123
2.320000 230 123
2.360000 227 123
2.400000 224 123
2.440000 210 124
2.480000 206 124
2.520000 203 124
2.560000 199 124
2.600000 196 124
2.640000 192 124
2.680000 189 124
2.720000 185 124
2.760000 182 124
2.800000 178 124
2.840000 168 123
2.880000 158 123
2.920000 153 124
2.960000 147 126
3.000000 142 126
3.040000 137 127
3.080000 132 124
3.120000 127 123
3.160000 126 123
3.200000 122 123
3.240000 119 123
3.280000 115 123
3.320000 112 123
3.360000 108 123
3.400000 105 123
3.440000 118 120
3.480000 114 119
3.520000 110 120
3.560000 97 119
3.600000 91 120
3.640000 85 121
3.680000 79 121
3.720000 73 122
3.760000 67 122
3.800000 61 123
3.840000 49 123
3.880000 43 123
3.920000 38 123
3.960000 34 123
4.000000 29 124
4.040000 23 122
4.080000 23 122
4.120000 23 122
4.160000 23 121
4.200000 23 121
4.240000 23 121
4.280000 23 120
4.320000 19 119
4.360000 17 119
4.400000 16 119
4.440000 15 119
4.480000 14 119
4.520000 14 119
4.560000 14 119
4.600000 14 119
4.640000 14 119
4.680000 14 119
4.720000 14 119
4.760000 14 119
4.800000 14 119
4.840000 14 119
4.880000 14 119
4.920000 14 119
4.960000 14 119
5.000000 14 119
5.040000 14 119
5.080000 14 119
5.120000 14 119
5.160000 14 119
5.200000 14 119
5.240000 14 119
5.280000 14 119
5.320000 14 119
5.360000 14 119
5.400000 14 119
5.440000 14 119
5.480000 14 119
5.520000 14 119
