0.000000 320 159
0.040000 320 159
0.080000 320 159
0.120000 320 159
0.160000 320 159
0.200000 320 159
0.240000 320 159
0.280000 320 159
0.320000 320 159
0.360000 320 159
0.400000 320 159
0.440000 320 159
0.480000 320 159
0.520000 320 159
0.560000 320 159
0.600000 320 159
0.640000 320 159
0.680000 320 159
0.720000 320 159
0.760000 320 159
0.800000 320 159
0.840000 320 159
0.880000 320 159
0.920000 320 159
0.960000 320 159
1.000000 320 159
1.040000 320 159
1.080000 320 159
1.120000 320 159
1.160000 320 159
1.200000 320 159
1.240000 320 159
1.280000 320 159
1.320000 320 159
1.360000 320 159
1.400000 320 159
1.440000 320 159
1.480000 320 159
1.520000 320 159
1.560000 320 159
1.600000 320 159
1.640000 320 159
1.680000 320 159
1.720000 320 159
1.760000 320 159
1.800000 320 159
1.840000 320 159
1.880000 320 159
1.920000 320 159
1.960000 320 159
2.000000 320 159
2.040000 320 159
2.080000 320 159
2.120000 320 159
2.160000 320 159
2.200000 320 159
2.240000 320 159
2.280000 320 159
2.320000 320 159
2.360000 320 159
2.400000 316 159
2.440000 314 159
2.480000 309 159
2.520000 308 158
2.560000 304 157
2.600000 303 156
2.640000 299 156
2.680000 296 157
2.720000 293 158
2.760000 290 159
2.800000 288 159
2.840000 283 159
2.880000 280 159
2.920000 277 159
2.960000 273 159
3.000000 268 159
3.040000 264 159
3.080000 262 158
3.120000 257 158
3.160000 252 158
3.200000 248 159
3.240000 246 159
3.280000 242 160
3.320000 239 160
3.360000 236 160
3.400000 231 160
3.440000 226 160
3.480000 223 159
3.520000 220 159
3.560000 216 158
3.600000 211 158
3.640000 207 158
3.680000 204 158
3.720000 199 159
3.760000 195 159
3.800000 191 159
3.840000 188 159
3.880000 184 159
3.920000 179 159
3.960000 175 159
4.000000 171 159
4.040000 167 158
4.080000 163 158
4.120000 158 157
4.160000 153 158
4.200000 148 159
4.240000 144 159
4.280000 142 159
4.320000 138 159
4.360000 133 159
4.400000 131 160
4.440000 127 159
4.480000 122 159
4.520000 117 159
4.560000 113 158
4.600000 110 157
4.640000 105 156
4.680000 101 158
4.720000 96 158
4.760000 93 159
4.800000 90 159
4.840000 86 159
4.880000 81 159
4.920000 79 160
4.960000 75 159
5.000000 71 159
5.040000 67 159
5.080000 64 158
5.120000 59 158
5.160000 55 158
5.200000 52 158
5.240000 49 158
5.280000 45 158
5.320000 43 158
5.360000 39 158
5.400000 35 158
5.440000 32 157
5.480000 29 156
5.520000 25 155
5.560000 22 155
5.600000 18 154
5.640000 13 154
5.680000 10 154
5.720000 7 154
5.760000 1 155
5.800000 2 154
5.840000 2 154
5.880000 2 154
5.920000 2 154
5.960000 2 154
6.000000 2 154
6.040000 2 154
6.080000 2 154
6.120000 2 154
6.160000 2 154
6.200000 2 154
6.240000 2 154
6.280000 2 154
6.320000 2 154
6.360000 2 154
6.400000 2 154
6.440000 2 154
6.480000 2 154
6.520000 2 154
6.560000 2 154
6.600000 2 154
6.640000 2 154
6.680000 2 154
6.720000 2 154
