0.000000 320 61
0.040000 320 61
0.080000 320 61
0.120000 320 61
0.160000 320 61
0.200000 320 61
0.240000 320 61
0.280000 320 61
0.320000 320 61
0.360000 320 61
0.400000 320 61
0.440000 320 61
0.480000 320 61
0.520000 320 61
0.560000 320 61
0.600000 320 61
0.640000 320 61
0.680000 320 61
0.720000 320 61
0.760000 320 61
0.800000 320 61
0.840000 320 61
0.880000 320 61
0.920000 320 61
0.960000 320 61
1.000000 320 61
1.040000 320 61
1.080000 320 61
1.120000 320 61
1.160000 320 61
1.200000 320 61
1.240000 320 61
1.280000 320 61
1.320000 320 61
1.360000 320 61
1.400000 320 61
1.440000 320 61
1.480000 320 61
1.520000 320 61
1.560000 320 61
1.600000 320 61
1.640000 320 59
1.680000 320 59
1.720000 277 61
1.760000 277 59
1.800000 277 56
1.840000 277 57
1.880000 278 58
1.920000 277 59
1.960000 285 69
2.000000 278 61
2.040000 262 61
2.080000 245 56
2.120000 232 56
2.160000 225 56
2.200000 221 56
2.240000 221 56
2.280000 221 56
2.320000 221 56
2.360000 221 56
2.400000 221 56
2.440000 221 57
2.480000 221 56
2.520000 221 56
2.560000 179 58
2.600000 168 59
2.640000 221 61
2.680000 159 56
2.720000 159 56
2.760000 207 71
2.800000 198 72
2.840000 187 71
2.880000 174 69
2.920000 159 57
2.960000 145 58
3.000000 128 56
3.040000 112 55
3.080000 103 56
3.120000 99 56
3.160000 97 55
3.200000 97 54
3.240000 97 54
3.280000 97 54
3.320000 97 55
3.360000 98 55
3.400000 97 56
3.440000 98 56
3.480000 97 56
3.520000 97 56
3.560000 97 57
3.600000 96 61
3.640000 92 61
3.680000 85 67
3.720000 75 70
3.760000 69 71
3.800000 58 70
3.840000 43 60
3.880000 31 60
3.920000 19 58
3.960000 2 57
4.000000 9 59
4.040000 16 61
4.080000 23 63
4.120000 30 65
4.160000 32 71
4.200000 23 76
4.240000 23 76
4.280000 23 76
4.320000 23 76
4.360000 23 76
4.400000 23 76
4.440000 23 76
4.480000 23 76
4.520000 23 76
4.560000 23 76
4.600000 23 76
4.640000 23 76
4.680000 23 76
4.720000 23 76
4.760000 23 76
4.800000 23 76
4.840000 23 76
4.880000 23 76
4.920000 23 76
4.960000 23 76
5.000000 23 76
