2.280000 315 69
2.320000 314 65
2.360000 315 64
2.400000 320 64
2.440000 316 65
2.480000 314 65
2.520000 314 67
2.560000 309 69
2.600000 304 71
2.640000 297 72
2.680000 288 71
2.720000 277 70
2.760000 267 62
2.800000 257 62
2.840000 242 59
2.880000 231 58
2.920000 223 59
2.960000 220 57
3.000000 220 56
3.040000 218 56
3.080000 218 56
3.120000 216 56
3.160000 218 56
3.200000 217 56
3.240000 218 56
3.280000 216 56
3.320000 216 56
3.360000 216 56
3.400000 216 57
3.440000 214 60
3.480000 210 61
3.520000 205 64
3.560000 197 66
3.600000 188 67
3.640000 177 67
3.680000 165 65
3.720000 155 61
3.760000 142 59
3.800000 127 56
3.840000 116 56
3.880000 111 56
3.920000 108 56
3.960000 107 56
4.000000 106 56
4.040000 106 56
4.080000 106 56
4.120000 106 56
4.160000 106 56
4.200000 106 56
4.240000 106 56
4.280000 106 56
4.320000 106 56
4.360000 105 58
4.400000 101 59
4.440000 97 61
4.480000 91 65
4.520000 82 67
4.560000 74 68
4.600000 64 67
4.640000 54 61
4.680000 44 61
4.720000 31 58
4.760000 21 58
4.800000 13 60
4.840000 9 59
4.880000 8 59
4.920000 7 58
4.960000 7 58
5.000000 7 58
