2.280000 320 154
2.320000 316 154
2.360000 314 152
2.400000 310 150
2.440000 305 150
2.480000 301 149
2.520000 297 150
2.560000 292 150
2.600000 288 150
2.640000 283 150
2.680000 280 152
2.720000 277 153
2.760000 273 154
2.800000 268 154
2.840000 265 152
2.880000 262 150
2.920000 257 150
2.960000 251 150
3.000000 247 150
3.040000 242 150
3.080000 236 150
3.120000 231 150
3.160000 226 153
3.200000 221 154
3.240000 216 154
3.280000 210 154
3.320000 205 154
3.360000 200 152
3.400000 195 151
3.440000 190 150
3.480000 184 150
3.520000 179 150
3.560000 174 151
3.600000 169 152
3.640000 164 154
3.680000 159 154
3.720000 155 154
3.760000 153 154
3.800000 147 153
3.840000 142 151
3.880000 138 150
3.920000 132 150
3.960000 127 150
4.000000 122 150
4.040000 117 150
4.080000 112 150
4.120000 107 151
4.160000 103 152
4.200000 98 154
4.240000 92 152
4.280000 86 150
4.320000 81 150
4.360000 76 150
4.400000 71 150
4.440000 66 149
4.480000 60 150
4.520000 57 150
4.560000 53 150
4.600000 49 150
4.640000 45 151
4.680000 43 150
4.720000 38 150
4.760000 34 149
4.800000 31 148
4.840000 27 147
4.880000 23 146
4.920000 18 146
4.960000 13 146
5.000000 9 147
5.040000 6 148
5.080000 2 148
5.120000 2 149
