1.600000 199 83
1.640000 190 82
1.680000 181 83
1.720000 173 83
1.760000 164 86
1.800000 164 87
1.840000 151 88
1.880000 144 88
1.920000 141 87
1.960000 158 82
2.000000 155 82
2.040000 127 82
2.080000 122 82
2.120000 118 84
2.160000 117 82
2.200000 114 83
2.240000 112 86
2.280000 113 86
2.320000 112 85
2.360000 112 83
2.400000 110 82
2.440000 107 82
2.480000 103 82
2.520000 97 82
2.560000 90 83
2.600000 80 82
2.640000 71 83
2.680000 65 87
2.720000 60 87
2.760000 56 87
2.800000 48 88
2.840000 59 82
2.880000 57 82
2.920000 38 86
2.960000 33 86
3.000000 29 87
3.040000 27 87
3.080000 24 85
3.120000 23 84
3.160000 23 86
3.200000 21 87
3.240000 21 87
3.280000 20 86
3.320000 17 83
3.360000 14 84
3.400000 12 85
3.440000 10 86
