0.000000 304 171
0.040000 304 171
0.080000 304 171
0.120000 304 171
0.160000 304 171
0.200000 304 171
0.240000 304 171
0.280000 304 171
0.320000 304 171
0.360000 304 171
0.400000 304 171
0.440000 304 171
0.480000 304 171
0.520000 304 171
0.560000 304 171
0.600000 304 171
0.640000 304 171
0.680000 304 171
0.720000 304 171
0.760000 304 171
0.800000 304 171
0.840000 304 171
0.880000 304 171
0.920000 304 171
0.960000 304 171
1.000000 304 171
1.040000 304 171
1.080000 304 171
1.120000 304 171
1.160000 304 171
1.200000 304 171
1.240000 304 171
1.280000 304 171
1.320000 304 171
1.360000 304 171
1.400000 304 171
1.440000 301 171
1.480000 297 171
1.520000 293 170
1.560000 288 170
1.600000 283 169
1.640000 279 170
1.680000 274 171
1.720000 270 171
1.760000 266 171
1.800000 262 172
1.840000 257 172
1.880000 252 172
1.920000 246 174
1.960000 242 173
2.000000 237 171
2.040000 233 170
2.080000 228 170
2.120000 222 170
2.160000 218 170
2.200000 213 170
2.240000 207 171
2.280000 202 172
2.320000 197 172
2.360000 191 174
2.400000 186 172
2.440000 181 171
2.480000 177 171
2.520000 171 170
2.560000 166 171
2.600000 161 170
2.640000 156 170
2.680000 151 171
2.720000 145 171
2.760000 141 172
2.800000 136 172
2.840000 131 173
2.880000 125 173
2.920000 121 171
2.960000 116 171
3.000000 110 170
3.040000 106 170
3.080000 101 170
3.120000 95 170
3.160000 90 170
3.200000 85 170
3.240000 80 171
3.280000 75 171
3.320000 71 171
3.360000 66 170
3.400000 64 170
3.440000 59 169
3.480000 54 168
3.520000 49 166
3.560000 44 166
3.600000 39 166
3.640000 34 166
3.680000 25 167
3.720000 23 167
3.760000 18 166
3.800000 13 166
3.840000 5 164
3.880000 4 164
3.920000 3 163
3.960000 2 163
4.000000 2 162
4.040000 2 162
4.080000 2 162
4.120000 2 162
4.160000 2 162
4.200000 2 162
4.240000 2 162
4.280000 2 162
4.320000 2 162
4.360000 2 162
4.400000 2 162
4.440000 2 162
4.480000 2 162
4.520000 2 162
4.560000 2 162
4.600000 2 162
4.640000 2 162
4.680000 2 162
4.720000 2 162
4.760000 2 162
4.800000 2 162
4.840000 2 162
4.880000 2 162
4.920000 2 162
4.960000 2 162
5.000000 2 162
5.040000 2 162
5.080000 2 162
