4.400000 297 156
4.440000 293 158
4.480000 289 159
4.520000 287 159
4.560000 284 159
4.600000 281 160
4.640000 277 160
4.680000 273 160
4.720000 271 159
4.760000 267 159
4.800000 262 159
4.840000 257 159
4.880000 253 159
4.920000 247 159
4.960000 242 160
5.000000 236 160
5.040000 231 160
5.080000 227 161
5.120000 222 161
5.160000 216 160
5.200000 211 159
5.240000 208 159
5.280000 203 159
5.320000 199 159
5.360000 193 158
5.400000 188 159
5.440000 183 160
5.480000 179 159
5.520000 173 160
5.560000 169 161
