0.000000 282 64
0.040000 282 64
0.080000 282 64
0.120000 282 64
0.160000 282 64
0.200000 282 64
0.240000 282 64
0.280000 282 64
0.320000 282 64
0.360000 282 64
0.400000 282 64
0.440000 282 64
0.480000 282 64
0.520000 282 64
0.560000 282 64
0.600000 282 64
0.640000 282 64
0.680000 282 64
0.720000 282 64
0.760000 282 64
0.800000 282 64
0.840000 282 64
0.880000 282 64
0.920000 282 64
0.960000 282 64
1.000000 282 64
1.040000 289 64
1.080000 297 64
1.120000 304 64
1.160000 312 64
1.200000 320 61
1.240000 308 59
1.280000 294 56
1.320000 275 56
1.360000 262 54
1.400000 245 54
1.440000 229 56
1.480000 219 59
1.520000 214 58
1.560000 210 56
1.600000 210 52
1.640000 210 52
1.680000 210 52
1.720000 210 51
1.760000 210 50
1.800000 209 51
1.840000 209 51
1.880000 209 51
1.920000 208 51
1.960000 210 50
2.000000 208 50
2.040000 201 51
2.080000 188 52
2.120000 173 52
2.160000 148 53
2.200000 135 50
2.240000 116 51
2.280000 98 55
2.320000 88 57
2.360000 84 56
2.400000 84 52
2.440000 84 51
2.480000 82 50
2.520000 82 50
2.560000 82 50
2.600000 84 50
2.640000 81 50
2.680000 81 50
2.720000 81 50
2.760000 81 49
2.800000 82 49
2.840000 81 50
2.880000 73 52
2.920000 58 53
2.960000 44 52
3.000000 29 52
3.040000 5 56
3.080000 9 56
3.120000 13 55
3.160000 17 55
3.200000 21 54
3.240000 25 54
3.280000 26 57
3.320000 26 57
3.360000 26 57
3.400000 26 57
3.440000 26 57
3.480000 26 57
3.520000 26 57
3.560000 26 57
3.600000 26 57
3.640000 26 57
3.680000 26 57
3.720000 26 57
3.760000 26 57
3.800000 26 57
