0.000000 320 128
0.040000 320 128
0.080000 320 128
0.120000 320 128
0.160000 320 128
0.200000 320 128
0.240000 320 128
0.280000 320 128
0.320000 320 128
0.360000 320 128
0.400000 320 128
0.440000 320 128
0.480000 320 128
0.520000 320 128
0.560000 320 128
0.600000 320 128
0.640000 320 128
0.680000 320 128
0.720000 320 128
0.760000 320 128
0.800000 320 128
0.840000 320 128
0.880000 320 128
0.920000 320 128
0.960000 320 128
1.000000 320 128
1.040000 320 128
1.080000 320 128
1.120000 320 128
1.160000 320 128
1.200000 320 128
1.240000 320 128
1.280000 320 128
1.320000 320 128
1.360000 320 128
1.400000 320 128
1.440000 320 128
1.480000 320 128
1.520000 320 128
1.560000 320 128
1.600000 320 128
1.640000 320 128
1.680000 320 128
1.720000 320 128
1.760000 320 128
1.800000 320 128
1.840000 320 128
1.880000 320 128
1.920000 320 128
1.960000 320 128
2.000000 320 128
2.040000 320 128
2.080000 320 128
2.120000 320 128
2.160000 320 123
2.200000 314 122
2.240000 309 121
2.280000 303 120
2.320000 297 122
2.360000 292 122
2.400000 288 123
2.440000 284 127
2.480000 279 128
2.520000 277 127
2.560000 272 126
2.600000 268 126
2.640000 263 125
2.680000 257 123
2.720000 251 122
2.760000 245 123
2.800000 241 122
2.840000 233 123
2.880000 225 124
2.920000 221 124
2.960000 216 124
3.000000 212 124
3.040000 206 124
3.080000 203 124
3.120000 199 123
3.160000 193 123
3.200000 186 121
3.240000 179 119
3.280000 173 120
3.320000 168 120
3.360000 162 123
3.400000 158 124
3.440000 154 126
3.480000 149 127
3.520000 144 126
3.560000 140 124
3.600000 136 123
3.640000 131 122
3.680000 125 122
3.720000 118 120
3.760000 112 120
3.800000 106 122
3.840000 101 124
3.880000 96 124
3.920000 91 125
3.960000 86 125
4.000000 80 124
4.040000 76 123
4.080000 75 124
4.120000 70 124
4.160000 65 122
4.200000 60 123
4.240000 54 122
4.280000 49 123
4.320000 44 122
4.360000 39 123
4.400000 37 124
4.440000 33 124
4.480000 29 125
4.520000 25 124
4.560000 23 123
4.600000 18 123
4.640000 14 122
4.680000 8 121
4.720000 6 120
4.760000 2 122
4.800000 2 123
4.840000 2 123
4.880000 2 123
4.920000 2 123
4.960000 2 123
5.000000 2 123
5.040000 2 123
5.080000 2 123
5.120000 2 123
5.160000 2 123
5.200000 2 123
5.240000 2 123
5.280000 2 123
5.320000 2 123
5.360000 2 123
5.400000 2 123
5.440000 2 123
5.480000 2 123
5.520000 2 123
5.560000 2 123
5.600000 2 123
