0.000000 304 99
0.040000 304 99
0.080000 304 99
0.120000 304 99
0.160000 304 99
0.200000 304 99
0.240000 304 99
0.280000 304 99
0.320000 304 99
0.360000 304 99
0.400000 304 99
0.440000 304 99
0.480000 304 99
0.520000 304 99
0.560000 304 99
0.600000 304 99
0.640000 304 99
0.680000 304 99
0.720000 304 99
0.760000 304 99
0.800000 304 99
0.840000 304 99
0.880000 304 99
0.920000 304 99
0.960000 304 99
1.000000 304 99
1.040000 304 99
1.080000 304 99
1.120000 304 99
1.160000 304 99
1.200000 304 99
1.240000 304 99
1.280000 304 99
1.320000 304 99
1.360000 304 99
1.400000 304 99
1.440000 304 99
1.480000 304 99
1.520000 304 99
1.560000 304 99
1.600000 304 99
1.640000 304 99
1.680000 304 99
1.720000 304 99
1.760000 304 99
1.800000 304 99
1.840000 304 99
1.880000 304 99
1.920000 304 99
1.960000 304 99
2.000000 304 99
2.040000 304 99
2.080000 304 99
2.120000 304 99
2.160000 299 97
2.200000 295 95
2.240000 290 94
2.280000 285 93
2.320000 282 94
2.360000 278 94
2.400000 275 95
2.440000 273 95
2.480000 273 95
2.520000 273 97
2.560000 272 96
2.600000 270 95
2.640000 267 96
2.680000 265 93
2.720000 259 93
2.760000 253 93
2.800000 246 92
2.840000 234 92
2.880000 225 92
2.920000 218 93
2.960000 205 96
3.000000 197 98
3.040000 190 98
3.080000 184 97
3.120000 180 96
3.160000 175 93
3.200000 169 93
3.240000 163 92
3.280000 158 92
3.320000 153 92
3.360000 150 93
3.400000 148 92
3.440000 151 93
3.480000 149 93
3.520000 148 93
3.560000 147 92
3.600000 143 92
3.640000 140 92
3.680000 136 92
3.720000 130 92
3.760000 121 91
3.800000 110 91
3.840000 100 92
3.880000 91 93
3.920000 82 95
3.960000 75 98
4.000000 69 98
4.040000 64 97
4.080000 61 97
4.120000 56 93
4.160000 51 93
4.200000 46 93
4.240000 42 94
4.280000 38 94
4.320000 34 93
4.360000 34 92
4.400000 35 94
4.440000 34 96
4.480000 34 95
4.520000 33 93
4.560000 32 93
4.600000 29 93
4.640000 26 93
4.680000 22 93
4.720000 15 93
4.760000 7 93
4.800000 2 93
4.840000 2 93
4.880000 2 93
4.920000 2 93
4.960000 2 93
5.000000 2 93
5.040000 2 93
5.080000 2 93
5.120000 2 93
5.160000 2 93
5.200000 2 93
5.240000 2 93
5.280000 2 93
5.320000 2 93
5.360000 2 93
5.400000 2 93
5.440000 2 93
5.480000 2 93
5.520000 2 93
5.560000 2 93
5.600000 2 93
