3.240000 166 54
3.280000 165 54
3.320000 165 54
3.360000 163 54
3.400000 158 54
3.440000 149 56
3.480000 140 59
3.520000 132 60
3.560000 133 59
3.600000 144 56
3.640000 148 54
3.680000 137 56
3.720000 142 55
3.760000 137 54
3.800000 128 53
3.840000 115 53
3.880000 104 54
3.920000 87 57
3.960000 73 59
4.000000 65 60
4.040000 64 60
4.080000 67 58
4.120000 73 56
4.160000 77 55
4.200000 75 55
4.240000 73 55
4.280000 67 54
4.320000 63 55
4.360000 59 55
4.400000 49 57
4.440000 49 58
4.480000 45 59
4.520000 50 56
4.560000 53 56
4.600000 55 55
4.640000 54 54
4.680000 48 55
4.720000 40 55
4.760000 27 56
4.800000 14 57
4.840000 9 58
4.880000 3 59
4.920000 5 62
4.960000 3 63
5.000000 6 61
5.040000 9 60
