3.240000 201 56
3.280000 192 57
3.320000 182 57
3.360000 170 57
3.400000 163 56
3.440000 159 55
3.480000 159 54
3.520000 153 54
3.560000 148 54
3.600000 138 54
3.640000 134 54
3.680000 125 55
3.720000 116 55
3.760000 112 55
3.800000 112 55
3.840000 113 55
3.880000 114 55
3.920000 116 55
3.960000 114 55
4.000000 114 54
4.040000 110 54
4.080000 104 54
4.120000 97 54
4.160000 84 55
4.200000 76 56
4.240000 72 56
4.280000 65 57
4.320000 58 57
4.360000 55 57
4.400000 53 57
4.440000 46 58
4.480000 42 58
4.520000 36 59
4.560000 30 59
4.600000 24 58
4.640000 20 58
4.680000 19 58
4.720000 19 58
4.760000 20 58
4.800000 24 58
4.840000 22 58
4.880000 21 57
4.920000 20 57
4.960000 19 56
5.000000 19 56
5.040000 20 56
